268
2328 6056 81143838 0 1280 530 68
2294 6059 81143848 1 1290 530 66
2294 6059 81143858 1 1300 530 75
2287 6032 81143868 1 1310 520 88
2280 5977 81143878 1 1310 520 103
2266 5865 81143888 1 1340 520 131
2249 5716 81143898 1 1340 520 177
2230 5528 81143908 1 1340 520 196
2211 5271 81143918 1 1350 520 223
2193 4968 81143928 1 1360 520 239
2176 4656 81143938 1 1350 530 244
2176 4365 81143948 1 1350 530 244
2188 4086 81143958 1 1350 530 247
2200 3808 81143968 1 1340 540 246
2211 3601 81143978 1 1340 540 251
2221 3461 81143988 1 1330 540 251
2232 3365 81143998 1 1310 550 246
2240 3323 81144008 1 1300 550 254
2245 3337 81144018 1 1290 560 244
2258 3388 81144028 1 1270 560 221
2272 3526 81144038 1 1260 570 216
2288 3738 81144048 1 1260 570 218
2307 4000 81144058 1 1240 570 216
2328 4297 81144068 1 1230 580 211
2351 4597 81144078 1 1230 580 207
2374 4898 81144088 1 1230 580 208
2402 5159 81144098 1 1220 570 215
2440 5387 81144108 1 1220 570 217
2506 5594 81144118 1 1230 560 206
2588 5750 81144128 1 1230 560 216
2710 5878 81144138 1 1230 560 228
2832 5988 81144148 1 1250 560 235
2975 6062 81144158 1 1260 560 240
3133 6101 81144168 1 1270 550 251
3277 6116 81144178 1 1290 550 247
3389 6088 81144188 1 1300 540 270
3479 6003 81144198 1 1310 540 282
3546 5881 81144209 1 1330 530 294
3571 5709 81144219 1 1340 520 304
3571 5533 81144229 1 1340 520 304
3520 5328 81144239 1 1350 520 302
3442 5105 81144249 1 1350 520 302
3344 4916 81144259 1 1350 520 294
3218 4768 81144269 1 1350 520 274
3076 4648 81144279 1 1350 520 275
2924 4581 81144289 1 1350 520 272
2786 4559 81144299 1 1340 520 272
2650 4566 81144309 1 1340 520 274
2549 4610 81144319 1 1340 520 280
2469 4661 81144329 1 1330 530 282
2424 4717 81144339 1 1310 540 284
2405 4747 81144349 1 1310 540 282
2405 4763 81144359 1 1300 540 280
2415 4770 81144369 1 1290 550 279
2449 4770 81144379 1 1290 550 282
2497 4755 81144389 1 1290 550 285
2568 4721 81144399 1 1270 550 276
2645 4661 81144409 1 1270 550 292
2728 4572 81144419 1 1260 540 310
2808 4465 81144429 1 1260 540 340
2886 4325 81144439 1 1260 540 348
2970 4185 81144449 1 1260 540 369
3054 4047 81144459 1 1260 540 366
3149 3918 81144469 1 1260 540 374
3250 3793 81144479 1 1280 540 376
3347 3680 81144489 1 1280 540 386
3447 3593 81144499 1 1280 540 387
3552 3523 81144509 1 1280 540 389
3660 3457 81144519 1 1260 540 387
3770 3401 81144529 1 1260 540 389
3861 3353 81144539 1 1260 540 386
3940 3311 81144549 1 1260 540 384
4012 3289 81144559 1 1260 540 372
4083 3281 81144569 1 1250 540 356
4154 3301 81144579 1 1250 540 335
4227 3355 81144589 1 1250 540 324
4303 3432 81144599 1 1250 540 320
4384 3523 81144609 1 1250 540 322
4464 3613 81144619 1 1240 530 320
4536 3703 81144629 1 1240 530 320
4603 3795 81144639 1 1240 530 320
4657 3882 81144649 1 1240 530 322
4694 3957 81144659 1 1240 530 324
4719 4025 81144669 1 1250 530 325
4731 4089 81144679 1 1250 530 325
4731 4146 81144689 1 1250 530 330
4731 4194 81144699 1 1250 530 344
4720 4232 81144709 1 1270 530 341
4700 4251 81144719 1 1280 530 358
4675 4258 81144729 1 1280 530 364
4651 4247 81144739 1 1280 530 364
4624 4230 81144749 1 1280 530 361
4595 4186 81144759 1 1280 530 367
4563 4125 81144769 1 1280 530 369
4532 4052 81144779 1 1280 530 377
4503 3958 81144789 1 1280 530 381
4475 3851 81144799 1 1280 530 391
4449 3712 81144809 1 1280 530 391
4444 3587 81144819 1 1280 530 402
4444 3471 81144829 1 1280 530 405
4465 3360 81144839 1 1270 530 407
4497 3268 81144849 1 1270 530 409
4545 3189 81144859 1 1270 530 420
4608 3148 81144869 1 1250 540 423
4682 3140 81144879 1 1250 540 417
4773 3155 81144889 1 1250 540 422
4856 3205 81144899 1 1240 540 433
4933 3287 81144909 1 1240 540 438
5007 3391 81144919 1 1240 540 441
5073 3504 81144929 1 1240 540 440
5133 3638 81144939 1 1230 550 438
5179 3786 81144949 1 1230 550 438
5199 3937 81144959 1 1230 550 438
5199 4051 81144969 1 1240 550 435
5179 4140 81144979 1 1240 550 440
5152 4180 81144989 1 1250 550 439
5122 4197 81144999 1 1250 550 449
5110 4197 81145009 1 1250 550 443
5110 4197 81145019 1 1250 550 443
5110 4191 81145029 1 1260 540 448
5126 4158 81145039 1 1260 540 448
5142 4108 81145049 1 1280 540 439
5174 4048 81145059 1 1280 540 443
5214 3969 81145069 1 1280 540 453
5262 3877 81145079 1 1290 530 463
5311 3760 81145089 1 1290 530 468
5366 3656 81145099 1 1290 530 470
5429 3561 81145109 1 1290 530 473
5500 3484 81145119 1 1290 530 477
5576 3425 81145129 1 1290 530 480
5655 3377 81145139 1 1290 530 478
5736 3353 81145149 1 1290 530 480
5820 3339 81145159 1 1280 540 478
5891 3333 81145169 1 1280 540 475
5952 3333 81145179 1 1290 550 467
6021 3333 81145189 1 1290 550 465
6094 3340 81145199 1 1270 550 447
6175 3372 81145209 1 1270 550 441
6273 3437 81145219 1 1270 550 422
6380 3523 81145229 1 1260 560 417
6493 3652 81145239 1 1260 560 407
6606 3828 81145249 1 1260 560 402
6720 4035 81145259 1 1260 560 400
6838 4247 81145269 1 1270 560 397
6936 4471 81145279 1 1270 560 394
7020 4703 81145289 1 1270 560 393
7105 4963 81145299 1 1280 570 384
7181 5221 81145309 1 1280 570 374
7251 5485 81145319 1 1280 570 372
7312 5753 81145329 1 1280 570 371
7348 6013 81145339 1 1280 570 374
7368 6230 81145349 1 1300 560 374
7374 6418 81145359 1 1310 560 377
7356 6527 81145369 1 1310 560 372
7321 6576 81145379 1 1320 550 368
7269 6586 81145389 1 1340 550 348
7211 6572 81145399 1 1350 550 343
7150 6526 81145409 1 1360 550 344
7093 6460 81145419 1 1360 550 339
7039 6357 81145429 1 1370 540 344
6988 6217 81145439 1 1370 540 348
6941 6053 81145449 1 1370 540 349
6898 5803 81145459 1 1390 540 356
6857 5538 81145469 1 1390 540 359
6819 5262 81145479 1 1390 540 364
6787 4982 81145489 1 1370 540 369
6764 4729 81145499 1 1370 540 367
6759 4494 81145509 1 1370 540 384
6764 4281 81145519 1 1360 550 388
6790 4080 81145529 1 1350 550 404
6840 3888 81145539 1 1340 550 418
6907 3708 81145549 1 1320 550 422
6993 3576 81145559 1 1310 560 417
7094 3476 81145569 1 1300 560 418
7206 3405 81145579 1 1300 560 420
7339 3376 81145589 1 1280 570 427
7468 3376 81145599 1 1260 570 428
7594 3426 81145609 1 1240 570 433
7730 3517 81145619 1 1240 570 440
7869 3634 81145629 1 1240 570 438
7991 3786 81145639 1 1240 570 440
8099 3930 81145649 1 1240 570 441
8199 4069 81145659 1 1240 570 440
8277 4162 81145669 1 1260 580 440
8341 4227 81145679 1 1260 580 438
8377 4274 81145689 1 1260 580 440
8397 4300 81145699 1 1270 590 440
8406 4323 81145709 1 1270 590 441
8406 4342 81145719 1 1280 580 443
8399 4361 81145729 1 1280 580 444
8386 4380 81145739 1 1280 580 448
8374 4395 81145749 1 1310 580 439
8365 4405 81145759 1 1310 580 443
8360 4405 81145769 1 1310 580 443
8360 4405 81145779 1 1320 580 443
8360 4405 81145789 1 1320 580 445
8360 4380 81145799 1 1320 580 452
8349 4339 81145809 1 1340 570 455
8344 4264 81145819 1 1340 570 458
8344 4184 81145829 1 1340 570 461
8352 4092 81145839 1 1340 570 474
8371 3991 81145849 1 1340 570 478
8402 3867 81145859 1 1340 570 490
8442 3730 81145869 1 1340 570 496
8490 3621 81145879 1 1340 570 488
8547 3536 81145889 1 1320 580 489
8615 3466 81145899 1 1320 580 494
8690 3433 81145909 1 1320 580 502
8772 3440 81145919 1 1310 580 515
8859 3473 81145929 1 1310 580 522
8953 3555 81145939 1 1310 580 522
9051 3673 81145949 1 1310 580 522
9138 3816 81145959 1 1310 580 522
9214 3966 81145969 1 1290 590 512
9282 4094 81145979 1 1290 590 522
9336 4208 81145989 1 1290 590 512
9371 4289 81145999 1 1290 590 513
9394 4314 81146009 1 1290 590 512
9386 4303 81146019 1 1290 590 522
9374 4303 81146029 1 1290 590 522
9358 4278 81146039 1 1310 600 513
9337 4240 81146049 1 1320 590 516
9318 4163 81146059 1 1320 590 519
9318 4067 81146069 1 1320 590 526
9335 3958 81146079 1 1340 580 527
9372 3843 81146089 1 1340 580 529
9424 3725 81146099 1 1340 580 532
9487 3638 81146109 1 1340 580 532
9552 3572 81146119 1 1350 580 533
9630 3523 81146129 1 1340 580 530
9716 3505 81146139 1 1340 580 532
9820 3505 81146149 1 1340 580 532
9939 3550 81146159 1 1340 580 538
10067 3616 81146169 1 1340 580 538
10186 3697 81146179 1 1320 590 537
10299 3791 81146189 1 1320 590 540
10408 3879 81146199 1 1320 590 540
10490 3915 81146209 1 1320 590 538
10533 3915 81146219 1 1320 590 540
10550 3886 81146229 1 1320 590 540
10571 3837 81146239 1 1320 590 540
10598 3777 81146249 1 1310 600 537
10636 3728 81146259 1 1310 600 516
10678 3701 81146269 1 1320 600 493
10723 3690 81146279 1 1320 600 431
10767 3703 81146289 1 1320 600 373
10801 3751 81146299 1 1310 610 307
10829 3822 81146309 1 1310 610 253
10829 3907 81146319 1 1310 610 141
9534 4876 81146492 0 1360 570 17
9541 4919 81146502 1 1360 560 50
9560 4919 81146512 1 1360 560 103
9578 4914 81146522 1 1380 570 134
9603 4905 81146532 1 1380 570 176
9634 4894 81146542 1 1380 570 209
9670 4877 81146552 1 1380 570 232
9709 4855 81146562 1 1380 570 239
9749 4826 81146572 1 1380 570 237
9789 4789 81146582 1 1380 570 230
9823 4755 81146592 1 1360 570 163
8553 5246 81146762 0 1320 550 210
8553 5246 81146772 1 1330 540 314
8473 5229 81146782 1 1330 540 296
8465 5237 81146782 1 1330 540 282
8497 5224 81146792 1 1340 540 274
8540 5196 81146802 1 1340 540 287
8577 5168 81146812 1 1330 530 262
8610 5140 81146822 1 1340 520 170
