541
3365 6748 2562324 0 1230 490 41
3365 6748 2562334 1 1230 490 86
3365 6748 2562344 1 1230 490 141
3365 6748 2562354 1 1230 490 173
3365 6748 2562364 1 1230 490 193
3365 6748 2562374 1 1220 500 217
3365 6748 2562384 1 1220 500 211
3365 6748 2562394 1 1220 500 214
3365 6748 2562404 1 1220 500 214
3365 6748 2562414 1 1220 500 223
3365 6748 2562424 1 1220 500 228
3365 6748 2562434 1 1220 500 233
3365 6748 2562444 1 1220 500 240
3365 6748 2562454 1 1220 500 247
3431 6833 2562464 1 1220 500 251
3473 6846 2562474 1 1220 500 254
3518 6856 2562484 1 1220 500 242
3566 6861 2562494 1 1230 490 241
3615 6861 2562504 1 1230 490 256
3663 6849 2562514 1 1230 490 254
3711 6834 2562524 1 1230 490 241
3753 6818 2562534 1 1240 490 242
3792 6799 2562544 1 1240 490 242
3821 6778 2562554 1 1240 490 241
3843 6753 2562564 1 1240 490 242
3859 6724 2562574 1 1240 490 245
3866 6692 2562584 1 1240 490 250
3866 6654 2562594 1 1240 490 250
3854 6614 2562604 1 1240 490 270
3837 6572 2562614 1 1240 490 275
3813 6526 2562624 1 1240 490 274
3783 6478 2562634 1 1240 490 279
3744 6426 2562644 1 1240 490 284
3693 6368 2562654 1 1240 490 282
3633 6303 2562664 1 1240 490 284
3565 6234 2562674 1 1240 490 284
3499 6165 2562684 1 1240 490 274
3437 6108 2562694 1 1240 490 301
3395 6058 2562704 1 1240 490 316
3365 6033 2562714 1 1240 490 304
3353 6020 2562724 1 1250 480 309
3343 6014 2562734 1 1250 480 329
3337 6014 2562744 1 1250 480 336
3337 6014 2562754 1 1250 480 339
3337 6014 2562764 1 1250 480 339
3337 6014 2562774 1 1260 480 346
3348 6014 2562784 1 1260 480 346
3367 6024 2562794 1 1260 480 348
3392 6040 2562804 1 1260 480 349
3431 6059 2562814 1 1270 490 344
3479 6080 2562824 1 1270 490 346
3534 6102 2562834 1 1270 490 344
3590 6119 2562844 1 1270 490 344
3647 6124 2562854 1 1270 490 346
3699 6124 2562864 1 1270 490 346
3749 6108 2562874 1 1270 490 348
3789 6090 2562884 1 1270 490 349
3822 6063 2562894 1 1270 490 348
3849 6028 2562904 1 1280 480 348
3871 5985 2562914 1 1280 480 349
3886 5935 2562924 1 1280 480 351
3896 5875 2562934 1 1270 490 353
3896 5812 2562944 1 1270 490 353
3896 5750 2562954 1 1270 490 356
3884 5690 2562964 1 1260 490 361
3867 5627 2562974 1 1260 490 363
3842 5565 2562984 1 1250 500 362
3811 5498 2562994 1 1250 500 372
3774 5429 2563004 1 1250 500 384
3729 5357 2563014 1 1240 500 396
3679 5292 2563024 1 1230 490 392
3631 5232 2563034 1 1220 500 405
3582 5184 2563044 1 1220 500 412
3533 5146 2563054 1 1200 500 422
3488 5114 2563064 1 1200 500 420
3447 5092 2563074 1 1190 500 431
3412 5083 2563084 1 1190 500 444
3384 5083 2563094 1 1180 490 443
3363 5089 2563104 1 1180 490 448
3348 5101 2563114 1 1180 490 448
3335 5118 2563124 1 1180 490 447
3330 5138 2563134 1 1180 490 442
3330 5163 2563144 1 1180 490 448
3338 5191 2563154 1 1180 490 444
3354 5226 2563164 1 1180 490 438
3378 5264 2563174 1 1180 490 433
3409 5305 2563184 1 1180 490 428
3448 5347 2563194 1 1180 490 427
3492 5389 2563204 1 1180 490 425
3544 5430 2563214 1 1180 490 420
3603 5471 2563224 1 1180 490 418
3666 5504 2563234 1 1180 490 414
3733 5534 2563244 1 1180 490 420
3789 5557 2563254 1 1170 500 422
3839 5578 2563264 1 1170 500 422
3892 5595 2563274 1 1170 500 420
3945 5604 2563284 1 1170 500 420
3998 5604 2563294 1 1170 500 420
4047 5604 2563304 1 1180 490 418
4093 5593 2563314 1 1180 490 420
4140 5577 2563324 1 1180 490 417
4182 5554 2563334 1 1180 490 417
4221 5524 2563344 1 1180 490 417
4253 5487 2563354 1 1180 490 418
4278 5441 2563364 1 1180 490 418
4298 5387 2563374 1 1180 490 420
4318 5326 2563384 1 1180 490 418
4335 5261 2563394 1 1180 490 422
4349 5194 2563404 1 1180 490 420
4359 5121 2563414 1 1180 490 420
4365 5044 2563424 1 1180 490 422
4365 4960 2563434 1 1190 490 423
4365 4874 2563444 1 1190 490 422
4365 4779 2563454 1 1180 490 415
4358 4678 2563464 1 1180 490 415
4342 4588 2563474 1 1180 490 422
4323 4499 2563484 1 1180 490 427
4303 4393 2563494 1 1180 490 425
4266 4277 2563504 1 1180 490 427
4223 4163 2563514 1 1170 500 428
4176 4049 2563524 1 1170 500 428
4114 3936 2563534 1 1170 500 433
4047 3825 2563544 1 1170 500 441
3976 3724 2563554 1 1160 500 440
3908 3631 2563564 1 1160 500 450
3838 3553 2563574 1 1160 500 455
3758 3475 2563584 1 1150 500 460
3673 3401 2563594 1 1150 500 473
3584 3331 2563604 1 1150 500 467
3499 3264 2563614 1 1130 510 473
3423 3207 2563624 1 1130 510 477
3352 3158 2563634 1 1130 510 485
3286 3121 2563644 1 1120 510 483
3221 3096 2563654 1 1120 510 496
3159 3078 2563664 1 1120 510 499
3096 3060 2563674 1 1120 510 509
3038 3048 2563684 1 1110 510 512
2987 3039 2563694 1 1110 510 522
2945 3033 2563704 1 1110 510 527
2915 3033 2563714 1 1110 510 527
2894 3038 2563724 1 1110 510 512
2881 3047 2563734 1 1120 520 497
2872 3075 2563744 1 1120 520 498
2872 3117 2563754 1 1120 520 485
2880 3174 2563764 1 1120 520 461
2904 3250 2563774 1 1120 520 405
2936 3339 2563784 1 1120 520 342
2986 3433 2563794 1 1120 520 270
3042 3526 2563804 1 1120 520 173
3955 5864 2564757 0 1270 460 25
3950 5864 2564767 1 1270 460 63
3950 5864 2564777 1 1270 460 61
3950 5864 2564787 1 1270 460 66
3950 5864 2564797 1 1270 460 63
3950 5864 2564807 1 1290 460 70
3950 5864 2564817 1 1290 460 75
3950 5864 2564827 1 1290 460 76
3950 5864 2564837 1 1290 460 76
3950 5864 2564847 1 1290 460 81
3950 5864 2564857 1 1290 460 85
3950 5864 2564867 1 1290 460 88
3950 5858 2564877 1 1290 460 89
3957 5858 2564887 1 1290 460 98
3963 5853 2564897 1 1290 460 91
3969 5853 2564907 1 1290 460 103
3978 5845 2564917 1 1290 460 122
3988 5840 2564927 1 1290 460 142
4001 5835 2564937 1 1270 460 139
4015 5826 2564947 1 1270 460 155
4032 5816 2564957 1 1270 460 165
4049 5805 2564967 1 1260 470 175
4067 5793 2564977 1 1260 470 179
4086 5782 2564987 1 1250 460 187
4108 5770 2564997 1 1240 470 170
4133 5761 2565007 1 1240 470 173
4162 5753 2565017 1 1240 470 173
4197 5748 2565027 1 1230 470 176
4235 5748 2565037 1 1230 470 176
4274 5748 2565047 1 1220 470 178
4315 5748 2565057 1 1210 470 180
4357 5760 2565067 1 1200 470 181
4402 5771 2565077 1 1200 470 181
4450 5787 2565087 1 1200 470 180
4500 5803 2565097 1 1200 470 183
4552 5823 2565107 1 1200 470 181
4603 5846 2565117 1 1200 470 176
4653 5859 2565127 1 1200 470 186
4702 5872 2565137 1 1200 470 180
4748 5885 2565147 1 1220 470 172
4786 5899 2565157 1 1220 470 170
4817 5907 2565168 1 1230 470 163
4817 5907 2565178 1 1240 480 153
4817 5907 2565188 1 1240 480 143
4817 5907 2565198 1 1250 470 134
4817 5907 2565208 1 1260 480 149
4817 5907 2565218 1 1270 480 142
4895 5897 2565228 1 1270 480 137
4895 5897 2565238 1 1270 480 137
4895 5891 2565248 1 1300 480 136
4895 5883 2565258 1 1300 480 136
4895 5875 2565268 1 1300 480 137
4887 5865 2565278 1 1300 480 142
4879 5854 2565288 1 1310 470 132
4867 5841 2565298 1 1310 470 148
4855 5827 2565308 1 1300 480 149
4840 5813 2565318 1 1300 480 148
4822 5789 2565328 1 1300 480 148
4800 5762 2565338 1 1280 480 144
4765 5725 2565348 1 1280 480 136
4720 5681 2565358 1 1280 480 132
4671 5633 2565368 1 1270 490 134
4625 5582 2565378 1 1270 490 134
4584 5531 2565388 1 1260 490 134
4544 5481 2565398 1 1250 480 132
4506 5423 2565408 1 1250 480 134
4470 5362 2565418 1 1240 490 132
4431 5292 2565428 1 1230 480 134
4391 5221 2565438 1 1220 480 139
4353 5151 2565448 1 1220 480 151
4318 5092 2565458 1 1210 490 161
4289 5039 2565468 1 1210 490 172
4263 4993 2565478 1 1200 480 180
4241 4947 2565488 1 1200 480 187
4223 4901 2565498 1 1200 480 181
4207 4862 2565508 1 1200 480 196
4196 4826 2565518 1 1200 480 203
4188 4799 2565528 1 1210 480 212
4182 4776 2565538 1 1210 480 217
4182 4755 2565548 1 1200 480 220
4182 4744 2565558 1 1200 480 215
4188 4736 2565568 1 1200 480 217
4198 4731 2565578 1 1200 480 213
4210 4731 2565588 1 1200 480 218
4227 4731 2565598 1 1200 480 212
4249 4738 2565608 1 1200 480 215
4278 4753 2565618 1 1200 480 217
4310 4775 2565628 1 1190 470 220
4346 4801 2565638 1 1190 470 222
4387 4830 2565648 1 1190 470 222
4430 4858 2565658 1 1190 470 222
4475 4882 2565668 1 1190 470 220
4518 4905 2565678 1 1190 470 222
4559 4925 2565688 1 1190 470 218
4599 4941 2565698 1 1190 470 218
4638 4953 2565708 1 1190 470 218
4675 4961 2565718 1 1190 470 220
4709 4961 2565728 1 1200 480 218
4743 4967 2565738 1 1200 480 220
4775 4967 2565748 1 1200 480 222
4800 4957 2565758 1 1210 480 222
4821 4947 2565768 1 1220 480 206
4835 4929 2565778 1 1220 480 209
4845 4905 2565788 1 1220 480 211
4853 4874 2565798 1 1220 480 214
4860 4838 2565808 1 1220 480 216
4860 4797 2565818 1 1230 490 223
4860 4754 2565828 1 1230 490 223
4860 4715 2565838 1 1230 490 230
4860 4680 2565848 1 1230 490 235
4853 4644 2565858 1 1220 500 240
4844 4608 2565868 1 1220 500 246
4832 4571 2565878 1 1220 500 251
4818 4532 2565888 1 1200 500 249
4806 4499 2565898 1 1200 500 264
4795 4472 2565908 1 1200 500 272
4786 4445 2565918 1 1200 500 284
4786 4427 2565928 1 1190 500 284
4786 4416 2565938 1 1190 500 284
4786 4407 2565948 1 1190 500 284
4786 4407 2565958 1 1190 500 280
4792 4407 2565968 1 1180 510 279
4801 4407 2565978 1 1180 510 287
4814 4407 2565988 1 1180 510 287
4831 4407 2565998 1 1180 510 274
4851 4419 2566008 1 1180 510 274
4874 4433 2566018 1 1180 510 276
4899 4451 2566028 1 1180 510 279
4924 4468 2566038 1 1180 510 277
4951 4486 2566048 1 1180 510 279
4978 4504 2566058 1 1180 510 282
5007 4527 2566068 1 1180 510 284
5037 4553 2566078 1 1180 510 282
5067 4584 2566088 1 1180 510 286
5097 4615 2566098 1 1180 510 287
5123 4646 2566108 1 1180 510 291
5146 4682 2566118 1 1180 510 292
5165 4721 2566128 1 1180 510 292
5182 4761 2566138 1 1180 510 302
5197 4810 2566148 1 1180 510 309
5206 4864 2566158 1 1180 510 312
5212 4921 2566168 1 1180 510 312
5212 4978 2566178 1 1190 500 316
5212 5036 2566188 1 1190 500 316
5204 5096 2566198 1 1190 500 317
5195 5157 2566208 1 1190 500 317
5182 5220 2566218 1 1200 500 316
5164 5282 2566228 1 1200 500 317
5142 5344 2566238 1 1200 500 316
5120 5407 2566248 1 1200 500 317
5093 5470 2566258 1 1200 500 317
5062 5530 2566268 1 1200 500 316
5033 5587 2566278 1 1200 500 317
5001 5641 2566288 1 1200 500 316
4968 5693 2566298 1 1200 500 317
4936 5743 2566308 1 1200 500 317
4903 5791 2566318 1 1210 510 316
4868 5837 2566328 1 1210 510 316
4832 5881 2566338 1 1220 500 312
4797 5919 2566348 1 1220 500 309
4755 5952 2566358 1 1220 500 306
4709 5980 2566368 1 1230 490 307
4667 6004 2566378 1 1230 490 304
4624 6024 2566388 1 1240 490 302
4582 6042 2566398 1 1240 490 296
4543 6057 2566408 1 1250 480 294
4507 6066 2566418 1 1250 480 292
4474 6066 2566428 1 1260 480 294
4443 6066 2566438 1 1250 470 294
4415 6066 2566448 1 1250 470 292
4393 6066 2566458 1 1260 470 292
4373 6052 2566468 1 1260 470 287
4353 6037 2566478 1 1260 470 279
4335 6017 2566488 1 1270 460 284
4316 5991 2566498 1 1270 460 282
4298 5960 2566508 1 1260 460 282
4280 5926 2566518 1 1260 460 280
4272 5892 2566528 1 1260 460 280
4266 5857 2566538 1 1260 460 280
4266 5821 2566548 1 1250 460 282
4266 5785 2566558 1 1250 460 280
4274 5746 2566568 1 1250 460 280
4280 5701 2566578 1 1240 470 284
4287 5647 2566588 1 1240 470 282
4293 5587 2566598 1 1230 470 282
4298 5518 2566608 1 1230 470 282
4305 5442 2566618 1 1230 470 285
4310 5356 2566628 1 1220 470 284
4310 5268 2566638 1 1220 470 274
4321 5178 2566648 1 1210 480 279
4329 5088 2566658 1 1210 480 284
4339 4993 2566668 1 1200 480 286
4351 4893 2566678 1 1190 470 291
4366 4793 2566688 1 1190 470 291
4387 4701 2566698 1 1180 480 292
4411 4614 2566708 1 1180 480 292
4435 4523 2566718 1 1170 480 294
4460 4432 2566728 1 1170 480 297
4485 4342 2566738 1 1170 480 296
4510 4266 2566748 1 1170 480 299
4537 4199 2566758 1 1170 490 304
4564 4138 2566768 1 1170 490 306
4593 4083 2566778 1 1160 490 309
4625 4033 2566788 1 1160 490 314
4661 3985 2566798 1 1160 490 316
4698 3946 2566808 1 1160 490 317
4736 3914 2566818 1 1160 490 304
4772 3894 2566828 1 1150 490 317
4807 3880 2566838 1 1150 490 317
4842 3870 2566848 1 1160 500 305
4876 3870 2566858 1 1160 500 317
4909 3879 2566868 1 1160 500 317
4942 3895 2566878 1 1160 500 305
4975 3918 2566888 1 1160 500 305
5009 3945 2566898 1 1160 500 305
5044 3975 2566908 1 1160 500 307
5078 4017 2566918 1 1170 500 309
5113 4064 2566928 1 1170 500 309
5151 4115 2566938 1 1180 510 309
5187 4173 2566948 1 1170 510 312
5224 4239 2566958 1 1170 510 314
5253 4310 2566968 1 1170 510 312
5277 4380 2566978 1 1170 510 310
5293 4450 2566988 1 1170 510 310
5302 4517 2566998 1 1170 510 310
5302 4579 2567008 1 1170 510 309
5302 4634 2567018 1 1170 510 309
5289 4683 2567028 1 1170 510 309
5273 4719 2567038 1 1170 510 312
5249 4747 2567048 1 1170 510 310
5220 4770 2567058 1 1170 510 309
5187 4789 2567068 1 1170 510 307
5150 4799 2567078 1 1170 510 305
5111 4799 2567088 1 1170 510 317
5070 4799 2567098 1 1180 510 317
5036 4790 2567108 1 1180 510 312
5005 4778 2567118 1 1180 510 312
4979 4762 2567128 1 1180 510 314
4958 4747 2567138 1 1190 500 312
4942 4733 2567148 1 1190 500 314
4929 4719 2567158 1 1190 500 312
4921 4707 2567168 1 1190 500 309
4921 4697 2567178 1 1190 500 307
4921 4690 2567188 1 1190 500 309
4921 4679 2567198 1 1180 490 309
4932 4667 2567208 1 1180 490 309
4948 4652 2567218 1 1180 490 307
4967 4640 2567228 1 1180 490 307
4990 4629 2567238 1 1170 500 311
5017 4619 2567248 1 1170 500 314
5049 4609 2567258 1 1170 500 304
5086 4598 2567268 1 1170 500 309
5130 4588 2567278 1 1170 500 314
5181 4578 2567288 1 1170 500 317
5241 4570 2567298 1 1170 500 322
5306 4564 2567308 1 1170 500 324
5376 4564 2567318 1 1170 500 329
5451 4564 2567328 1 1170 500 332
5536 4564 2567338 1 1170 500 337
5631 4564 2567348 1 1170 500 339
5735 4573 2567358 1 1180 510 333
5841 4583 2567368 1 1180 510 339
5944 4594 2567378 1 1180 510 353
6039 4609 2567388 1 1180 510 368
6141 4628 2567398 1 1180 510 377
6245 4654 2567408 1 1180 510 387
6349 4681 2567418 1 1180 510 396
6441 4709 2567428 1 1180 510 396
6526 4736 2567438 1 1190 510 372
6605 4767 2567448 1 1190 510 276
6671 4800 2567458 1 1190 510 56
6247 5826 2568002 0 1250 470 53
6247 5826 2568012 1 1250 470 61
6247 5826 2568022 1 1240 480 56
6247 5826 2568032 1 1250 480 63
6247 5826 2568042 1 1250 480 63
6247 5826 2568052 1 1250 480 53
6247 5826 2568062 1 1250 480 78
6247 5826 2568072 1 1250 480 109
6247 5826 2568082 1 1250 480 122
6322 5844 2568092 1 1250 480 149
6360 5854 2568102 1 1250 480 155
6407 5868 2568112 1 1250 480 165
6463 5876 2568122 1 1270 490 179
6527 5883 2568132 1 1270 490 183
6600 5888 2568142 1 1270 490 198
6679 5893 2568152 1 1270 490 215
6763 5893 2568162 1 1280 480 223
6847 5893 2568172 1 1280 480 233
6914 5893 2568182 1 1290 490 239
6969 5884 2568192 1 1290 490 247
7021 5872 2568202 1 1310 480 251
7065 5856 2568212 1 1310 480 251
7104 5835 2568222 1 1320 490 254
7131 5812 2568232 1 1320 490 254
7147 5788 2568242 1 1300 500 242
7155 5762 2568252 1 1300 500 245
7147 5731 2568262 1 1300 500 245
7121 5691 2568272 1 1300 510 254
7082 5646 2568282 1 1300 510 251
7028 5596 2568292 1 1290 510 246
6965 5543 2568302 1 1290 510 249
6897 5489 2568312 1 1290 510 251
6816 5430 2568322 1 1280 520 253
6737 5371 2568332 1 1280 520 244
6659 5321 2568342 1 1270 520 249
6596 5276 2568352 1 1270 520 257
6538 5241 2568362 1 1260 510 262
6500 5218 2568372 1 1260 510 274
6473 5204 2568382 1 1260 510 287
6457 5199 2568392 1 1250 510 291
6457 5199 2568402 1 1250 510 282
6457 5199 2568412 1 1250 510 286
6466 5199 2568422 1 1250 510 289
6496 5204 2568432 1 1250 510 302
6539 5211 2568442 1 1240 500 312
6610 5234 2568452 1 1240 500 312
6699 5259 2568462 1 1240 500 317
6801 5286 2568472 1 1240 500 305
6902 5302 2568482 1 1240 500 320
6990 5316 2568492 1 1240 500 330
7068 5326 2568502 1 1240 500 340
7156 5334 2568512 1 1250 510 336
7246 5340 2568522 1 1250 510 344
7338 5340 2568532 1 1250 510 349
7417 5348 2568542 1 1250 510 351
7487 5348 2568552 1 1250 510 351
7542 5335 2568562 1 1260 510 351
7581 5318 2568572 1 1260 510 356
7610 5293 2568582 1 1260 510 358
7624 5263 2568592 1 1260 510 358
7616 5220 2568602 1 1270 520 359
7594 5169 2568612 1 1270 520 361
7550 5104 2568622 1 1270 520 363
7490 5035 2568632 1 1270 520 364
7419 4957 2568642 1 1270 520 366
7334 4871 2568652 1 1270 520 363
7241 4782 2568662 1 1270 520 364
7143 4702 2568672 1 1270 520 368
7052 4627 2568682 1 1270 520 369
6963 4555 2568692 1 1250 530 369
6875 4487 2568702 1 1250 530 371
6790 4423 2568712 1 1250 530 361
6709 4365 2568722 1 1250 530 367
6645 4312 2568732 1 1250 530 369
6589 4263 2568742 1 1240 520 371
6551 4222 2568752 1 1240 520 371
6519 4196 2568762 1 1240 520 372
6505 4180 2568772 1 1230 520 369
6505 4180 2568782 1 1220 510 369
6505 4180 2568792 1 1220 510 374
6530 4180 2568802 1 1220 510 369
6562 4180 2568812 1 1220 510 374
6614 4197 2568822 1 1210 510 381
6689 4220 2568832 1 1210 510 381
6780 4258 2568842 1 1210 510 379
6891 4302 2568852 1 1210 510 382
7002 4350 2568862 1 1210 510 384
7112 4395 2568872 1 1210 510 386
7256 4440 2568882 1 1210 510 384
7401 4483 2568892 1 1210 510 384
7548 4521 2568902 1 1220 510 384
7692 4556 2568912 1 1220 510 386
7847 4589 2568922 1 1220 510 384
8007 4621 2568932 1 1230 520 386
8160 4647 2568942 1 1230 520 387
8330 4671 2568952 1 1230 520 387
8510 4695 2568962 1 1240 530 387
8676 4716 2568972 1 1230 530 389
8844 4734 2568982 1 1230 530 387
9014 4746 2568992 1 1240 540 389
9166 4752 2569002 1 1240 540 393
9305 4752 2569012 1 1240 540 393
9462 4752 2569022 1 1240 540 394
9599 4740 2569032 1 1240 540 391
9723 4723 2569042 1 1240 540 391
9845 4697 2569052 1 1250 550 393
9954 4662 2569062 1 1250 550 387
10053 4623 2569072 1 1250 550 386
10122 4585 2569082 1 1250 550 384
10170 4548 2569092 1 1250 550 384
10203 4510 2569102 1 1250 550 387
10218 4472 2569112 1 1260 560 391
10213 4434 2569122 1 1260 560 393
10195 4388 2569132 1 1260 560 393
10147 4337 2569142 1 1270 560 386
10061 4279 2569152 1 1270 560 377
9950 4215 2569162 1 1290 560 369
9798 4147 2569172 1 1290 560 361
9627 4064 2569182 1 1290 560 334
9442 3971 2569192 1 1290 560 273
9230 3865 2569202 1 1290 560 141
