208
5192 4769 1363430 0 1360 520 39
5330 4754 1363440 1 1370 520 181
5308 4784 1363450 1 1370 520 181
5366 4840 1363460 1 1360 510 181
5477 4884 1363470 1 1360 510 185
5625 4929 1363480 1 1380 510 190
5774 5001 1363490 1 1380 510 196
5923 5092 1363500 1 1380 510 207
6024 5148 1363510 1 1380 510 207
6094 5187 1363520 1 1400 520 208
6144 5216 1363530 1 1400 520 182
6177 5240 1363540 1 1400 520 47
5864 5875 1363720 0 1440 490 106
5864 5875 1363730 1 1440 490 136
5864 5875 1363740 1 1440 490 63
5864 5875 1363750 1 1440 490 56
5864 5875 1363760 1 1450 500 61
5866 5797 1363770 1 1450 500 76
5881 5749 1363780 1 1450 500 105
5896 5677 1363790 1 1460 500 148
5911 5588 1363800 1 1450 510 196
5928 5435 1363810 1 1450 510 225
5947 5233 1363820 1 1470 510 251
5947 4998 1363830 1 1460 520 249
5953 4729 1363840 1 1460 520 269
5971 4498 1363850 1 1450 530 282
5995 4292 1363860 1 1450 530 287
6014 4093 1363870 1 1430 530 279
6029 3933 1363880 1 1430 530 279
6037 3800 1363890 1 1420 540 281
6045 3706 1363900 1 1420 540 279
6052 3653 1363910 1 1410 550 272
6057 3628 1363920 1 1400 550 211
6057 3609 1363930 1 1400 550 134
5901 5004 1364091 0 1370 540 158
5901 5004 1364101 1 1360 540 156
5901 5004 1364111 1 1370 530 141
5853 4929 1364121 1 1370 530 144
5830 4846 1364131 1 1390 520 172
5801 4738 1364141 1 1390 520 218
5766 4627 1364151 1 1390 520 279
5726 4515 1364161 1 1400 520 302
5677 4371 1364171 1 1400 520 312
5633 4223 1364181 1 1390 520 314
5577 4110 1364191 1 1390 520 304
5511 4022 1364201 1 1390 520 226
5819 4611 1364321 0 1400 530 417
5918 4536 1364331 1 1400 530 415
5935 4521 1364341 1 1410 530 417
6034 4521 1364351 1 1400 540 409
6121 4475 1364361 1 1400 540 369
6199 4432 1364371 1 1410 550 257
6290 4390 1364381 1 1410 550 51
6525 4687 1364972 0 1450 530 129
6525 4687 1364982 1 1450 530 225
6525 4687 1364992 1 1450 530 239
6525 4687 1365002 1 1450 530 253
6525 4687 1365012 1 1450 530 276
6525 4687 1365022 1 1450 530 306
6689 4796 1365032 1 1420 530 317
6821 4873 1365042 1 1420 530 304
6977 4959 1365052 1 1420 530 306
7105 5031 1365062 1 1420 540 275
7208 5079 1365072 1 1420 540 249
7294 5112 1365082 1 1420 540 190
7348 5132 1365092 1 1420 540 99
7000 5973 1365293 0 1480 500 12
7024 5891 1365333 0 1510 490 5
7059 5752 1365343 1 1520 490 55
7082 5630 1365353 1 1520 490 136
7106 5477 1365363 1 1510 500 185
7141 5245 1365373 1 1520 510 212
7176 4978 1365383 1 1520 510 239
7201 4689 1365393 1 1510 510 272
7219 4460 1365403 1 1510 510 297
7219 4225 1365413 1 1500 520 329
7224 4024 1365423 1 1500 520 337
7224 3849 1365433 1 1490 530 305
7245 3673 1365443 1 1480 540 317
7259 3555 1365453 1 1470 550 287
7266 3475 1365463 1 1460 550 279
7266 3421 1365473 1 1450 560 251
7266 3399 1365483 1 1440 570 158
7146 4767 1365643 0 1420 540 148
7146 4767 1365653 1 1440 540 180
7060 4655 1365663 1 1440 540 190
7016 4617 1365673 1 1440 540 215
6983 4516 1365683 1 1450 540 239
6941 4414 1365693 1 1450 540 274
6896 4312 1365703 1 1450 540 287
6849 4232 1365713 1 1440 540 292
6801 4166 1365723 1 1440 540 287
6780 4128 1365733 1 1440 540 171
7033 4636 1365843 0 1410 550 207
7033 4636 1365853 1 1410 550 221
7033 4636 1365863 1 1410 550 214
7033 4636 1365873 1 1410 550 221
7115 4596 1365883 1 1410 550 247
7168 4584 1365893 1 1410 550 294
7241 4572 1365903 1 1430 550 346
7326 4551 1365913 1 1430 550 404
7436 4522 1365923 1 1430 550 442
7558 4484 1365933 1 1430 550 473
7687 4443 1365943 1 1410 560 478
7817 4408 1365953 1 1430 560 464
7947 4377 1365963 1 1430 560 381
8057 4351 1365973 1 1440 570 91
8405 5093 1366775 0 1480 510 277
8513 5002 1366785 1 1480 510 345
8479 4994 1366795 1 1490 520 344
8499 5023 1366805 1 1480 530 358
8554 4986 1366815 1 1480 530 363
8611 4948 1366825 1 1480 530 369
8662 4912 1366835 1 1490 530 364
8709 4880 1366845 1 1490 530 305
8751 4843 1366855 1 1490 530 99
8536 4166 1366995 0 1510 540 312
8542 4049 1367005 1 1510 540 349
8542 4121 1367015 1 1510 540 351
8568 4163 1367025 1 1510 540 346
8626 4184 1367035 1 1510 540 317
8707 4249 1367045 1 1500 550 218
9123 5009 1367686 0 1480 540 142
9123 5009 1367696 1 1480 540 217
9123 5009 1367706 1 1480 540 218
9123 5009 1367716 1 1500 540 240
9144 4883 1367726 1 1500 540 286
9160 4773 1367736 1 1510 540 340
9188 4673 1367746 1 1510 540 358
9220 4575 1367756 1 1510 540 363
9258 4479 1367766 1 1530 550 358
9302 4383 1367776 1 1520 560 309
9346 4313 1367786 1 1520 560 217
9304 4830 1368047 0 1510 510 130
9304 4830 1368057 1 1530 520 196
9304 4830 1368067 1 1530 520 211
9304 4830 1368077 1 1530 520 214
9304 4830 1368087 1 1520 530 219
9361 4917 1368097 1 1530 530 242
9428 4953 1368107 1 1530 530 281
9509 4997 1368117 1 1530 530 322
9620 5045 1368127 1 1520 540 338
9751 5093 1368137 1 1520 540 351
9869 5118 1368147 1 1530 540 351
9967 5127 1368157 1 1530 540 356
10052 5127 1368167 1 1530 550 364
10121 5127 1368177 1 1540 550 372
10180 5127 1368187 1 1540 550 393
10231 5118 1368197 1 1550 550 389
10277 5108 1368207 1 1550 550 392
10313 5094 1368217 1 1550 550 396
10343 5073 1368227 1 1550 550 402
10371 5047 1368237 1 1550 550 409
10392 5013 1368247 1 1550 550 415
10407 4971 1368257 1 1550 550 414
10407 4922 1368267 1 1570 560 436
10400 4865 1368277 1 1560 570 465
10388 4804 1368287 1 1560 570 468
10376 4748 1368297 1 1560 570 480
10360 4698 1368307 1 1550 580 486
10341 4651 1368317 1 1550 580 491
10309 4595 1368327 1 1550 580 496
10263 4538 1368337 1 1550 580 491
10208 4480 1368347 1 1550 580 493
10208 4480 1368357 1 1540 580 490
10059 4365 1368367 1 1540 580 473
9967 4300 1368377 1 1540 580 363
9870 4232 1368387 1 1540 580 12
9427 4036 1369288 0 1490 580 113
9501 4018 1369298 1 1490 580 167
9517 4028 1369308 1 1490 580 188
9557 4044 1369318 1 1490 580 255
9631 4067 1369328 1 1490 580 315
9732 4106 1369338 1 1490 580 361
9850 4157 1369348 1 1490 580 371
9978 4199 1369358 1 1500 580 363
10076 4227 1369368 1 1500 580 339
10155 4245 1369378 1 1500 580 277
10227 4261 1369388 1 1500 580 172
9663 5884 1369789 0 1590 490 39
9663 5884 1369799 1 1590 490 99
9663 5884 1369809 1 1590 500 108
9663 5884 1369819 1 1590 500 136
9663 5884 1369829 1 1580 510 170
9688 5784 1369839 1 1580 510 208
9697 5742 1369849 1 1570 520 244
9706 5695 1369859 1 1550 520 277
9718 5637 1369869 1 1550 520 314
9730 5549 1369879 1 1540 530 351
9744 5443 1369889 1 1540 530 369
9752 5270 1369899 1 1530 540 391
9758 5053 1369909 1 1530 540 423
9763 4807 1369919 1 1530 540 415
9769 4522 1369929 1 1510 540 443
9776 4203 1369939 1 1510 540 467
9776 3862 1369949 1 1510 540 517
9792 3554 1369959 1 1500 550 546
9810 3280 1369969 1 1490 560 562
9832 3028 1369979 1 1500 570 566
9852 2791 1369989 1 1500 570 581
9866 2612 1369999 1 1490 580 584
9877 2473 1370009 1 1490 580 569
9890 2336 1370019 1 1470 590 572
9890 2229 1370029 1 1470 590 572
9880 2142 1370039 1 1460 600 570
9873 2081 1370049 1 1450 600 562
9868 2045 1370059 1 1470 610 458
9863 2025 1370069 1 1460 620 176
