394
4003 7306 9361190 0 1470 490 272
4104 7337 9361200 1 1460 490 310
4039 7392 9361210 1 1470 480 349
4013 7410 9361220 1 1460 480 333
4013 7405 9361230 1 1460 480 334
4003 7382 9361240 1 1460 480 334
3961 7325 9361250 1 1460 480 337
3898 7245 9361260 1 1460 480 335
3813 7137 9361270 1 1460 480 337
3699 6993 9361280 1 1470 480 337
3565 6825 9361290 1 1470 480 342
3432 6670 9361300 1 1470 490 336
3298 6502 9361310 1 1470 490 369
3164 6325 9361320 1 1470 490 400
3051 6195 9361330 1 1470 490 420
2982 6105 9361340 1 1480 500 425
2941 6042 9361350 1 1480 500 425
2923 6002 9361360 1 1480 500 420
2923 5982 9361370 1 1480 500 407
2923 5976 9361380 1 1460 500 391
2941 5976 9361390 1 1450 510 341
2995 6006 9361400 1 1450 510 244
3074 6058 9361410 1 1450 510 63
3869 6637 9361471 0 1450 510 41
4136 6766 9361481 1 1450 510 95
4222 6800 9361491 1 1450 510 156
4287 6820 9361501 1 1450 510 198
4318 6828 9361511 1 1440 500 235
4328 6828 9361521 1 1440 500 304
4328 6828 9361531 1 1430 510 317
4312 6828 9361541 1 1430 510 322
4258 6794 9361551 1 1430 510 322
4175 6741 9361561 1 1430 510 309
4053 6650 9361571 1 1430 510 317
3921 6534 9361581 1 1430 510 317
3781 6401 9361591 1 1430 510 316
3600 6228 9361601 1 1430 510 314
3409 5999 9361611 1 1430 510 340
3210 5732 9361621 1 1430 510 393
3004 5497 9361631 1 1420 520 431
2856 5268 9361641 1 1420 520 440
2747 5044 9361651 1 1420 520 450
2666 4860 9361661 1 1410 520 447
2615 4721 9361671 1 1410 520 445
2584 4613 9361681 1 1400 530 435
2569 4549 9361691 1 1400 530 407
2560 4511 9361701 1 1390 540 363
2560 4490 9361711 1 1390 540 292
2566 4480 9361721 1 1370 540 220
2588 4480 9361731 1 1370 540 49
3268 5081 9361821 0 1340 550 277
3483 5218 9361831 1 1340 550 309
3536 5284 9361841 1 1340 550 312
3594 5339 9361851 1 1340 550 312
3675 5387 9361861 1 1340 550 307
3769 5458 9361871 1 1340 550 304
3852 5533 9361881 1 1340 550 277
3920 5611 9361891 1 1350 540 277
3979 5669 9361901 1 1350 540 277
4016 5715 9361911 1 1350 540 274
4045 5752 9361921 1 1350 540 279
4068 5781 9361931 1 1350 540 280
4084 5797 9361941 1 1350 540 280
4095 5804 9361951 1 1350 540 280
4102 5804 9361961 1 1350 540 274
4102 5797 9361971 1 1350 540 274
4111 5782 9361981 1 1350 540 274
4099 5746 9361991 1 1360 550 275
4074 5697 9362001 1 1360 550 279
4033 5631 9362011 1 1360 550 273
3981 5559 9362021 1 1360 550 292
3922 5434 9362031 1 1360 550 325
3849 5277 9362041 1 1360 550 341
3749 5096 9362051 1 1360 550 356
3630 4902 9362061 1 1360 550 415
3530 4699 9362071 1 1360 550 472
3465 4587 9362081 1 1360 550 509
3423 4529 9362091 1 1360 550 529
3410 4507 9362101 1 1350 550 564
3410 4507 9362111 1 1350 550 574
3410 4545 9362121 1 1350 550 564
3416 4604 9362131 1 1350 550 564
3428 4726 9362141 1 1350 550 560
3447 4875 9362151 1 1350 550 559
3467 5041 9362161 1 1350 550 538
3489 5218 9362171 1 1350 550 499
3527 5436 9362172 1 1350 550 442
3573 5681 9362182 1 1350 550 396
3622 5954 9362192 1 1350 550 353
3671 6218 9362202 1 1350 550 335
3702 6475 9362212 1 1350 540 335
3720 6633 9362222 1 1350 540 342
3701 6705 9362232 1 1360 540 334
3676 6721 9362242 1 1370 540 334
3647 6727 9362252 1 1390 540 334
3608 6713 9362262 1 1400 530 338
3567 6686 9362272 1 1400 530 341
3525 6644 9362282 1 1410 520 343
3497 6591 9362292 1 1420 520 341
3476 6531 9362302 1 1420 520 341
3466 6461 9362312 1 1430 510 344
3466 6389 9362322 1 1430 510 344
3459 6312 9362332 1 1440 500 344
3459 6232 9362342 1 1440 500 351
3459 6134 9362352 1 1440 500 361
3459 6025 9362362 1 1450 500 368
3468 5887 9362372 1 1440 500 369
3478 5748 9362382 1 1440 500 393
3492 5608 9362392 1 1440 500 402
3505 5429 9362402 1 1430 510 417
3515 5222 9362412 1 1430 510 418
3523 4996 9362422 1 1430 510 428
3528 4749 9362432 1 1420 520 438
3528 4487 9362442 1 1420 520 441
3528 4198 9362452 1 1410 520 443
3513 3916 9362462 1 1410 520 439
3504 3638 9362472 1 1400 530 461
3494 3413 9362482 1 1390 540 478
3484 3177 9362492 1 1390 540 491
3474 2935 9362502 1 1370 540 504
3474 2728 9362512 1 1370 540 514
3474 2575 9362522 1 1360 550 513
3474 2458 9362532 1 1350 550 516
3484 2374 9362542 1 1350 550 520
3502 2337 9362552 1 1340 560 522
3528 2332 9362562 1 1340 560 519
3578 2365 9362572 1 1320 570 495
3645 2468 9362582 1 1320 570 440
3745 2618 9362592 1 1320 570 391
3844 2835 9362602 1 1310 570 373
3943 3101 9362612 1 1310 570 364
4060 3401 9362622 1 1310 570 373
4206 3733 9362632 1 1310 570 377
4371 4120 9362642 1 1310 570 396
4558 4544 9362652 1 1320 570 402
4754 4974 9362662 1 1310 560 407
4955 5403 9362672 1 1310 560 404
5142 5788 9362682 1 1340 560 391
5330 6144 9362692 1 1350 550 361
5490 6436 9362702 1 1360 550 332
5632 6663 9362712 1 1370 540 277
5756 6847 9362722 1 1400 540 247
5851 6993 9362732 1 1410 530 221
5927 7095 9362742 1 1420 530 223
5982 7168 9362752 1 1450 530 223
6027 7227 9362762 1 1460 520 228
6064 7281 9362772 1 1470 510 239
6097 7329 9362782 1 1490 510 251
6121 7374 9362792 1 1500 500 242
6140 7402 9362802 1 1520 490 245
6145 7420 9362812 1 1530 490 249
6145 7420 9362822 1 1540 490 242
6145 7420 9362832 1 1540 490 253
6145 7420 9362842 1 1550 480 249
6135 7401 9362852 1 1550 480 249
6122 7370 9362862 1 1550 480 247
6100 7320 9362872 1 1550 480 246
6077 7265 9362882 1 1550 480 246
6052 7200 9362892 1 1550 480 246
6025 7130 9362902 1 1550 480 247
5990 7032 9362912 1 1550 480 254
5949 6917 9362922 1 1550 480 250
5894 6767 9362932 1 1550 470 272
5818 6580 9362942 1 1550 470 287
5729 6368 9362952 1 1550 470 289
5634 6097 9362962 1 1550 480 307
5545 5798 9362972 1 1550 480 305
5468 5480 9362982 1 1530 480 310
5400 5143 9362992 1 1530 480 312
5351 4832 9363002 1 1530 490 314
5313 4539 9363012 1 1530 490 325
5282 4276 9363022 1 1510 490 369
5253 4010 9363032 1 1500 500 418
5230 3741 9363042 1 1500 500 452
5212 3470 9363052 1 1480 500 465
5201 3182 9363062 1 1470 510 472
5196 2907 9363072 1 1460 520 472
5204 2640 9363082 1 1430 520 474
5229 2439 9363092 1 1420 530 468
5265 2282 9363102 1 1410 530 469
5297 2155 9363112 1 1400 540 468
5329 2073 9363122 1 1390 550 473
5361 2030 9363132 1 1380 550 468
5398 2012 9363142 1 1380 550 481
5439 2040 9363152 1 1380 570 485
5505 2162 9363162 1 1380 570 477
5586 2346 9363172 1 1360 570 443
5684 2588 9363182 1 1360 570 415
5799 2914 9363192 1 1350 580 371
5924 3297 9363202 1 1350 580 312
6046 3688 9363212 1 1350 580 307
6167 4099 9363222 1 1350 580 272
6286 4524 9363232 1 1350 580 247
6398 4907 9363242 1 1360 570 245
6505 5232 9363252 1 1360 570 249
6598 5518 9363262 1 1380 570 255
6680 5727 9363272 1 1390 560 269
6755 5898 9363282 1 1390 560 284
6820 6044 9363292 1 1400 550 294
6885 6168 9363302 1 1410 550 302
6951 6296 9363312 1 1440 540 307
7016 6428 9363322 1 1450 540 309
7099 6572 9363332 1 1460 530 310
7213 6713 9363342 1 1470 530 315
7348 6844 9363352 1 1480 530 327
7517 6969 9363362 1 1490 520 338
7686 7064 9363372 1 1500 510 353
7857 7112 9363382 1 1520 510 361
7999 7130 9363392 1 1530 500 373
8121 7099 9363402 1 1530 500 362
8224 7023 9363412 1 1550 490 362
8303 6917 9363422 1 1550 490 361
8367 6783 9363432 1 1550 490 367
8397 6642 9363442 1 1560 500 366
8382 6497 9363452 1 1560 500 371
8338 6304 9363462 1 1570 500 372
8248 6109 9363472 1 1570 500 376
8124 5897 9363482 1 1570 500 381
7978 5675 9363492 1 1570 500 386
7787 5494 9363502 1 1570 510 393
7594 5331 9363512 1 1570 510 399
7400 5180 9363522 1 1570 510 399
7203 5073 9363532 1 1560 510 391
7044 5009 9363542 1 1560 510 389
6911 4973 9363552 1 1550 520 389
6802 4968 9363562 1 1550 520 394
6748 4981 9363572 1 1550 520 402
6730 5006 9363582 1 1540 530 402
6749 5029 9363592 1 1540 530 407
6836 5066 9363602 1 1530 530 414
6967 5112 9363612 1 1530 530 428
7124 5156 9363622 1 1530 530 433
7319 5198 9363632 1 1520 530 436
7540 5235 9363642 1 1510 530 435
7731 5245 9363652 1 1510 530 428
7887 5238 9363662 1 1510 530 405
8019 5191 9363672 1 1510 530 373
8068 5108 9363682 1 1520 540 348
8044 5002 9363692 1 1520 540 339
7971 4865 9363702 1 1520 540 346
7821 4716 9363712 1 1520 540 372
7656 4558 9363722 1 1510 540 396
7480 4410 9363732 1 1510 540 418
7374 4290 9363742 1 1510 540 418
7342 4190 9363752 1 1530 550 417
7360 4142 9363762 1 1530 550 413
7444 4118 9363772 1 1530 550 402
7573 4109 9363782 1 1520 560 397
7733 4109 9363792 1 1520 560 391
7900 4073 9363802 1 1520 560 396
8028 4022 9363812 1 1520 560 425
8130 3949 9363822 1 1520 560 480
8204 3881 9363832 1 1520 560 520
8261 3817 9363842 1 1510 560 561
8306 3722 9363852 1 1510 560 567
8346 3653 9363862 1 1510 560 572
8370 3601 9363872 1 1510 580 569
8384 3529 9363882 1 1510 580 539
8355 3434 9363892 1 1510 580 513
8286 3323 9363894 1 1500 580 501
8189 3171 9363904 1 1500 580 502
8061 3000 9363914 1 1500 580 502
7913 2817 9363924 1 1500 580 515
7752 2628 9363934 1 1490 590 535
7645 2499 9363944 1 1490 590 537
7601 2409 9363954 1 1490 590 538
7601 2373 9363964 1 1490 590 513
7657 2398 9363974 1 1490 590 449
7766 2465 9363984 1 1470 590 348
7907 2589 9363994 1 1470 590 304
8042 2755 9364004 1 1470 590 314
8173 2949 9364014 1 1470 590 316
8300 3159 9364024 1 1470 590 316
8428 3399 9364034 1 1470 590 305
8525 3658 9364044 1 1470 590 325
8602 3927 9364054 1 1470 590 344
8656 4160 9364064 1 1470 590 372
8692 4370 9364074 1 1470 590 402
8715 4507 9364084 1 1490 580 446
8715 4559 9364094 1 1490 580 448
8703 4559 9364104 1 1490 580 450
8683 4536 9364114 1 1510 580 453
8649 4477 9364124 1 1510 580 453
8612 4392 9364134 1 1510 580 456
8573 4277 9364144 1 1520 570 461
8541 4141 9364154 1 1520 570 465
8511 3992 9364164 1 1520 570 473
8484 3797 9364174 1 1530 560 497
8462 3564 9364184 1 1530 560 527
8443 3305 9364194 1 1530 560 543
8428 3004 9364204 1 1530 560 561
8415 2670 9364214 1 1530 560 595
8405 2313 9364224 1 1520 570 634
8395 1929 9364234 1 1520 570 663
8386 1556 9364244 1 1530 580 693
8378 1190 9364254 1 1520 590 719
8373 885 9364264 1 1500 600 721
8373 660 9364274 1 1500 620 725
8359 488 9364284 1 1480 630 727
8343 401 9364294 1 1460 640 722
8325 368 9364304 1 1460 660 702
8297 368 9364314 1 1440 670 625
8262 406 9364324 1 1410 680 504
8222 495 9364334 1 1390 690 337
8183 620 9364344 1 1370 710 108
8147 1269 9364375 0 1300 730 110
8282 1862 9364385 1 1300 730 221
8392 2175 9364395 1 1330 730 296
8519 2498 9364405 1 1350 720 335
8644 2772 9364415 1 1350 710 333
8758 3014 9364425 1 1370 700 333
8864 3226 9364435 1 1410 680 332
8957 3433 9364445 1 1420 680 306
9017 3615 9364455 1 1440 670 274
9054 3781 9364465 1 1440 660 262
9078 3951 9364475 1 1460 640 270
9087 4117 9364485 1 1490 630 327
9087 4273 9364495 1 1500 620 417
9087 4424 9364505 1 1520 600 513
9116 4559 9364515 1 1520 590 570
9162 4689 9364525 1 1530 580 591
9290 4843 9364535 1 1530 580 613
9482 5016 9364545 1 1540 570 611
9717 5193 9364555 1 1540 570 617
10027 5383 9364565 1 1540 570 595
10328 5581 9364575 1 1560 570 524
10622 5738 9364585 1 1560 570 458
10861 5895 9364595 1 1560 570 418
11049 6053 9364605 1 1570 570 391
11204 6199 9364615 1 1570 570 374
11304 6345 9364625 1 1580 560 369
11367 6464 9364635 1 1580 560 367
11404 6565 9364645 1 1600 560 371
11404 6594 9364655 1 1600 560 367
11375 6587 9364665 1 1600 560 371
11326 6557 9364675 1 1610 570 381
11245 6487 9364685 1 1620 560 393
11145 6373 9364695 1 1620 560 392
11031 6231 9364705 1 1620 560 400
10884 6061 9364715 1 1620 560 407
10724 5837 9364725 1 1620 560 415
10556 5576 9364735 1 1620 560 415
10345 5251 9364745 1 1630 550 430
10135 4907 9364755 1 1620 560 450
9925 4550 9364765 1 1620 560 489
9738 4224 9364775 1 1620 560 546
9568 3941 9364785 1 1620 560 564
9449 3688 9364795 1 1600 560 588
9403 3558 9364805 1 1600 560 595
9403 3495 9364815 1 1600 560 602
9465 3478 9364825 1 1570 570 603
9584 3513 9364835 1 1570 570 605
9742 3602 9364845 1 1570 570 588
9933 3728 9364855 1 1550 580 567
10124 3896 9364865 1 1550 580 570
10299 4069 9364875 1 1550 580 568
10462 4246 9364885 1 1540 580 570
10612 4428 9364895 1 1540 580 568
10729 4591 9364905 1 1540 580 561
10825 4682 9364915 1 1540 580 561
10884 4731 9364925 1 1540 580 560
10900 4725 9364935 1 1520 590 560
10888 4673 9364945 1 1530 590 570
10853 4591 9364955 1 1530 590 570
10803 4469 9364965 1 1530 590 567
10743 4325 9364975 1 1540 580 568
10698 4167 9364985 1 1540 580 563
10678 4016 9364995 1 1540 580 586
10678 3837 9365005 1 1540 580 594
10706 3639 9365015 1 1540 580 617
10761 3429 9365025 1 1540 580 619
10831 3174 9365035 1 1560 590 614
10913 2890 9365045 1 1550 600 617
10996 2603 9365055 1 1550 600 611
11060 2372 9365065 1 1550 600 613
11111 2178 9365075 1 1550 600 611
11145 2015 9365085 1 1530 590 611
11154 1897 9365095 1 1520 600 611
11145 1809 9365105 1 1520 600 616
11117 1748 9365115 1 1520 600 595
11054 1707 9365125 1 1510 600 548
10968 1680 9365135 1 1520 600 515
10851 1680 9365145 1 1520 600 499
10715 1696 9365155 1 1520 600 488
10565 1729 9365165 1 1520 600 491
10412 1782 9365175 1 1520 600 516
10275 1855 9365185 1 1520 600 580
10196 1941 9365195 1 1520 600 633
10151 2041 9365205 1 1530 590 665
10174 2184 9365215 1 1550 600 675
10292 2356 9365225 1 1550 600 676
10472 2564 9365235 1 1550 600 664
10778 2821 9365245 1 1570 600 619
11200 3112 9365255 1 1570 600 425
