322
3370 4286 761234 0 1400 510 15
3370 4286 761244 1 1400 510 51
3370 4286 761254 1 1400 510 53
3370 4286 761264 1 1410 510 76
3370 4286 761274 1 1410 510 75
3319 4207 761464 0 1410 510 153
3319 4207 761474 1 1410 510 202
3319 4207 761484 1 1410 510 245
3319 4207 761494 1 1410 510 287
3319 4207 761504 1 1410 510 335
3319 4207 761514 1 1410 510 372
3319 4207 761524 1 1410 510 422
3319 4207 761534 1 1410 510 439
3319 4207 761544 1 1410 510 461
3319 4207 761554 1 1410 510 468
3319 4207 761564 1 1400 520 494
3319 4207 761574 1 1400 520 522
3319 4207 761584 1 1400 520 546
3437 4277 761594 1 1400 520 568
3566 4365 761604 1 1400 520 578
3721 4470 761614 1 1400 520 591
3874 4568 761624 1 1400 520 586
4029 4662 761634 1 1400 520 591
4185 4746 761644 1 1400 520 588
4306 4820 761654 1 1410 510 588
4406 4870 761664 1 1410 510 585
4466 4905 761674 1 1410 510 581
4497 4920 761684 1 1420 520 557
4509 4930 761694 1 1420 520 527
4509 4930 761704 1 1420 520 492
4496 4930 761714 1 1430 510 440
4475 4930 761724 1 1430 510 394
4435 4936 761734 1 1430 510 367
4381 4945 761744 1 1430 510 338
4318 4964 761754 1 1440 510 309
4254 5001 761764 1 1450 510 294
4191 5050 761774 1 1450 510 281
4132 5116 761784 1 1450 510 281
4081 5185 761794 1 1450 510 282
4040 5257 761804 1 1450 510 302
4008 5321 761814 1 1460 500 320
3986 5380 761824 1 1460 500 364
3974 5429 761834 1 1460 500 404
3967 5461 761844 1 1460 500 449
3962 5482 761854 1 1460 500 464
3962 5493 761864 1 1460 500 490
3957 5499 761874 1 1460 500 496
3957 5499 761884 1 1460 500 496
3957 5499 761894 1 1460 500 491
3957 5488 761904 1 1450 500 496
3969 5436 761914 1 1450 500 499
3986 5356 761924 1 1450 500 540
4006 5228 761934 1 1440 500 566
4030 5050 761944 1 1440 500 611
4062 4840 761954 1 1440 500 652
4104 4590 761964 1 1440 500 699
4156 4301 761974 1 1440 500 703
4223 3985 761984 1 1430 510 719
4298 3652 761994 1 1430 510 725
4364 3406 762004 1 1420 520 731
4418 3218 762014 1 1420 520 731
4464 3083 762024 1 1410 520 728
4511 2974 762034 1 1400 530 710
4553 2883 762044 1 1390 540 670
4591 2818 762054 1 1390 540 592
4620 2781 762064 1 1390 550 475
4631 2762 762074 1 1380 550 359
3996 3977 763267 0 1370 520 22
3996 3977 763277 1 1370 520 95
3996 3977 763287 1 1370 520 184
3996 3977 763297 1 1370 520 226
3996 3977 763307 1 1390 520 287
3996 3977 763317 1 1390 520 329
3996 3977 763327 1 1390 520 361
3996 3977 763337 1 1390 520 409
3996 3977 763347 1 1390 520 444
3996 3977 763357 1 1390 520 473
3996 3977 763367 1 1390 520 486
3996 3977 763377 1 1390 520 488
3996 3977 763387 1 1390 520 505
3996 3977 763397 1 1400 530 515
3915 3889 763407 1 1400 530 524
3882 3739 763417 1 1400 530 524
3839 3587 763427 1 1390 540 520
3789 3417 763437 1 1390 540 441
3739 3236 763447 1 1390 540 252
4494 4251 763908 0 1410 530 171
4494 4251 763918 1 1410 530 274
4494 4251 763928 1 1410 530 361
4494 4251 763938 1 1410 530 453
4494 4251 763948 1 1410 530 515
4494 4251 763958 1 1400 530 566
4494 4251 763968 1 1400 530 611
4494 4251 763978 1 1400 530 633
4494 4251 763988 1 1400 530 644
4494 4251 763998 1 1400 530 667
4494 4251 764008 1 1400 530 679
4494 4251 764018 1 1400 530 702
4494 4251 764028 1 1400 530 708
4494 4251 764038 1 1400 530 721
4494 4251 764048 1 1400 530 728
4494 4251 764058 1 1400 530 733
4494 4251 764068 1 1400 530 727
4494 4251 764078 1 1400 530 752
4494 4251 764088 1 1400 530 751
4641 4214 764098 1 1400 530 751
4806 4177 764108 1 1400 530 763
4959 4142 764118 1 1410 530 728
5104 4111 764128 1 1410 530 595
5258 4084 764138 1 1410 530 233
5379 4768 765300 0 1450 540 214
5357 4736 765310 1 1450 540 240
5337 4747 765320 1 1440 540 297
5332 4747 765330 1 1440 540 371
5332 4747 765340 1 1440 540 425
5327 4747 765350 1 1440 540 472
5327 4747 765360 1 1420 540 521
5327 4747 765370 1 1410 550 550
5327 4747 765380 1 1410 550 570
5327 4747 765390 1 1410 550 578
5332 4752 765400 1 1410 550 583
5369 4776 765410 1 1410 550 595
5429 4815 765420 1 1410 550 589
5541 4884 765430 1 1400 550 594
5691 4950 765440 1 1400 550 591
5866 5035 765450 1 1410 560 588
6019 5133 765460 1 1410 560 540
6154 5202 765470 1 1410 560 478
6276 5245 765480 1 1430 560 399
6341 5270 765490 1 1430 560 314
6366 5277 765500 1 1450 560 245
6366 5270 765510 1 1450 560 94
5787 5612 765660 0 1500 520 198
5744 5694 765670 1 1500 520 228
5718 5748 765680 1 1490 520 327
5690 5781 765690 1 1490 520 391
5675 5812 765700 1 1490 520 450
5664 5829 765710 1 1490 510 480
5664 5837 765720 1 1490 510 491
5664 5837 765730 1 1490 510 488
5664 5827 765740 1 1490 510 491
5670 5813 765750 1 1490 510 494
5684 5753 765760 1 1490 510 533
5717 5631 765770 1 1490 510 567
5761 5469 765780 1 1490 520 603
5817 5234 765790 1 1490 520 637
5876 4964 765800 1 1490 520 667
5946 4672 765810 1 1490 530 699
6023 4395 765820 1 1490 530 702
6102 4121 765830 1 1490 530 710
6181 3849 765840 1 1480 540 711
6248 3667 765850 1 1500 540 719
6304 3554 765860 1 1490 550 717
6353 3488 765870 1 1480 560 719
6391 3419 765880 1 1470 560 713
6413 3369 765890 1 1470 580 691
6425 3333 765900 1 1460 580 645
6433 3321 765910 1 1450 590 561
6428 3321 765920 1 1440 600 361
5804 4657 766371 0 1540 520 302
5804 4657 766381 1 1530 520 367
5804 4657 766391 1 1520 530 391
5804 4657 766401 1 1510 530 391
5804 4657 766411 1 1510 530 417
5804 4657 766421 1 1500 540 443
5804 4657 766431 1 1500 540 495
5746 4571 766441 1 1470 550 544
5706 4475 766451 1 1470 550 575
5651 4331 766461 1 1460 550 602
5600 4155 766471 1 1450 550 619
5557 3975 766481 1 1440 560 633
5516 3793 766491 1 1440 560 644
5488 3611 766501 1 1410 560 636
5467 3496 766511 1 1400 560 636
5459 3412 766521 1 1390 570 641
5459 3348 766531 1 1390 570 616
5471 3320 766541 1 1380 580 570
5487 3313 766551 1 1380 580 489
5508 3319 766561 1 1360 570 364
5535 3359 766571 1 1350 580 103
6081 4744 766752 0 1420 540 443
6081 4744 766762 1 1420 540 478
6081 4744 766772 1 1450 540 524
6081 4744 766782 1 1450 540 561
6081 4744 766792 1 1450 540 611
6081 4744 766802 1 1450 540 681
6156 4733 766812 1 1460 540 721
6226 4690 766822 1 1450 550 748
6327 4604 766832 1 1450 550 758
6448 4539 766842 1 1460 550 763
6565 4489 766852 1 1450 560 761
6672 4432 766862 1 1470 560 761
6771 4377 766872 1 1460 570 758
6842 4324 766882 1 1470 580 743
6883 4277 766892 1 1460 580 721
6904 4247 766902 1 1470 590 679
6912 4228 766912 1 1470 590 627
6912 4228 766922 1 1490 590 488
7395 5717 767844 0 1510 490 396
7395 5717 767854 1 1510 490 391
7395 5717 767864 1 1510 490 440
7360 5822 767874 1 1510 500 486
7355 5830 767884 1 1510 500 510
7355 5830 767894 1 1510 500 522
7355 5830 767904 1 1510 500 529
7366 5830 767914 1 1510 500 554
7389 5812 767924 1 1500 510 561
7420 5791 767934 1 1500 510 567
7465 5768 767944 1 1500 510 560
7512 5745 767954 1 1490 520 551
7561 5718 767964 1 1490 520 449
7610 5684 767974 1 1490 520 143
7451 4152 768244 0 1470 530 253
7451 4152 768254 1 1470 530 282
7368 4138 768264 1 1470 530 382
7368 4138 768274 1 1470 530 497
7368 4138 768284 1 1460 540 560
7368 4152 768294 1 1460 540 616
7368 4184 768304 1 1460 540 649
7397 4245 768314 1 1450 550 667
7435 4325 768324 1 1450 550 668
7513 4444 768334 1 1450 550 659
7621 4572 768344 1 1450 550 586
7750 4707 768354 1 1440 560 393
8175 5482 768905 0 1510 510 345
8175 5482 768915 1 1510 510 393
8175 5482 768925 1 1530 520 428
8175 5482 768935 1 1520 530 455
8175 5482 768945 1 1520 530 490
8175 5482 768955 1 1520 530 541
8175 5482 768965 1 1530 530 586
8175 5482 768975 1 1520 540 614
8272 5396 768985 1 1520 540 633
8331 5291 768995 1 1520 540 645
8389 5170 769005 1 1520 540 647
8443 5061 769015 1 1520 540 647
8483 4973 769025 1 1510 540 645
8516 4900 769035 1 1530 550 639
8541 4844 769045 1 1530 550 619
8562 4807 769055 1 1530 550 545
8579 4782 769065 1 1520 560 469
8588 4782 769075 1 1520 560 342
8588 4799 769085 1 1520 560 81
8617 5655 769246 0 1560 530 175
8617 5655 769256 1 1560 530 216
8584 5657 769266 1 1560 530 315
8571 5671 769276 1 1560 530 382
8571 5677 769286 1 1560 530 422
8580 5698 769296 1 1560 530 467
8605 5725 769306 1 1550 540 520
8641 5755 769316 1 1550 540 543
8708 5793 769326 1 1550 540 570
8814 5846 769336 1 1530 540 574
8946 5909 769346 1 1530 540 584
9082 5967 769356 1 1550 540 592
9220 6020 769366 1 1550 540 595
9365 6064 769376 1 1550 540 588
9497 6085 769386 1 1550 540 592
9619 6092 769396 1 1560 550 592
9695 6072 769406 1 1560 550 595
9746 6046 769416 1 1570 540 597
9780 6011 769426 1 1580 540 605
9801 5967 769436 1 1580 540 617
9808 5914 769446 1 1590 530 627
9808 5842 769456 1 1590 530 638
9780 5759 769466 1 1600 530 662
9733 5667 769476 1 1600 530 666
9671 5560 769486 1 1600 530 681
9599 5443 769496 1 1600 530 700
9523 5322 769506 1 1600 540 711
9443 5210 769516 1 1600 540 730
9377 5120 769526 1 1600 540 731
9330 5043 769536 1 1590 550 734
9296 4990 769546 1 1590 550 734
9286 4960 769556 1 1590 550 731
9279 4946 769566 1 1580 560 727
9279 4946 769576 1 1580 560 711
9279 4946 769586 1 1580 560 644
9279 4946 769596 1 1580 560 464
9279 4946 769606 1 1580 560 24
8823 4668 769967 0 1480 540 212
8823 4668 769977 1 1480 540 296
8823 4668 769987 1 1480 540 418
8823 4668 769997 1 1470 550 468
8823 4668 770007 1 1490 550 513
8823 4668 770017 1 1490 550 546
8823 4668 770027 1 1480 560 561
8932 4786 770037 1 1490 560 570
9014 4846 770047 1 1480 570 568
9115 4916 770057 1 1480 570 526
9226 4976 770067 1 1480 570 382
8207 6452 770357 0 1570 460 161
8207 6452 770367 1 1580 460 316
8133 6547 770377 1 1580 460 333
8079 6582 770387 1 1580 470 367
8079 6602 770397 1 1580 470 418
8079 6619 770407 1 1580 470 464
8095 6634 770417 1 1580 480 499
8114 6643 770427 1 1580 480 533
8162 6643 770437 1 1580 480 560
8228 6623 770447 1 1590 480 595
8324 6589 770457 1 1590 480 611
8427 6527 770467 1 1580 490 617
8542 6437 770477 1 1580 490 647
8652 6328 770487 1 1590 490 643
8758 6194 770497 1 1590 490 656
8860 6015 770507 1 1590 500 667
8946 5807 770517 1 1600 500 682
9022 5600 770527 1 1590 510 699
9078 5340 770537 1 1580 520 727
9126 5045 770547 1 1580 520 755
9168 4733 770557 1 1580 530 768
9204 4462 770567 1 1580 530 780
9236 4219 770577 1 1580 540 782
9264 3995 770587 1 1580 550 784
9285 3815 770597 1 1570 560 790
9302 3665 770607 1 1570 560 788
9316 3563 770617 1 1560 570 779
9334 3482 770627 1 1550 580 737
9352 3415 770637 1 1530 580 641
9364 3382 770647 1 1520 590 496
9373 3371 770657 1 1510 600 60
