392
3866 6650 1247603 0 1310 440 70
3866 6650 1247613 1 1300 450 93
3866 6650 1247623 1 1300 450 101
3866 6650 1247633 1 1300 450 95
3866 6650 1247643 1 1290 450 134
3866 6650 1247653 1 1290 450 160
3866 6650 1247663 1 1290 450 195
3866 6650 1247673 1 1290 450 206
3866 6650 1247683 1 1290 460 219
3866 6650 1247693 1 1290 460 226
3866 6650 1247703 1 1290 460 240
3789 6650 1247713 1 1300 470 242
3775 6641 1247723 1 1300 470 244
3758 6622 1247733 1 1300 470 242
3726 6594 1247743 1 1300 470 247
3672 6551 1247753 1 1300 470 235
3603 6479 1247763 1 1300 470 225
3516 6387 1247773 1 1300 470 226
3426 6280 1247784 1 1290 460 226
3335 6171 1247794 1 1290 460 228
3259 6055 1247804 1 1290 460 228
3187 5924 1247814 1 1270 460 228
3122 5784 1247824 1 1270 460 237
3062 5677 1247834 1 1270 460 287
3012 5580 1247844 1 1260 470 274
2966 5491 1247854 1 1260 470 281
2954 5432 1247864 1 1250 470 281
2954 5393 1247874 1 1250 470 281
2973 5368 1247884 1 1250 470 289
3008 5356 1247894 1 1240 480 301
3066 5376 1247904 1 1240 480 312
3140 5418 1247914 1 1230 480 344
3233 5493 1247924 1 1230 480 344
3332 5580 1247934 1 1220 480 356
3439 5676 1247944 1 1220 480 364
3547 5756 1247954 1 1220 480 371
3632 5831 1247964 1 1210 490 374
3703 5878 1247974 1 1210 490 377
3746 5908 1247984 1 1210 490 376
3763 5914 1247994 1 1210 490 366
3763 5914 1248004 1 1230 490 362
3763 5906 1248014 1 1230 490 363
3733 5862 1248024 1 1240 490 342
3687 5794 1248034 1 1240 490 306
3599 5697 1248044 1 1240 490 249
3481 5554 1248054 1 1250 480 218
3343 5381 1248064 1 1250 480 217
3192 5165 1248074 1 1250 480 213
3037 4945 1248084 1 1250 480 212
2878 4720 1248094 1 1250 480 262
2773 4548 1248104 1 1240 490 296
2688 4412 1248114 1 1240 490 304
2616 4269 1248124 1 1240 490 329
2566 4152 1248134 1 1230 490 338
2539 4053 1248144 1 1230 490 351
2526 3994 1248154 1 1220 500 361
2549 3974 1248164 1 1200 500 371
2615 3980 1248174 1 1200 500 386
2709 4052 1248184 1 1190 500 398
2832 4185 1248194 1 1180 510 392
3002 4359 1248204 1 1170 500 397
3202 4533 1248214 1 1170 500 397
3392 4702 1248224 1 1160 500 397
3561 4861 1248234 1 1160 500 394
3717 4994 1248244 1 1160 500 376
3823 5108 1248254 1 1160 500 325
3899 5210 1248264 1 1160 500 203
3570 5959 1248405 0 1230 480 13
3570 5959 1248415 1 1220 470 76
3570 5959 1248425 1 1230 470 130
3570 5959 1248435 1 1230 470 181
3570 5959 1248445 1 1240 470 253
3570 5959 1248455 1 1240 470 289
3570 5959 1248465 1 1250 460 317
3539 5866 1248475 1 1260 470 334
3526 5836 1248485 1 1260 470 373
3514 5807 1248495 1 1270 460 374
3504 5790 1248505 1 1270 460 391
3498 5781 1248515 1 1270 460 388
3493 5768 1248525 1 1270 460 397
3493 5752 1248535 1 1260 470 407
3493 5752 1248545 1 1260 470 420
3493 5752 1248555 1 1260 470 418
3478 5647 1248565 1 1250 470 436
3473 5584 1248575 1 1250 470 440
3464 5460 1248585 1 1240 480 455
3453 5347 1248595 1 1240 480 468
3434 5241 1248605 1 1230 480 474
3416 5094 1248615 1 1230 480 467
3403 4943 1248625 1 1220 480 472
3395 4784 1248635 1 1220 480 475
3395 4621 1248645 1 1210 490 480
3395 4474 1248655 1 1210 490 480
3410 4327 1248665 1 1190 490 485
3436 4183 1248675 1 1190 490 485
3471 4075 1248685 1 1190 490 490
3511 3987 1248695 1 1180 490 496
3555 3919 1248705 1 1180 490 488
3615 3884 1248715 1 1180 490 491
3615 3884 1248725 1 1180 490 514
3765 3895 1248735 1 1180 490 527
3846 3968 1248745 1 1170 500 556
3948 4074 1248755 1 1170 500 562
4065 4224 1248765 1 1170 500 561
4208 4390 1248775 1 1170 500 540
4336 4566 1248785 1 1170 500 512
4455 4718 1248795 1 1170 500 415
4545 4864 1248805 1 1170 500 132
4753 6351 1249046 0 1300 450 27
4857 6413 1249056 1 1300 450 58
4893 6472 1249066 1 1310 450 61
4940 6507 1249076 1 1310 450 63
4988 6562 1249086 1 1320 460 67
5040 6615 1249096 1 1320 460 61
5086 6663 1249106 1 1310 460 104
5129 6704 1249116 1 1320 470 124
5129 6704 1249126 1 1320 470 134
5129 6704 1249136 1 1320 470 132
5210 6721 1249146 1 1320 470 175
5227 6688 1249156 1 1330 470 205
5240 6638 1249166 1 1330 470 233
5249 6546 1249176 1 1330 470 272
5249 6411 1249186 1 1330 470 310
5249 6248 1249196 1 1330 470 358
5242 6069 1249206 1 1330 470 386
5242 5859 1249216 1 1320 480 405
5242 5628 1249226 1 1320 480 469
5224 5388 1249236 1 1320 480 490
5199 5088 1249246 1 1310 480 496
5181 4747 1249256 1 1310 480 501
5168 4529 1249266 1 1290 490 530
5168 4326 1249276 1 1280 490 539
5168 4133 1249286 1 1270 500 546
5176 3973 1249296 1 1260 500 554
5193 3852 1249306 1 1260 500 551
5206 3757 1249316 1 1250 510 538
5216 3726 1249326 1 1230 510 515
5222 3741 1249336 1 1220 510 465
5222 3786 1249346 1 1200 520 351
5211 3930 1249356 1 1200 520 163
5689 6385 1249466 0 1220 500 30
5827 6686 1249476 1 1240 500 89
5898 6780 1249486 1 1250 500 124
5968 6872 1249496 1 1260 490 191
6033 6949 1249506 1 1280 490 228
6089 6989 1249516 1 1290 490 240
6139 7005 1249526 1 1310 480 244
6204 7026 1249536 1 1320 480 251
6269 7033 1249546 1 1340 480 247
6330 7033 1249556 1 1350 470 274
6388 7014 1249566 1 1360 470 296
6441 6992 1249576 1 1370 470 305
6483 6959 1249586 1 1370 470 324
6483 6959 1249596 1 1380 470 341
6542 6861 1249606 1 1380 470 361
6549 6798 1249616 1 1390 470 384
6544 6721 1249626 1 1400 470 398
6512 6624 1249636 1 1390 470 389
6456 6515 1249646 1 1390 470 394
6383 6373 1249656 1 1390 470 404
6287 6226 1249666 1 1390 470 417
6177 6073 1249676 1 1390 470 422
6057 5910 1249686 1 1380 480 428
5948 5741 1249696 1 1380 480 441
5844 5628 1249706 1 1370 480 449
5746 5542 1249716 1 1360 490 439
5667 5474 1249726 1 1360 490 443
5601 5439 1249736 1 1340 490 473
5562 5439 1249746 1 1330 500 473
5528 5466 1249756 1 1320 500 472
5503 5532 1249766 1 1300 500 477
5503 5612 1249776 1 1290 500 475
5524 5701 1249786 1 1290 500 478
5569 5787 1249796 1 1290 500 477
5647 5883 1249806 1 1280 490 478
5747 5986 1249816 1 1280 490 477
5873 6067 1249826 1 1280 490 478
6009 6143 1249836 1 1280 490 480
6151 6213 1249846 1 1290 490 480
6330 6263 1249856 1 1290 490 480
6493 6299 1249866 1 1290 490 485
6645 6322 1249876 1 1290 490 483
6798 6339 1249886 1 1310 480 488
6930 6346 1249896 1 1320 490 491
7047 6338 1249906 1 1330 480 496
7140 6321 1249916 1 1330 480 498
7219 6291 1249926 1 1340 490 488
7288 6259 1249936 1 1350 490 489
7339 6221 1249946 1 1360 490 489
7359 6179 1249956 1 1360 490 488
7359 6133 1249966 1 1380 490 485
7310 6069 1249976 1 1380 490 468
7222 5992 1249986 1 1400 500 473
7106 5898 1249996 1 1380 500 464
6996 5804 1250006 1 1380 500 464
6891 5715 1250016 1 1380 500 465
6788 5632 1250026 1 1370 510 464
6686 5549 1250036 1 1370 510 468
6588 5455 1250046 1 1370 510 472
6494 5359 1250056 1 1370 510 472
6410 5282 1250066 1 1350 510 475
6350 5219 1250076 1 1350 510 480
6306 5185 1250086 1 1350 510 486
6286 5168 1250096 1 1350 510 498
6280 5163 1250106 1 1330 510 488
6280 5163 1250116 1 1330 510 507
6311 5180 1250126 1 1330 510 537
6372 5203 1250136 1 1300 510 543
6456 5263 1250146 1 1300 510 550
6574 5345 1250156 1 1300 510 551
6693 5442 1250166 1 1290 500 550
6815 5524 1250176 1 1290 500 550
6908 5577 1250186 1 1290 500 551
6982 5612 1250196 1 1300 510 551
7034 5630 1250206 1 1300 510 551
7065 5630 1250216 1 1300 510 536
7081 5613 1250226 1 1300 510 536
7076 5578 1250236 1 1300 510 541
7033 5496 1250246 1 1300 510 532
6964 5382 1250256 1 1300 510 521
6845 5216 1250266 1 1300 510 518
6696 5036 1250276 1 1300 510 524
6527 4847 1250286 1 1290 510 527
6419 4700 1250296 1 1290 510 537
6337 4586 1250306 1 1290 510 538
6273 4494 1250316 1 1290 510 546
6225 4414 1250326 1 1290 510 539
6206 4359 1250336 1 1290 510 540
6206 4321 1250346 1 1280 520 550
6234 4302 1250356 1 1280 520 574
6306 4322 1250366 1 1280 520 608
6407 4369 1250376 1 1280 520 614
6546 4480 1250386 1 1280 520 616
6709 4625 1250396 1 1280 520 613
6888 4794 1250406 1 1270 510 617
7040 5024 1250416 1 1270 510 597
7207 5289 1250426 1 1280 520 569
7384 5578 1250436 1 1280 520 540
7537 5859 1250446 1 1280 520 510
7638 6137 1250456 1 1280 520 456
7705 6352 1250466 1 1300 520 389
7705 6526 1250476 1 1300 520 277
7649 6635 1250486 1 1300 520 207
7559 6692 1250496 1 1320 510 205
7455 6715 1250506 1 1320 510 220
7352 6715 1250516 1 1320 510 212
7275 6709 1250526 1 1330 510 221
7215 6709 1250536 1 1330 510 232
7162 6709 1250546 1 1340 500 244
7113 6716 1250556 1 1340 500 276
7069 6726 1250566 1 1340 500 291
7023 6726 1250576 1 1350 500 317
6988 6713 1250586 1 1350 500 315
6962 6678 1250596 1 1350 500 340
6926 6627 1250606 1 1360 490 356
6893 6544 1250616 1 1360 490 376
6863 6429 1250626 1 1360 490 402
6836 6292 1250636 1 1360 490 422
6806 6137 1250646 1 1360 490 443
6778 5943 1250656 1 1360 490 473
6742 5723 1250666 1 1360 480 495
6703 5510 1250676 1 1350 490 515
6670 5247 1250686 1 1350 490 544
6637 4952 1250696 1 1350 490 557
6606 4634 1250706 1 1330 480 575
6583 4324 1250716 1 1330 480 595
6573 4020 1250726 1 1330 480 595
6573 3699 1250736 1 1320 490 614
6593 3398 1250746 1 1290 490 614
6624 3111 1250756 1 1280 490 620
6666 2778 1250766 1 1270 500 610
6725 2482 1250776 1 1250 500 617
6794 2211 1250786 1 1240 500 616
6869 1962 1250796 1 1230 510 614
6938 1761 1250806 1 1210 520 636
7025 1591 1250816 1 1200 520 641
7126 1510 1250826 1 1180 540 639
7249 1486 1250836 1 1150 540 620
7395 1500 1250846 1 1140 550 532
7557 1595 1250856 1 1120 550 417
7724 1786 1250866 1 1120 560 282
7906 2041 1250876 1 1120 560 117
8099 2328 1250886 1 1110 570 134
8285 2621 1250896 1 1110 570 237
8466 2918 1250906 1 1110 570 250
8604 3149 1250916 1 1110 570 179
8928 5508 1251038 0 1230 530 320
9063 5778 1251048 1 1240 530 341
9103 5925 1251058 1 1240 530 343
9121 6079 1251068 1 1250 530 344
9211 6228 1251078 1 1280 520 341
9320 6372 1251088 1 1290 510 339
9441 6507 1251098 1 1300 510 338
9546 6637 1251108 1 1300 510 315
9639 6741 1251118 1 1300 510 279
9723 6843 1251128 1 1330 510 259
9796 6943 1251138 1 1330 510 247
9844 7043 1251148 1 1340 500 245
9876 7116 1251158 1 1340 500 245
9885 7175 1251168 1 1350 510 242
9878 7224 1251178 1 1360 500 256
9861 7260 1251188 1 1360 500 254
9839 7296 1251198 1 1370 510 246
9816 7329 1251208 1 1380 500 206
9793 7358 1251218 1 1380 500 165
9762 7379 1251228 1 1380 500 137
9725 7394 1251238 1 1400 510 139
9679 7400 1251248 1 1400 510 139
9623 7400 1251258 1 1400 510 139
9561 7390 1251268 1 1410 500 170
9501 7382 1251278 1 1410 500 177
9447 7375 1251288 1 1410 500 186
9396 7342 1251298 1 1410 500 191
9352 7310 1251308 1 1410 500 195
9328 7280 1251318 1 1410 500 208
9316 7230 1251328 1 1410 500 214
9305 7158 1251338 1 1410 500 247
9284 7071 1251348 1 1420 490 270
9257 6949 1251358 1 1420 490 281
9221 6804 1251368 1 1420 490 312
9176 6645 1251378 1 1420 490 325
9124 6448 1251388 1 1410 490 342
9065 6221 1251398 1 1410 490 361
9009 5973 1251408 1 1400 500 367
8975 5724 1251418 1 1400 500 394
8956 5523 1251428 1 1410 500 405
8956 5353 1251438 1 1400 510 423
8980 5188 1251448 1 1400 510 418
9011 5057 1251458 1 1380 510 427
9058 4949 1251468 1 1380 510 433
9112 4878 1251478 1 1370 520 436
9179 4852 1251488 1 1370 520 444
9257 4852 1251498 1 1360 520 449
9349 4907 1251508 1 1360 520 440
9449 4984 1251518 1 1350 530 440
9541 5077 1251528 1 1350 530 442
9626 5188 1251538 1 1340 540 442
9705 5308 1251548 1 1340 540 444
9779 5433 1251558 1 1330 540 427
9836 5549 1251568 1 1330 540 412
9882 5649 1251578 1 1330 540 371
9903 5738 1251588 1 1330 540 342
9903 5812 1251598 1 1330 540 304
9894 5868 1251608 1 1330 540 301
9867 5913 1251618 1 1310 540 289
9834 5938 1251628 1 1330 530 286
9797 5945 1251638 1 1330 530 291
9763 5940 1251648 1 1330 530 292
9732 5929 1251658 1 1340 520 297
9708 5903 1251668 1 1330 520 307
9688 5866 1251678 1 1330 520 309
9672 5803 1251688 1 1340 510 329
9656 5737 1251698 1 1340 510 333
9639 5647 1251708 1 1340 510 351
9622 5543 1251718 1 1340 510 361
9614 5397 1251728 1 1340 510 394
9608 5223 1251738 1 1350 510 413
9608 5031 1251748 1 1350 510 428
9615 4816 1251758 1 1340 510 443
9628 4614 1251768 1 1340 510 453
9644 4422 1251778 1 1340 510 483
9660 4210 1251779 1 1330 520 489
9668 4015 1251789 1 1330 520 535
9668 3831 1251799 1 1310 520 548
9659 3669 1251809 1 1300 530 570
9642 3543 1251819 1 1300 530 585
9622 3442 1251829 1 1290 530 613
9586 3357 1251839 1 1280 540 620
9538 3308 1251849 1 1280 540 620
9481 3284 1251859 1 1260 540 611
9397 3297 1251869 1 1260 540 550
9292 3359 1251879 1 1260 540 430
9173 3454 1251889 1 1260 540 225
8812 4075 1251940 0 1250 540 78
8789 4204 1251950 1 1250 540 122
8772 4285 1251960 1 1250 540 183
8753 4327 1251970 1 1270 530 242
8732 4343 1251980 1 1270 530 296
8700 4295 1251990 1 1270 520 358
8663 4211 1252000 1 1280 520 415
8634 4102 1252010 1 1280 520 443
8604 3983 1252020 1 1280 520 456
8595 3873 1252030 1 1280 500 425
8595 3789 1252040 1 1280 500 213
9681 4296 1252130 0 1290 500 302
10094 4413 1252140 1 1290 510 314
10250 4439 1252150 1 1290 510 334
10391 4444 1252160 1 1290 510 396
10517 4414 1252170 1 1300 520 435
10595 4358 1252180 1 1300 520 458
10642 4284 1252190 1 1290 520 456
10665 4212 1252200 1 1300 530 177
