249
3193 5463 761965 0 1310 520 281
3193 5463 761975 1 1300 530 304
3193 5463 761985 1 1280 530 315
3193 5463 761995 1 1270 530 362
3193 5463 762005 1 1250 530 420
3336 5592 762015 1 1240 530 452
3475 5672 762025 1 1230 530 473
3637 5764 762035 1 1220 530 464
3815 5856 762045 1 1210 530 467
3948 5941 762055 1 1200 520 435
4039 5994 762065 1 1180 530 306
3688 6267 762185 0 1190 490 70
3688 6267 762195 1 1190 490 81
3688 6267 762205 1 1190 490 91
3688 6267 762215 1 1190 490 120
3688 6267 762225 1 1190 490 134
3776 6205 762235 1 1210 490 151
3796 6126 762245 1 1210 490 186
3815 6009 762255 1 1210 490 212
3836 5866 762265 1 1190 490 260
3857 5681 762275 1 1190 490 307
3878 5490 762285 1 1190 500 339
3901 5247 762295 1 1190 500 393
3925 4971 762305 1 1180 510 398
3950 4692 762315 1 1170 510 409
3974 4500 762325 1 1150 510 418
3993 4367 762335 1 1140 510 418
4008 4269 762345 1 1130 520 415
4020 4214 762355 1 1120 520 387
4020 4189 762365 1 1110 530 306
4014 4201 762375 1 1080 540 91
3898 5863 762516 0 1050 510 63
3898 5863 762526 1 1060 500 101
3898 5863 762536 1 1070 500 125
3898 5863 762546 1 1080 500 188
3822 5819 762556 1 1090 490 239
3780 5725 762566 1 1090 490 285
3726 5605 762576 1 1110 500 317
3646 5415 762586 1 1110 500 334
3548 5154 762596 1 1110 500 396
3440 4846 762606 1 1120 510 442
3325 4535 762616 1 1120 510 491
3204 4260 762626 1 1110 510 539
3107 4010 762636 1 1110 510 548
3055 3870 762646 1 1100 510 546
3033 3792 762656 1 1100 510 535
3033 3755 762666 1 1080 520 438
3033 3755 762676 1 1070 520 320
3754 5329 762806 0 1040 530 117
3874 5378 762816 1 1030 520 141
3912 5378 762826 1 1040 520 244
3957 5367 762836 1 1040 520 339
3998 5353 762846 1 1040 520 443
4030 5339 762856 1 1060 520 540
4057 5328 762866 1 1060 520 594
4086 5320 762876 1 1060 520 634
4119 5320 762886 1 1070 520 656
4157 5320 762896 1 1070 520 667
4200 5331 762906 1 1070 520 702
4232 5331 762916 1 1070 520 730
4257 5331 762926 1 1080 520 765
4281 5331 762936 1 1080 520 818
4306 5326 762946 1 1080 520 863
4334 5320 762956 1 1080 520 893
4365 5314 762966 1 1080 520 909
4389 5314 762976 1 1090 520 920
4409 5314 762986 1 1100 520 929
4417 5314 762996 1 1100 520 936
4417 5314 763006 1 1100 520 950
4417 5314 763016 1 1100 520 950
4423 5314 763026 1 1100 520 945
4432 5314 763036 1 1120 520 936
4449 5301 763046 1 1120 520 902
4474 5289 763056 1 1120 520 849
4501 5277 763067 1 1120 520 721
4501 5277 763077 1 1120 520 414
4703 5623 763237 0 1140 500 324
4703 5623 763247 1 1140 480 302
4703 5623 763257 1 1130 480 307
4703 5623 763267 1 1130 470 317
4703 5623 763277 1 1150 470 338
4794 5685 763287 1 1150 470 367
4885 5743 763297 1 1150 470 381
4996 5829 763307 1 1150 470 387
5121 5916 763317 1 1150 480 393
5224 6004 763327 1 1150 480 396
5291 6059 763337 1 1160 490 394
5333 6085 763347 1 1170 500 364
5341 6091 763357 1 1170 500 209
5048 6259 763467 0 1210 510 29
5048 6259 763477 1 1210 510 65
5048 6259 763487 1 1210 510 106
5048 6259 763497 1 1210 510 158
5048 6259 763507 1 1210 510 200
5048 6259 763517 1 1210 510 237
5097 6183 763527 1 1210 510 262
5113 6117 763537 1 1210 510 277
5134 6047 763547 1 1210 510 294
5158 5952 763557 1 1210 510 299
5184 5842 763567 1 1210 510 306
5209 5688 763577 1 1200 510 307
5232 5501 763587 1 1210 520 356
5246 5291 763597 1 1200 520 392
5254 5098 763607 1 1200 520 448
5269 4956 763617 1 1180 530 477
5282 4848 763627 1 1170 530 486
5293 4766 763637 1 1160 530 488
5303 4721 763647 1 1140 530 483
5303 4700 763657 1 1130 540 442
5308 4693 763667 1 1120 550 312
5198 5598 763798 0 1060 550 94
5198 5598 763808 1 1070 550 137
5198 5598 763818 1 1070 550 185
5198 5598 763828 1 1090 550 215
5115 5610 763838 1 1090 550 247
5081 5567 763848 1 1090 550 281
5039 5499 763858 1 1100 540 312
4995 5405 763868 1 1100 530 353
4953 5293 763878 1 1100 540 371
4911 5205 763888 1 1120 540 377
4888 5144 763898 1 1120 540 376
4879 5101 763908 1 1120 540 342
4879 5079 763918 1 1120 540 101
5139 5518 764018 0 1100 530 207
5230 5555 764028 1 1100 530 249
5254 5555 764038 1 1100 530 335
5265 5546 764048 1 1100 530 418
5290 5534 764058 1 1100 530 490
5316 5517 764068 1 1100 530 568
5341 5500 764078 1 1100 530 628
5360 5485 764088 1 1100 530 685
5376 5473 764098 1 1100 540 730
5392 5461 764108 1 1100 540 785
5400 5454 764118 1 1100 540 861
5400 5454 764128 1 1120 550 896
5400 5449 764138 1 1120 550 944
5400 5449 764148 1 1120 550 971
5400 5449 764158 1 1130 560 983
5400 5449 764168 1 1130 560 988
5400 5444 764178 1 1130 560 989
5400 5444 764188 1 1130 560 977
5400 5444 764198 1 1130 560 982
5411 5444 764208 1 1150 550 980
5425 5453 764218 1 1150 550 979
5441 5458 764228 1 1150 550 971
5459 5463 764238 1 1150 550 949
5479 5463 764248 1 1160 550 951
5494 5463 764258 1 1160 550 926
5506 5463 764268 1 1160 550 893
5522 5463 764278 1 1160 550 872
5546 5448 764288 1 1170 550 827
5582 5432 764298 1 1170 550 739
5626 5411 764308 1 1170 550 588
5692 5405 764318 1 1170 550 274
6234 5863 764499 0 1210 520 287
6234 5863 764509 1 1210 520 284
6234 5863 764519 1 1210 520 284
6234 5863 764529 1 1230 520 285
6234 5863 764539 1 1230 520 279
6234 5863 764549 1 1230 520 289
6321 5947 764559 1 1240 530 297
6359 5947 764569 1 1240 530 314
6394 5947 764579 1 1250 530 329
6422 5947 764589 1 1250 530 364
6445 5932 764599 1 1250 540 391
6465 5911 764609 1 1250 540 391
6495 5885 764619 1 1250 540 388
6528 5857 764629 1 1250 540 334
6564 5834 764639 1 1250 540 91
6586 5214 764739 0 1180 560 438
6586 5214 764749 1 1170 560 450
6586 5214 764759 1 1170 560 473
6586 5214 764769 1 1160 560 478
6586 5214 764779 1 1160 560 477
6582 5333 764789 1 1140 570 461
6599 5426 764799 1 1140 570 361
6630 5534 764809 1 1140 570 178
6850 5914 764969 0 1230 560 163
6850 5914 764979 1 1250 560 202
6850 5914 764989 1 1250 560 245
6850 5914 764999 1 1270 560 312
6850 5914 765009 1 1270 560 364
6850 5914 765019 1 1270 560 420
6850 5914 765029 1 1300 560 468
6850 5914 765039 1 1280 570 492
6881 5758 765049 1 1280 570 522
6891 5659 765059 1 1280 570 544
6900 5558 765069 1 1270 570 540
6910 5456 765079 1 1280 580 510
6921 5380 765089 1 1270 590 376
7063 5927 765210 0 1180 570 276
7063 5927 765220 1 1180 570 284
7151 6019 765230 1 1200 570 394
7229 6048 765240 1 1200 570 465
7336 6083 765250 1 1220 570 515
7490 6130 765260 1 1220 570 524
7674 6180 765270 1 1230 560 527
7877 6231 765280 1 1250 560 532
8059 6236 765290 1 1260 570 533
8215 6268 765300 1 1260 570 537
8353 6317 765310 1 1280 570 557
8460 6317 765320 1 1280 570 602
8540 6317 765330 1 1300 580 631
8602 6311 765340 1 1310 580 646
8649 6303 765350 1 1310 580 671
8675 6295 765360 1 1310 580 684
8686 6286 765370 1 1310 580 694
8675 6255 765380 1 1310 580 719
8642 6198 765390 1 1320 590 722
8593 6125 765400 1 1320 590 730
8546 6046 765410 1 1320 590 719
8501 5973 765420 1 1320 590 647
8463 5911 765430 1 1320 590 496
7692 5670 765510 0 1260 600 415
7604 5587 765520 1 1260 600 499
7533 5587 765530 1 1260 600 497
7514 5587 765540 1 1240 600 501
7529 5597 765550 1 1240 600 544
7566 5608 765560 1 1220 600 599
7644 5614 765570 1 1210 590 644
7748 5620 765580 1 1190 600 664
7926 5629 765590 1 1190 600 696
8106 5641 765600 1 1180 600 742
8286 5653 765610 1 1180 600 742
8464 5683 765620 1 1160 600 722
8589 5724 765630 1 1160 600 670
8680 5762 765640 1 1170 610 539
8737 5799 765650 1 1170 610 51
8188 6637 765771 0 1250 590 270
8188 6637 765781 1 1250 590 301
8188 6637 765791 1 1270 590 307
8188 6637 765801 1 1270 590 314
8188 6637 765811 1 1280 580 371
8188 6637 765821 1 1280 580 438
8140 6545 765831 1 1280 580 473
8134 6460 765841 1 1300 580 502
8146 6363 765851 1 1300 580 533
8158 6230 765861 1 1300 580 570
8168 6060 765871 1 1300 580 595
8168 5866 765881 1 1290 590 609
8174 5632 765891 1 1290 590 622
8174 5395 765901 1 1280 590 624
8169 5105 765911 1 1260 600 624
8159 4780 765921 1 1250 600 624
8159 4542 765931 1 1230 610 636
8159 4356 765941 1 1220 610 639
8152 4206 765951 1 1200 620 634
8143 4082 765961 1 1180 620 583
8132 4031 765971 1 1160 630 334
