220
3563 5819 1664012 0 1200 320 13
3634 5904 1664022 1 1210 340 49
3680 5956 1664032 1 1220 350 85
3725 6010 1664042 1 1230 360 107
3753 6102 1664052 1 1240 380 184
3770 6159 1664062 1 1260 390 233
3770 6194 1664072 1 1270 410 250
3770 6234 1664082 1 1280 410 257
3753 6274 1664092 1 1290 430 244
3727 6315 1664102 1 1300 450 254
3688 6360 1664112 1 1310 450 346
3640 6413 1664122 1 1320 470 353
3603 6471 1664132 1 1330 470 333
3572 6485 1664142 1 1330 470 338
3546 6497 1664152 1 1340 470 341
3507 6479 1664162 1 1340 470 338
3467 6441 1664172 1 1340 470 338
3424 6379 1664182 1 1340 470 339
3380 6314 1664192 1 1340 470 344
3334 6242 1664202 1 1340 470 343
3290 6166 1664212 1 1350 460 351
3248 6082 1664222 1 1350 460 364
3207 5972 1664232 1 1350 460 367
3169 5845 1664242 1 1340 470 394
3137 5713 1664252 1 1340 470 405
3105 5590 1664262 1 1330 460 418
3099 5474 1664272 1 1320 470 438
3112 5368 1664282 1 1320 470 443
3144 5298 1664292 1 1320 470 443
3196 5251 1664302 1 1310 470 439
3262 5236 1664312 1 1310 470 450
3338 5271 1664322 1 1300 480 452
3428 5340 1664332 1 1300 480 453
3528 5465 1664342 1 1280 480 450
3626 5595 1664352 1 1280 480 450
3705 5729 1664362 1 1280 480 453
3772 5881 1664372 1 1290 490 456
3815 6005 1664382 1 1290 490 465
3845 6110 1664392 1 1290 490 466
3866 6161 1664402 1 1290 490 467
3866 6179 1664412 1 1290 490 478
3861 6174 1664422 1 1290 490 473
3851 6162 1664432 1 1290 490 472
3827 6109 1664442 1 1310 480 470
3790 6029 1664452 1 1310 480 470
3744 5912 1664462 1 1320 480 473
3698 5770 1664472 1 1320 480 473
3661 5612 1664482 1 1320 480 477
3645 5409 1664492 1 1330 470 475
3640 5164 1664502 1 1330 470 477
3648 4890 1664512 1 1330 470 477
3653 4593 1664522 1 1320 480 478
3653 4289 1664532 1 1320 480 473
3646 3981 1664542 1 1310 480 461
3620 3669 1664552 1 1290 490 473
3583 3449 1664562 1 1280 490 478
3515 3291 1664572 1 1270 500 495
3431 3114 1664582 1 1260 500 497
3335 2992 1664592 1 1250 510 512
3227 2907 1664602 1 1230 510 515
3110 2886 1664612 1 1210 510 521
2987 2912 1664622 1 1200 510 522
2890 2970 1664632 1 1190 510 527
2824 3068 1664642 1 1190 510 527
2778 3197 1664652 1 1170 520 524
2793 3347 1664662 1 1170 520 522
2874 3525 1664672 1 1170 520 512
2999 3748 1664682 1 1170 520 490
3206 4002 1664692 1 1170 520 420
3445 4263 1664702 1 1170 520 276
3706 4510 1664712 1 1170 520 1
4924 5292 1664793 0 1260 510 103
5070 5399 1664803 1 1270 510 148
5101 5453 1664813 1 1280 500 173
5112 5497 1664823 1 1290 510 193
5117 5547 1664833 1 1290 510 232
5117 5599 1664843 1 1300 510 284
5117 5652 1664853 1 1300 510 324
5101 5692 1664863 1 1320 510 348
5078 5731 1664873 1 1330 510 356
5048 5772 1664883 1 1330 510 359
5013 5818 1664893 1 1330 510 359
4974 5867 1664903 1 1330 510 361
4929 5906 1664913 1 1340 500 361
4885 5938 1664923 1 1340 500 368
4846 5965 1664933 1 1350 500 362
4813 5965 1664943 1 1350 500 369
4783 5945 1664953 1 1360 490 386
4748 5912 1664963 1 1360 490 405
4706 5835 1664973 1 1370 480 427
4661 5737 1664983 1 1370 480 439
4612 5624 1664993 1 1370 480 463
4564 5474 1665003 1 1360 480 467
4520 5322 1665013 1 1360 480 473
4501 5170 1665023 1 1360 480 472
4501 5084 1665033 1 1350 470 472
4534 5044 1665043 1 1350 470 477
4575 5034 1665053 1 1350 470 472
4642 5065 1665063 1 1340 480 465
4724 5152 1665064 1 1330 470 465
4819 5277 1665074 1 1330 470 452
4907 5425 1665084 1 1320 480 440
4977 5564 1665094 1 1320 480 439
5038 5697 1665104 1 1310 480 440
5083 5780 1665114 1 1310 480 439
5101 5810 1665124 1 1320 490 439
5101 5805 1665134 1 1320 490 450
5101 5790 1665144 1 1320 490 468
5107 5731 1665154 1 1320 490 488
5112 5644 1665164 1 1330 500 521
5124 5543 1665174 1 1330 500 544
5146 5437 1665184 1 1330 500 537
5180 5347 1665194 1 1330 500 537
5233 5269 1665204 1 1330 500 536
5298 5241 1665214 1 1340 500 546
5388 5264 1665224 1 1340 500 522
5491 5321 1665234 1 1340 500 488
5602 5433 1665244 1 1330 510 470
5707 5556 1665254 1 1330 510 443
5812 5687 1665264 1 1330 510 435
5892 5834 1665274 1 1330 510 427
5956 5987 1665284 1 1350 510 428
6013 6145 1665294 1 1350 510 430
6051 6253 1665304 1 1350 510 443
6075 6309 1665314 1 1350 510 464
6075 6330 1665324 1 1370 510 486
6060 6330 1665334 1 1370 510 486
6039 6309 1665344 1 1380 500 491
6000 6269 1665354 1 1380 500 488
5950 6177 1665364 1 1410 500 519
5893 6048 1665374 1 1410 500 524
5850 5895 1665384 1 1410 500 537
5836 5732 1665394 1 1420 490 538
5842 5600 1665404 1 1420 490 544
5880 5490 1665414 1 1430 500 535
5942 5417 1665424 1 1430 500 530
6019 5391 1665434 1 1420 500 497
6123 5396 1665444 1 1420 500 465
6232 5431 1665454 1 1420 500 348
6326 5489 1665464 1 1410 510 241
6408 5562 1665474 1 1410 510 89
6077 5885 1665544 0 1370 520 96
5777 5795 1665554 1 1370 520 249
5610 5770 1665564 1 1370 520 315
5530 5760 1665574 1 1380 510 356
5494 5760 1665584 1 1370 510 393
5487 5754 1665594 1 1370 510 398
5496 5754 1665604 1 1370 510 404
5544 5754 1665614 1 1370 510 417
5619 5762 1665624 1 1360 500 431
5742 5779 1665634 1 1360 500 433
5887 5814 1665644 1 1370 500 413
6046 5850 1665654 1 1370 500 309
6197 5888 1665664 1 1370 500 161
6636 5875 1665705 0 1380 490 58
6669 5776 1665715 1 1380 490 141
6659 5716 1665725 1 1380 500 228
6647 5657 1665735 1 1380 500 302
6633 5599 1665745 1 1380 500 338
6640 5558 1665755 1 1380 500 366
6650 5528 1665765 1 1380 500 391
6676 5515 1665775 1 1380 500 420
6710 5523 1665785 1 1400 510 427
6760 5546 1665795 1 1380 510 441
6823 5600 1665805 1 1380 510 443
6894 5671 1665815 1 1380 510 448
6952 5753 1665825 1 1400 520 449
6995 5847 1665835 1 1390 520 440
7028 5936 1665845 1 1390 520 465
7039 5985 1665855 1 1400 530 491
7025 6009 1665865 1 1400 530 491
6993 6016 1665875 1 1400 530 497
6939 5996 1665885 1 1410 520 497
6861 5959 1665895 1 1420 530 502
6766 5892 1665905 1 1420 530 519
6677 5814 1665915 1 1430 520 559
6619 5730 1665925 1 1430 520 569
6582 5653 1665935 1 1430 520 578
6572 5578 1665945 1 1440 510 580
6589 5509 1665955 1 1440 510 583
6625 5444 1665965 1 1440 510 584
6692 5391 1665975 1 1440 510 594
6801 5369 1665985 1 1430 510 589
6937 5369 1665995 1 1430 510 585
7073 5391 1666005 1 1430 510 581
7229 5450 1666015 1 1430 510 575
7398 5533 1666025 1 1420 520 560
7566 5624 1666035 1 1420 520 548
7736 5727 1666045 1 1410 520 524
7906 5838 1666055 1 1410 520 519
8043 5951 1666065 1 1410 520 521
8173 6056 1666075 1 1420 530 524
8298 6144 1666085 1 1420 530 527
8412 6207 1666095 1 1420 530 533
8495 6254 1666105 1 1430 530 541
8556 6282 1666115 1 1430 530 539
8581 6291 1666125 1 1460 530 550
8581 6291 1666135 1 1460 530 566
8566 6271 1666145 1 1460 530 569
8517 6232 1666155 1 1480 530 570
8432 6178 1666165 1 1480 530 586
8322 6108 1666175 1 1490 520 592
8217 6023 1666185 1 1490 520 614
8148 5928 1666195 1 1500 520 622
8103 5844 1666205 1 1510 510 624
8098 5788 1666215 1 1510 510 622
8119 5751 1666225 1 1500 520 633
8157 5726 1666235 1 1500 520 625
8215 5717 1666245 1 1500 520 634
8303 5717 1666255 1 1490 530 633
8410 5717 1666265 1 1510 530 633
8508 5717 1666275 1 1500 540 638
8592 5690 1666285 1 1500 540 641
8666 5657 1666295 1 1490 550 643
8707 5622 1666305 1 1490 550 661
8707 5567 1666315 1 1480 560 667
8681 5499 1666325 1 1480 560 671
8578 5401 1666335 1 1480 560 671
8430 5287 1666345 1 1470 560 643
8251 5163 1666355 1 1470 560 512
