253
3163 5937 8480334 0 1510 460 418
3087 5961 8480344 1 1530 470 450
3008 6007 8480354 1 1540 470 414
3008 6020 8480364 1 1550 470 382
3013 6011 8480374 1 1550 470 381
3013 6011 8480384 1 1550 470 381
3013 6011 8480394 1 1550 470 386
3022 6011 8480404 1 1540 470 398
3050 6011 8480414 1 1540 470 407
3091 6023 8480424 1 1540 470 427
3166 6039 8480434 1 1540 470 449
3245 6061 8480444 1 1540 470 472
3322 6081 8480454 1 1540 470 489
3397 6095 8480464 1 1540 470 499
3447 6101 8480474 1 1540 470 492
3480 6088 8480484 1 1540 470 497
3501 6065 8480494 1 1540 470 504
3501 6009 8480504 1 1540 470 509
3455 5903 8480514 1 1540 470 504
3386 5764 8480524 1 1540 470 512
3301 5650 8480534 1 1540 470 515
3208 5552 8480544 1 1520 480 526
3109 5466 8480554 1 1520 480 550
3034 5400 8480564 1 1510 480 564
3003 5370 8480574 1 1510 480 565
3003 5364 8480584 1 1510 480 562
3010 5364 8480594 1 1510 490 570
3056 5381 8480604 1 1510 490 589
3126 5411 8480614 1 1510 490 600
3225 5456 8480624 1 1500 500 617
3309 5497 8480634 1 1480 500 620
3384 5513 8480644 1 1480 500 611
3434 5513 8480654 1 1480 500 611
3459 5496 8480664 1 1480 500 625
3466 5455 8480674 1 1480 500 644
3448 5399 8480684 1 1480 500 662
3389 5303 8480694 1 1480 500 663
3302 5193 8480704 1 1480 500 687
3194 5075 8480714 1 1480 500 697
3086 4982 8480724 1 1480 500 716
3018 4919 8480734 1 1480 500 721
2976 4876 8480744 1 1480 500 721
2970 4866 8480754 1 1480 500 714
2989 4878 8480764 1 1480 500 713
3024 4905 8480774 1 1480 500 714
3104 4968 8480784 1 1480 500 721
3197 5031 8480794 1 1480 500 719
3299 5095 8480804 1 1480 500 721
3390 5146 8480814 1 1480 500 721
3471 5179 8480824 1 1480 500 719
3546 5200 8480834 1 1480 500 719
3611 5210 8480844 1 1480 500 721
3660 5216 8480854 1 1480 500 722
3699 5216 8480864 1 1480 500 721
3722 5205 8480874 1 1480 500 724
3735 5192 8480884 1 1480 500 725
3740 5175 8480894 1 1480 500 728
3746 5150 8480904 1 1480 500 730
3746 5100 8480914 1 1480 500 731
3738 5036 8480924 1 1480 500 733
3712 4923 8480934 1 1470 510 727
3670 4747 8480944 1 1450 510 733
3616 4529 8480954 1 1450 510 740
3550 4265 8480964 1 1450 510 760
3459 4071 8480974 1 1450 510 818
3350 3925 8480984 1 1450 510 872
3222 3780 8480994 1 1440 510 924
3081 3667 8481004 1 1440 510 958
2932 3575 8481014 1 1440 510 991
2821 3498 8481024 1 1430 520 977
2712 3439 8481034 1 1430 520 1012
2610 3393 8481044 1 1430 520 1023
2513 3366 8481054 1 1420 530 1023
2442 3357 8481064 1 1420 530 1023
2388 3357 8481074 1 1420 530 1023
2343 3374 8481084 1 1410 530 1023
2300 3394 8481094 1 1410 530 1023
2275 3419 8481104 1 1410 530 1023
2261 3430 8481114 1 1410 530 1023
2261 3438 8481124 1 1410 530 1023
2261 3443 8481134 1 1400 540 1023
2261 3443 8481144 1 1400 540 1023
2261 3462 8481154 1 1400 540 1023
2289 3488 8481164 1 1400 540 997
2327 3538 8481174 1 1400 540 955
2389 3598 8481184 1 1400 540 903
2473 3666 8481194 1 1400 540 818
2572 3746 8481204 1 1390 540 730
2698 3847 8481214 1 1390 540 539
2830 3963 8481224 1 1390 540 41
4633 6414 8481355 0 1450 510 649
4862 6394 8481365 1 1480 500 647
4844 6418 8481375 1 1480 500 650
4828 6355 8481385 1 1510 490 658
4817 6239 8481395 1 1520 480 665
4808 6087 8481405 1 1520 480 663
4773 5976 8481415 1 1530 480 670
4742 5887 8481425 1 1540 470 670
4717 5814 8481435 1 1540 470 667
4710 5772 8481445 1 1540 470 661
4710 5758 8481455 1 1540 470 647
4740 5763 8481465 1 1550 470 606
4811 5800 8481475 1 1550 470 570
4911 5887 8481485 1 1550 480 574
5026 6007 8481495 1 1540 490 583
5118 6097 8481505 1 1540 490 594
5216 6155 8481515 1 1530 500 625
5327 6192 8481525 1 1530 500 639
5336 6200 8481535 1 1530 500 650
5349 6172 8481545 1 1530 500 666
5320 6121 8481555 1 1530 500 675
5262 5993 8481565 1 1520 510 673
5115 5822 8481575 1 1520 510 681
4950 5622 8481585 1 1520 510 681
4774 5449 8481595 1 1520 510 682
4596 5275 8481605 1 1520 510 687
4475 5143 8481615 1 1530 510 693
4391 5038 8481625 1 1530 510 693
4364 4985 8481635 1 1530 510 685
4358 4961 8481645 1 1530 510 687
4358 4961 8481655 1 1530 520 702
4358 4961 8481665 1 1530 520 708
4444 4998 8481675 1 1510 510 722
4528 5060 8481685 1 1500 520 728
4640 5142 8481695 1 1500 520 748
4756 5205 8481705 1 1500 520 754
4846 5255 8481715 1 1490 530 753
4917 5276 8481725 1 1490 530 759
4964 5268 8481735 1 1480 530 771
4996 5241 8481745 1 1480 530 796
5017 5163 8481755 1 1480 530 818
5027 5010 8481765 1 1490 530 819
4995 4806 8481775 1 1490 530 845
4934 4581 8481785 1 1490 530 857
4879 4381 8481795 1 1490 530 858
4859 4198 8481805 1 1480 540 863
4859 4099 8481815 1 1500 540 863
4866 4040 8481825 1 1500 540 867
4871 4008 8481835 1 1500 540 866
4877 3996 8481845 1 1500 540 876
4888 3996 8481855 1 1500 540 879
4903 4005 8481865 1 1500 540 876
4944 4050 8481875 1 1490 550 867
5001 4153 8481885 1 1490 550 858
5068 4296 8481895 1 1490 550 853
5140 4444 8481905 1 1490 550 854
5227 4575 8481915 1 1480 560 867
5322 4670 8481925 1 1480 560 869
5411 4746 8481935 1 1480 560 867
5491 4827 8481945 1 1480 560 869
5566 4897 8481955 1 1480 560 853
5621 4938 8481965 1 1480 560 854
5667 4962 8481975 1 1480 560 855
5706 4973 8481985 1 1480 560 858
5746 4967 8481995 1 1480 560 858
5791 4950 8482005 1 1480 560 866
5851 4890 8482015 1 1490 560 882
5920 4788 8482025 1 1490 560 894
5989 4657 8482035 1 1490 560 902
6057 4514 8482045 1 1510 560 924
6103 4366 8482055 1 1510 560 944
6133 4255 8482065 1 1510 560 959
6157 4169 8482075 1 1510 560 977
6171 4110 8482085 1 1510 560 994
6179 4073 8482095 1 1520 570 1008
6179 4051 8482105 1 1520 570 1021
6179 4046 8482115 1 1520 570 1023
6179 4046 8482125 1 1520 570 1023
6172 4046 8482135 1 1520 570 1023
6158 4052 8482145 1 1540 570 1023
6137 4069 8482155 1 1540 570 1023
6120 4094 8482165 1 1530 580 1023
6109 4117 8482175 1 1530 580 976
6109 4149 8482185 1 1530 580 866
6134 4186 8482195 1 1530 580 634
8116 5696 8482336 0 1600 530 613
8199 5585 8482346 1 1600 530 641
8175 5592 8482356 1 1610 520 640
8166 5609 8482366 1 1610 520 637
8166 5609 8482376 1 1620 520 650
8160 5598 8482386 1 1630 520 671
8160 5598 8482396 1 1630 520 682
8160 5598 8482406 1 1640 520 690
8160 5598 8482416 1 1640 530 707
8168 5598 8482426 1 1650 530 724
8205 5617 8482436 1 1640 540 730
8261 5643 8482446 1 1640 550 748
8341 5675 8482456 1 1630 560 765
8439 5694 8482466 1 1650 560 802
8550 5714 8482476 1 1640 570 828
8660 5734 8482486 1 1650 580 855
8758 5744 8482496 1 1650 590 864
8849 5752 8482506 1 1660 600 885
8922 5757 8482516 1 1660 600 900
8974 5757 8482526 1 1660 600 905
9012 5757 8482536 1 1660 600 903
9032 5741 8482546 1 1660 600 903
9024 5723 8482556 1 1660 600 896
8997 5673 8482566 1 1650 610 858
8904 5602 8482576 1 1650 610 831
8773 5499 8482586 1 1650 610 818
8617 5391 8482596 1 1650 610 814
8473 5298 8482606 1 1650 610 817
8367 5216 8482616 1 1650 610 818
8285 5165 8482626 1 1650 610 817
8245 5136 8482636 1 1660 600 829
8229 5122 8482646 1 1660 600 855
8229 5122 8482656 1 1660 600 855
8247 5141 8482666 1 1660 600 882
8302 5171 8482676 1 1660 600 896
8382 5205 8482686 1 1660 600 905
8471 5237 8482696 1 1660 590 906
8560 5267 8482706 1 1660 590 897
8641 5272 8482716 1 1660 590 914
8715 5272 8482726 1 1650 590 929
8781 5256 8482736 1 1650 590 938
8832 5229 8482746 1 1650 590 944
8874 5191 8482756 1 1650 590 942
8885 5132 8482757 1 1650 590 947
8885 5132 8482767 1 1640 600 950
8797 4971 8482777 1 1640 600 935
8688 4858 8482787 1 1640 600 933
8543 4728 8482797 1 1640 600 941
8373 4613 8482807 1 1640 600 941
8191 4498 8482817 1 1640 600 956
8026 4382 8482827 1 1640 600 989
7912 4294 8482837 1 1640 600 991
7826 4226 8482847 1 1640 600 978
7770 4173 8482857 1 1640 600 982
7746 4141 8482867 1 1620 600 999
7746 4124 8482877 1 1620 600 1008
7746 4124 8482887 1 1620 610 1023
7799 4113 8482897 1 1620 610 1023
7879 4124 8482907 1 1620 610 1023
8022 4149 8482917 1 1620 610 1023
8213 4197 8482927 1 1620 610 1023
8436 4245 8482937 1 1620 610 1023
8673 4291 8482947 1 1630 610 1023
8935 4334 8482957 1 1630 620 1023
9213 4357 8482967 1 1630 620 1023
9474 4369 8482977 1 1630 620 1023
9713 4349 8482987 1 1630 620 1023
9936 4328 8482997 1 1650 620 1023
10111 4291 8483007 1 1640 630 1023
10224 4244 8483017 1 1660 630 1023
10296 4199 8483027 1 1660 630 1023
10316 4153 8483037 1 1680 630 1023
10281 4101 8483047 1 1670 640 1023
10208 4040 8483057 1 1690 650 1023
10071 3977 8483067 1 1690 650 1023
9852 3917 8483077 1 1710 650 1023
9577 3885 8483087 1 1710 650 930
9242 3869 8483097 1 1710 650 691
