257
2883 4729 836502 0 1360 540 65
2883 4729 836512 1 1350 540 141
2883 4729 836522 1 1350 540 212
2883 4729 836532 1 1360 550 287
2883 4729 836542 1 1350 550 373
2883 4729 836552 1 1350 550 422
2883 4729 836562 1 1340 560 443
2883 4729 836572 1 1350 570 461
2883 4729 836582 1 1350 570 474
2824 4765 836592 1 1350 570 496
2856 4773 836602 1 1350 570 522
2905 4805 836612 1 1350 570 568
3001 4870 836622 1 1350 570 595
3138 4957 836632 1 1350 570 617
3301 5071 836642 1 1350 570 611
3468 5182 836652 1 1360 560 610
3636 5292 836662 1 1360 560 605
3770 5380 836672 1 1360 560 567
3882 5440 836682 1 1380 550 522
3947 5481 836692 1 1380 550 447
3987 5503 836702 1 1380 550 394
4011 5521 836712 1 1390 550 369
4011 5531 836722 1 1370 540 270
3452 6051 836963 0 1440 510 70
3452 6051 836973 1 1440 510 168
3452 6051 836983 1 1440 510 228
3452 6051 836993 1 1450 510 282
3452 6051 837003 1 1450 510 309
3452 6051 837013 1 1470 510 312
3452 6051 837023 1 1480 500 325
3452 6051 837033 1 1480 500 361
3452 6051 837043 1 1480 500 425
3438 5917 837053 1 1480 500 463
3477 5726 837063 1 1470 510 491
3526 5501 837073 1 1450 510 519
3592 5253 837083 1 1450 510 553
3669 4953 837093 1 1440 510 570
3753 4654 837103 1 1440 510 577
3831 4357 837113 1 1430 520 578
3899 4091 837123 1 1420 530 580
3962 3885 837133 1 1410 530 569
4017 3719 837143 1 1400 540 545
4065 3618 837153 1 1390 550 497
4109 3534 837163 1 1380 550 418
4139 3461 837173 1 1350 550 314
4159 3416 837183 1 1340 560 187
4171 3395 837193 1 1320 570 39
3708 4725 837464 0 1310 470 170
3708 4725 837474 1 1310 470 296
3708 4725 837484 1 1310 480 325
3708 4725 837494 1 1320 490 338
3708 4725 837504 1 1320 490 363
3619 4701 837514 1 1320 500 374
3589 4655 837524 1 1320 500 396
3554 4591 837534 1 1330 510 441
3528 4471 837544 1 1320 510 478
3475 4312 837554 1 1330 520 509
3405 4127 837564 1 1310 520 520
3364 3955 837574 1 1330 530 512
3328 3805 837584 1 1310 540 520
3313 3671 837594 1 1330 540 496
3313 3605 837604 1 1310 550 456
3323 3560 837614 1 1300 550 372
3338 3528 837624 1 1300 550 269
3358 3516 837634 1 1290 560 58
4027 4538 837794 0 1290 530 42
4027 4538 837804 1 1300 530 269
4027 4538 837814 1 1300 530 394
4055 4627 837824 1 1300 530 440
4049 4634 837834 1 1310 520 492
4049 4634 837844 1 1310 520 512
4049 4640 837854 1 1310 520 538
4055 4640 837864 1 1310 520 550
4078 4640 837874 1 1330 530 562
4115 4626 837884 1 1330 530 562
4164 4609 837894 1 1310 540 530
4225 4589 837904 1 1310 540 436
4293 4570 837914 1 1330 540 212
4361 5122 838295 0 1460 530 312
4361 5122 838305 1 1460 530 356
4361 5122 838315 1 1460 530 388
4361 5122 838325 1 1430 530 422
4361 5122 838335 1 1430 530 443
4361 5122 838345 1 1430 530 465
4361 5122 838355 1 1420 530 510
4361 5122 838365 1 1420 530 530
4449 5187 838375 1 1420 530 546
4535 5247 838385 1 1420 530 545
4638 5317 838395 1 1420 530 543
4751 5383 838405 1 1420 530 545
4840 5447 838415 1 1420 530 530
4914 5492 838425 1 1420 530 490
4978 5526 838435 1 1420 530 399
5035 5551 838445 1 1430 530 190
4707 5906 838595 0 1460 520 129
4707 5906 838605 1 1450 510 179
4707 5906 838615 1 1450 510 200
4707 5906 838625 1 1450 510 207
4707 5906 838635 1 1460 500 218
4707 5906 838645 1 1460 500 270
4707 5906 838655 1 1460 500 336
4707 5906 838665 1 1460 500 387
4692 5718 838675 1 1460 500 415
4718 5550 838685 1 1460 500 450
4752 5347 838695 1 1480 500 472
4794 5126 838705 1 1480 500 496
4839 4898 838715 1 1470 510 492
4889 4666 838725 1 1480 510 502
4939 4498 838735 1 1470 520 502
4989 4349 838745 1 1460 530 501
5041 4212 838755 1 1460 530 490
5095 4110 838765 1 1450 540 442
5095 4035 838775 1 1440 540 367
5101 3978 838785 1 1440 540 214
5121 3940 838795 1 1430 550 10
4839 4760 839106 0 1420 490 297
4777 4803 839116 1 1410 500 332
4767 4810 839126 1 1410 500 339
4749 4825 839136 1 1400 510 344
4749 4817 839146 1 1410 510 361
4749 4779 839156 1 1400 520 388
4730 4720 839166 1 1410 520 399
4705 4585 839176 1 1400 530 404
4669 4474 839186 1 1390 540 400
4631 4380 839196 1 1390 540 358
4592 4254 839206 1 1370 540 251
4564 4152 839216 1 1370 540 12
5105 4900 839787 0 1410 530 112
5045 4878 839797 1 1410 530 172
5027 4889 839807 1 1410 530 242
5027 4889 839817 1 1410 530 322
5020 4894 839827 1 1420 540 398
5020 4894 839837 1 1420 540 443
5020 4899 839847 1 1420 540 489
5020 4899 839857 1 1420 540 529
5020 4899 839867 1 1420 540 559
5020 4899 839877 1 1420 540 584
5020 4899 839887 1 1420 540 616
5020 4899 839897 1 1420 540 633
5020 4899 839907 1 1420 540 643
5020 4899 839917 1 1420 540 655
5020 4899 839927 1 1420 540 659
5020 4899 839937 1 1420 540 664
5020 4899 839947 1 1420 540 667
5025 4899 839957 1 1420 540 673
5033 4899 839967 1 1420 540 669
5050 4893 839977 1 1420 540 673
5090 4882 839987 1 1420 540 675
5144 4864 839997 1 1420 540 655
5228 4839 840007 1 1440 540 532
5315 4810 840017 1 1440 540 161
5804 5694 840819 0 1460 490 468
5804 5694 840829 1 1460 490 499
5804 5694 840839 1 1460 490 537
5804 5694 840849 1 1460 500 536
5804 5694 840859 1 1460 500 563
5804 5694 840869 1 1470 510 584
5849 5691 840879 1 1470 510 589
5901 5699 840889 1 1480 510 569
5953 5704 840899 1 1480 530 474
6019 5704 840909 1 1480 530 188
5846 4285 841199 0 1400 530 368
5846 4285 841209 1 1410 530 443
5846 4285 841219 1 1410 530 556
5846 4285 841229 1 1420 540 613
5846 4285 841239 1 1420 540 625
5808 4308 841249 1 1430 550 647
5848 4399 841259 1 1430 550 636
5907 4517 841269 1 1430 560 624
5994 4653 841279 1 1430 560 543
6096 4801 841289 1 1430 570 241
6450 5386 841870 0 1500 540 203
6450 5386 841880 1 1500 540 304
6450 5386 841890 1 1500 540 423
6407 5472 841900 1 1500 540 502
6407 5480 841910 1 1500 540 550
6407 5480 841920 1 1500 540 564
6407 5480 841930 1 1500 540 578
6407 5480 841940 1 1500 540 624
6414 5424 841950 1 1500 540 668
6433 5342 841960 1 1490 550 667
6458 5181 841970 1 1490 550 666
6488 5006 841980 1 1490 550 663
6519 4822 841990 1 1490 550 630
6551 4682 842000 1 1490 550 537
6585 4583 842010 1 1480 560 334
6823 5325 842301 0 1460 530 427
6823 5325 842311 1 1460 530 473
6823 5325 842321 1 1460 530 510
6823 5325 842331 1 1460 530 530
6823 5325 842341 1 1460 530 564
6790 5417 842351 1 1460 530 585
6814 5444 842361 1 1470 530 606
6868 5479 842371 1 1460 540 619
6941 5520 842381 1 1470 550 627
7043 5568 842391 1 1470 550 630
7150 5616 842401 1 1490 550 630
7275 5661 842411 1 1490 550 633
7409 5702 842421 1 1500 550 633
7531 5736 842431 1 1490 560 628
7628 5751 842441 1 1510 560 630
7709 5756 842451 1 1510 560 633
7758 5749 842461 1 1520 570 638
7784 5721 842471 1 1520 570 646
7795 5680 842481 1 1540 570 669
7795 5620 842491 1 1540 570 694
7783 5532 842501 1 1540 570 731
7757 5426 842511 1 1550 580 728
7716 5311 842521 1 1550 580 737
7666 5201 842531 1 1550 580 742
7611 5104 842541 1 1550 580 743
7556 5013 842551 1 1550 580 745
7508 4942 842561 1 1550 580 742
7473 4889 842571 1 1550 580 733
7449 4848 842581 1 1550 580 670
7435 4821 842591 1 1550 580 570
7429 4810 842601 1 1550 580 384
6939 4767 842892 0 1510 580 81
6939 4767 842902 1 1500 580 163
6939 4767 842912 1 1500 580 267
6939 4767 842922 1 1500 580 364
6939 4767 842932 1 1490 590 422
6939 4767 842942 1 1490 590 453
6939 4767 842952 1 1490 590 483
6939 4767 842962 1 1490 590 496
6939 4767 842972 1 1490 590 515
6939 4767 842982 1 1480 600 512
6939 4767 842992 1 1480 600 516
7065 4878 843002 1 1480 600 522
7152 4921 843012 1 1480 600 488
7257 4966 843022 1 1500 600 389
7373 5032 843032 1 1500 600 202
6579 6597 843402 0 1610 470 466
6579 6597 843412 1 1610 470 473
6579 6597 843422 1 1610 470 465
6579 6597 843432 1 1610 470 491
6579 6597 843442 1 1600 470 524
6665 6603 843452 1 1600 470 554
6731 6579 843462 1 1590 480 595
6822 6545 843472 1 1590 480 617
6930 6492 843482 1 1590 480 625
7033 6435 843492 1 1590 490 641
7132 6349 843502 1 1590 490 647
7228 6247 843512 1 1590 500 663
7316 6087 843522 1 1600 500 687
7378 5873 843532 1 1590 510 694
7422 5623 843542 1 1580 520 728
7460 5368 843552 1 1600 520 737
7479 5069 843562 1 1590 530 751
7486 4740 843572 1 1580 540 759
7494 4487 843582 1 1580 550 782
7494 4234 843592 1 1580 560 791
7499 4038 843602 1 1570 570 790
7506 3881 843612 1 1570 580 780
7514 3745 843622 1 1560 590 737
7524 3652 843632 1 1550 600 643
7534 3587 843642 1 1540 600 444
