274
3866 5908 1638335 0 1180 450 25
3866 5908 1638345 1 1190 450 58
3866 5908 1638355 1 1200 460 95
3866 5908 1638365 1 1220 460 156
3866 5908 1638375 1 1220 460 208
3909 5986 1638385 1 1230 470 232
3918 6004 1638395 1 1250 470 242
3925 6023 1638405 1 1250 470 275
3930 6058 1638415 1 1270 480 296
3930 6092 1638425 1 1270 480 317
3922 6117 1638435 1 1280 470 312
3910 6158 1638445 1 1280 470 320
3890 6205 1638455 1 1280 470 324
3868 6256 1638465 1 1300 470 337
3868 6256 1638475 1 1300 470 341
3868 6256 1638485 1 1300 470 359
3798 6332 1638495 1 1300 470 369
3775 6332 1638505 1 1300 470 362
3749 6321 1638515 1 1300 470 362
3720 6304 1638525 1 1300 470 362
3688 6275 1638535 1 1300 470 362
3654 6228 1638545 1 1300 470 366
3619 6168 1638555 1 1300 470 369
3592 6095 1638565 1 1300 470 371
3567 6004 1638575 1 1300 470 377
3557 5900 1638585 1 1280 470 387
3557 5791 1638595 1 1280 470 398
3566 5709 1638605 1 1280 470 400
3578 5646 1638615 1 1270 480 400
3593 5587 1638625 1 1260 470 402
3624 5560 1638635 1 1250 470 402
3666 5554 1638645 1 1250 470 409
3716 5565 1638655 1 1240 480 412
3767 5606 1638665 1 1240 480 409
3819 5668 1638675 1 1240 480 409
3872 5740 1638685 1 1230 480 412
3918 5818 1638695 1 1230 480 417
3959 5900 1638705 1 1230 480 422
3988 5958 1638715 1 1230 480 418
4006 5998 1638725 1 1230 480 430
4017 6025 1638735 1 1230 480 443
4017 6034 1638745 1 1230 480 445
4017 6039 1638755 1 1240 480 450
4017 6039 1638765 1 1240 480 450
4017 6032 1638775 1 1250 470 450
4009 6007 1638785 1 1250 470 450
3998 5969 1638795 1 1270 480 455
3980 5900 1638805 1 1270 480 461
3964 5814 1638815 1 1280 470 465
3948 5718 1638825 1 1280 470 468
3941 5620 1638835 1 1280 470 464
3936 5517 1638845 1 1280 470 468
3936 5387 1638855 1 1270 480 467
3936 5241 1638865 1 1270 480 473
3936 5083 1638875 1 1260 480 477
3936 4921 1638885 1 1260 480 472
3930 4769 1638895 1 1250 480 510
3912 4625 1638905 1 1240 490 515
3886 4506 1638915 1 1230 490 524
3854 4387 1638925 1 1210 490 530
3809 4269 1638935 1 1190 490 544
3746 4182 1638945 1 1180 490 554
3672 4117 1638955 1 1170 500 561
3570 4066 1638965 1 1160 500 559
3455 4022 1638975 1 1160 500 568
3332 4003 1638985 1 1150 500 580
3223 4003 1638995 1 1150 500 592
3140 4029 1639005 1 1150 500 613
3075 4073 1639015 1 1130 510 619
3044 4128 1639025 1 1130 510 616
3036 4202 1639035 1 1130 510 614
3042 4311 1639045 1 1130 510 611
3080 4444 1639055 1 1130 510 594
3177 4627 1639065 1 1130 510 537
3314 4854 1639075 1 1130 510 497
3515 5111 1639085 1 1130 510 483
3745 5323 1639095 1 1130 510 472
3994 5531 1639105 1 1150 500 415
4251 5674 1639115 1 1140 500 220
4951 6051 1639297 0 1280 470 70
4951 6051 1639307 1 1300 480 117
4951 6051 1639317 1 1300 480 153
4951 6051 1639327 1 1300 480 193
4951 6051 1639337 1 1310 470 240
4951 6051 1639347 1 1320 480 269
4951 6051 1639357 1 1320 480 276
4951 6051 1639367 1 1320 480 286
4887 6148 1639377 1 1320 480 297
4870 6173 1639387 1 1320 480 314
4852 6198 1639397 1 1320 480 327
4830 6224 1639407 1 1320 480 351
4808 6236 1639417 1 1320 480 373
4787 6242 1639427 1 1320 480 371
4759 6242 1639437 1 1320 480 393
4725 6217 1639447 1 1320 480 391
4689 6180 1639457 1 1320 480 418
4649 6103 1639467 1 1320 480 438
4606 5994 1639477 1 1320 480 453
4574 5863 1639487 1 1310 470 473
4547 5738 1639497 1 1310 470 468
4532 5640 1639507 1 1310 470 475
4526 5559 1639517 1 1300 480 464
4540 5520 1639527 1 1270 480 469
4566 5506 1639537 1 1270 480 456
4604 5506 1639547 1 1260 480 452
4647 5548 1639557 1 1250 470 449
4697 5615 1639567 1 1240 480 449
4742 5702 1639577 1 1240 480 439
4783 5791 1639587 1 1230 480 465
4804 5880 1639597 1 1230 480 570
4810 5911 1639607 1 1230 480 697
4810 5905 1639617 1 1230 480 757
4805 5905 1639627 1 1230 480 794
4805 5899 1639637 1 1230 480 821
4805 5899 1639647 1 1240 490 833
4805 5886 1639657 1 1240 490 852
4805 5872 1639667 1 1250 480 882
4799 5860 1639677 1 1270 490 893
4799 5852 1639687 1 1270 490 893
4799 5852 1639697 1 1280 480 896
4794 5852 1639707 1 1310 480 899
4794 5852 1639717 1 1320 480 900
4794 5852 1639727 1 1320 480 897
4794 5852 1639737 1 1330 470 896
4794 5852 1639747 1 1340 470 906
4794 5857 1639757 1 1340 470 893
4794 5857 1639767 1 1340 470 873
4794 5857 1639777 1 1350 460 858
4794 5857 1639787 1 1350 460 834
4794 5864 1639797 1 1350 460 832
4794 5864 1639807 1 1350 460 832
4794 5864 1639817 1 1350 460 830
4794 5869 1639827 1 1360 460 829
4794 5874 1639837 1 1350 450 824
4794 5880 1639847 1 1350 450 823
4785 5885 1639857 1 1350 450 817
4779 5885 1639867 1 1350 450 814
4779 5885 1639877 1 1350 450 803
4779 5885 1639887 1 1350 450 787
4779 5885 1639897 1 1340 450 782
4779 5885 1639907 1 1340 450 768
4779 5885 1639917 1 1330 450 760
4779 5864 1639927 1 1330 450 760
4788 5832 1639937 1 1330 450 760
4796 5788 1639947 1 1320 460 762
4805 5741 1639957 1 1320 460 762
4816 5677 1639967 1 1310 460 765
4832 5603 1639977 1 1310 460 768
4856 5535 1639987 1 1300 470 768
4891 5486 1639997 1 1300 470 767
4937 5450 1640007 1 1280 470 770
5011 5442 1640017 1 1300 480 770
5104 5476 1640027 1 1280 480 754
5228 5537 1640037 1 1270 490 724
5352 5630 1640047 1 1270 490 664
5461 5745 1640057 1 1260 490 613
5560 5874 1640067 1 1260 490 589
5640 6005 1640077 1 1260 490 575
5699 6130 1640087 1 1260 490 575
5744 6235 1640097 1 1260 490 572
5769 6329 1640107 1 1260 490 575
5778 6392 1640117 1 1260 490 589
5778 6431 1640127 1 1270 490 599
5767 6454 1640137 1 1270 490 611
5760 6459 1640147 1 1280 480 624
5754 6459 1640157 1 1290 490 620
5749 6442 1640167 1 1310 480 624
5730 6408 1640177 1 1310 480 628
5702 6317 1640187 1 1320 480 636
5670 6221 1640197 1 1320 480 638
5640 6103 1640207 1 1320 480 647
5616 5972 1640217 1 1330 470 650
5601 5810 1640227 1 1330 470 655
5606 5694 1640237 1 1320 480 658
5623 5608 1640247 1 1320 480 661
5670 5553 1640257 1 1320 480 665
5722 5520 1640267 1 1310 480 664
5784 5501 1640277 1 1310 480 667
5841 5501 1640287 1 1300 500 662
5894 5521 1640297 1 1300 500 655
5939 5556 1640307 1 1290 500 647
5975 5609 1640317 1 1290 500 622
6006 5677 1640327 1 1280 500 600
6014 5754 1640337 1 1290 510 581
5998 5856 1640347 1 1290 510 560
5965 5954 1640357 1 1290 510 545
5909 6012 1640367 1 1290 510 540
5817 6045 1640377 1 1290 510 530
5700 6052 1640387 1 1290 510 522
5552 6018 1640397 1 1290 510 524
5398 5957 1640407 1 1300 510 527
5241 5891 1640417 1 1300 510 537
5110 5845 1640427 1 1320 500 567
5047 5813 1640437 1 1320 500 594
5030 5813 1640447 1 1320 500 595
5043 5818 1640457 1 1330 500 606
5078 5834 1640467 1 1320 490 627
5128 5856 1640477 1 1320 490 649
5229 5900 1640487 1 1330 480 659
5372 5959 1640497 1 1340 480 668
5543 6021 1640507 1 1340 480 667
5712 6078 1640517 1 1340 470 665
5859 6120 1640527 1 1340 470 652
5990 6155 1640537 1 1350 470 617
6102 6182 1640547 1 1340 480 543
6197 6203 1640557 1 1340 480 417
6280 6198 1640567 1 1340 480 137
6244 5988 1640609 0 1360 480 211
6170 5857 1640619 1 1360 480 276
6157 5822 1640629 1 1350 490 340
6157 5795 1640639 1 1360 490 400
6172 5775 1640649 1 1350 500 460
6191 5760 1640659 1 1350 500 483
6228 5750 1640669 1 1340 500 489
6276 5750 1640679 1 1330 510 499
6334 5757 1640689 1 1330 510 502
6393 5782 1640699 1 1330 510 509
6443 5824 1640709 1 1320 510 509
6487 5877 1640719 1 1320 510 512
6517 5931 1640729 1 1320 510 510
6532 5987 1640739 1 1320 510 514
6537 6045 1640749 1 1320 510 512
6537 6086 1640759 1 1320 510 522
6523 6112 1640769 1 1320 510 537
6502 6129 1640779 1 1320 510 546
6474 6137 1640789 1 1320 510 543
6442 6129 1640799 1 1330 510 554
6406 6111 1640809 1 1330 510 562
6368 6068 1640819 1 1340 500 580
6331 6005 1640829 1 1340 500 605
6299 5930 1640839 1 1340 500 617
6271 5839 1640849 1 1350 500 633
6271 5758 1640859 1 1350 500 641
6282 5685 1640869 1 1340 500 647
6316 5625 1640879 1 1340 500 641
6356 5584 1640889 1 1340 500 641
6434 5555 1640899 1 1330 510 647
6535 5569 1640909 1 1330 510 647
6653 5616 1640919 1 1330 510 644
6788 5684 1640929 1 1320 510 619
6933 5774 1640939 1 1330 520 611
7050 5877 1640949 1 1330 520 585
7158 5989 1640959 1 1330 520 589
7260 6075 1640969 1 1330 520 591
7343 6136 1640979 1 1340 520 592
7396 6181 1640989 1 1340 520 594
7430 6216 1640999 1 1340 520 619
7455 6239 1641009 1 1350 530 642
7473 6254 1641019 1 1350 530 647
7486 6254 1641029 1 1360 520 665
7486 6259 1641039 1 1360 520 676
7486 6259 1641049 1 1390 520 691
7480 6253 1641059 1 1390 520 702
7456 6223 1641069 1 1390 520 702
7412 6189 1641079 1 1410 520 693
7355 6144 1641089 1 1410 520 705
7306 6094 1641099 1 1410 520 708
7285 6066 1641109 1 1420 520 708
7285 6042 1641119 1 1420 520 710
7292 6022 1641129 1 1420 520 721
7318 6004 1641139 1 1430 510 728
7354 5997 1641149 1 1430 510 746
7415 5997 1641159 1 1430 510 758
7487 6006 1641169 1 1430 510 760
7565 6012 1641179 1 1430 510 763
7635 6005 1641189 1 1440 510 770
7687 5990 1641199 1 1440 510 785
7727 5962 1641209 1 1440 510 821
7735 5929 1641219 1 1440 510 854
7703 5878 1641229 1 1430 520 860
7645 5816 1641239 1 1430 520 866
7549 5757 1641249 1 1430 520 845
7439 5702 1641259 1 1420 530 746
7319 5651 1641269 1 1420 530 165
