217
2262 6883 81067148 0 1370 480 27
2224 6722 81067158 1 1370 480 51
2199 6547 81067168 1 1380 490 81
2172 6276 81067178 1 1380 490 103
2132 5941 81067188 1 1400 500 104
2080 5563 81067198 1 1400 500 104
2021 5153 81067208 1 1380 500 93
1962 4723 81067218 1 1370 510 105
1901 4350 81067228 1 1370 510 108
1838 3984 81067238 1 1350 520 127
1786 3622 81067248 1 1340 520 134
1737 3390 81067258 1 1330 530 172
1693 3210 81067268 1 1330 540 185
1668 3066 81067278 1 1310 550 228
1656 3031 81067288 1 1300 550 254
1661 3066 81067298 1 1290 560 249
1668 3147 81067308 1 1270 560 239
1683 3358 81067318 1 1260 570 235
1726 3645 81067328 1 1260 570 233
1785 3983 81067338 1 1240 570 237
1889 4417 81067348 1 1240 570 235
2040 4853 81067358 1 1230 580 237
2223 5290 81067368 1 1230 580 239
2434 5709 81067378 1 1230 580 239
2667 6037 81067388 1 1230 580 240
2915 6305 81067398 1 1240 570 239
3175 6538 81067408 1 1250 560 225
3420 6684 81067418 1 1260 560 203
3655 6772 81067428 1 1270 550 183
3868 6796 81067438 1 1290 550 181
4025 6752 81067448 1 1300 540 183
4145 6664 81067458 1 1310 540 202
4223 6509 81067468 1 1310 520 213
4241 6296 81067478 1 1330 520 218
4218 6045 81067488 1 1340 510 222
4136 5754 81067498 1 1340 510 206
4015 5469 81067508 1 1350 510 222
3869 5188 81067518 1 1350 510 222
3685 4928 81067528 1 1360 500 222
3482 4706 81067538 1 1350 510 209
3266 4510 81067548 1 1350 510 209
3040 4347 81067558 1 1340 510 222
2845 4237 81067568 1 1340 510 217
2671 4162 81067578 1 1330 520 213
2523 4155 81067588 1 1330 520 210
2433 4187 81067598 1 1310 520 203
2381 4245 81067608 1 1310 520 200
2381 4307 81067618 1 1300 530 196
2409 4370 81067628 1 1300 530 200
2464 4434 81067638 1 1290 530 200
2555 4468 81067648 1 1290 530 207
2651 4455 81067658 1 1290 530 211
2769 4410 81067668 1 1290 530 240
2900 4308 81067678 1 1290 530 244
3045 4184 81067688 1 1290 530 252
3198 4045 81067698 1 1290 530 264
3356 3907 81067708 1 1290 530 272
3506 3771 81067718 1 1300 530 282
3660 3656 81067728 1 1300 530 287
3807 3554 81067738 1 1290 520 274
3948 3468 81067748 1 1290 520 277
4090 3403 81067758 1 1290 520 277
4239 3351 81067768 1 1290 520 276
4393 3331 81067778 1 1290 520 284
4550 3352 81067788 1 1290 520 259
4716 3400 81067798 1 1290 520 253
4887 3485 81067808 1 1270 520 228
5032 3600 81067818 1 1270 520 223
5177 3734 81067828 1 1270 520 223
5320 3908 81067838 1 1270 520 223
5429 4060 81067848 1 1270 520 221
5516 4198 81067858 1 1270 520 221
5569 4297 81067868 1 1270 520 221
5595 4363 81067878 1 1270 520 228
5603 4407 81067888 1 1280 530 235
5593 4414 81067898 1 1280 530 244
5564 4414 81067908 1 1280 530 244
5523 4393 81067918 1 1290 520 267
5471 4355 81067928 1 1290 520 277
5415 4278 81067938 1 1300 530 302
5355 4171 81067948 1 1300 530 312
5303 4045 81067958 1 1310 520 332
5273 3882 81067968 1 1310 520 336
5257 3710 81067978 1 1310 520 344
5265 3533 81067988 1 1310 520 344
5300 3406 81067998 1 1310 520 346
5352 3315 81068008 1 1310 520 348
5421 3249 81068018 1 1310 520 348
5506 3230 81068028 1 1300 530 351
5601 3265 81068038 1 1300 530 353
5713 3335 81068048 1 1300 530 353
5833 3447 81068058 1 1290 530 351
5959 3581 81068068 1 1290 530 349
6058 3730 81068078 1 1290 530 344
6144 3911 81068088 1 1290 530 346
6220 4063 81068098 1 1290 530 346
6267 4195 81068108 1 1300 540 346
6282 4259 81068118 1 1300 540 344
6275 4283 81068128 1 1300 540 339
6252 4283 81068138 1 1300 540 343
6218 4255 81068148 1 1300 540 344
6177 4202 81068158 1 1300 540 348
6148 4132 81068168 1 1300 540 356
6124 4050 81068178 1 1330 540 364
6124 3948 81068188 1 1330 540 361
6136 3834 81068198 1 1330 540 372
6173 3710 81068208 1 1340 540 381
6234 3597 81068218 1 1340 540 389
6312 3495 81068228 1 1340 540 394
6398 3401 81068238 1 1350 530 396
6489 3315 81068248 1 1350 530 396
6590 3257 81068258 1 1350 530 398
6713 3235 81068268 1 1340 540 399
6849 3235 81068278 1 1340 540 391
6981 3264 81068288 1 1340 540 391
7116 3312 81068298 1 1340 540 391
7263 3373 81068308 1 1330 540 392
7416 3441 81068318 1 1330 540 391
7554 3523 81068328 1 1330 540 391
7696 3614 81068338 1 1330 540 388
7840 3736 81068348 1 1310 550 394
7984 3898 81068358 1 1310 550 389
8107 4086 81068368 1 1320 550 386
8215 4290 81068378 1 1320 550 379
8315 4504 81068388 1 1320 550 374
8396 4725 81068398 1 1340 560 364
8464 4936 81068408 1 1340 560 369
8501 5134 81068418 1 1340 560 356
8530 5313 81068428 1 1340 560 348
8554 5493 81068438 1 1340 560 339
8568 5646 81068448 1 1350 550 333
8568 5780 81068458 1 1350 550 342
8560 5921 81068468 1 1350 550 344
8535 6019 81068478 1 1380 550 342
8498 6089 81068488 1 1380 550 342
8452 6111 81068498 1 1390 550 334
8396 6087 81068508 1 1400 540 334
8320 6033 81068518 1 1400 540 329
8231 5905 81068520 1 1410 530 329
8146 5738 81068530 1 1410 530 329
8065 5544 81068540 1 1420 530 329
7992 5320 81068550 1 1420 530 334
7929 5094 81068560 1 1420 530 334
7871 4868 81068570 1 1430 520 339
7834 4647 81068580 1 1430 520 341
7811 4429 81068590 1 1430 520 348
7801 4212 81068600 1 1430 520 356
7816 4001 81068610 1 1430 520 361
7847 3805 81068620 1 1420 530 359
7913 3619 81068630 1 1420 530 364
7982 3486 81068640 1 1410 530 369
8072 3370 81068650 1 1400 540 373
8175 3265 81068660 1 1390 550 371
8300 3199 81068670 1 1390 550 361
8440 3178 81068680 1 1380 550 361
8590 3188 81068690 1 1360 550 362
8736 3241 81068700 1 1350 550 362
8884 3320 81068710 1 1350 550 361
9015 3416 81068720 1 1340 560 362
9133 3510 81068730 1 1340 560 362
9221 3602 81068740 1 1340 560 373
9284 3673 81068750 1 1340 560 366
9331 3732 81068760 1 1340 560 358
9348 3780 81068770 1 1340 560 358
9348 3824 81068780 1 1340 560 356
9331 3852 81068790 1 1340 560 358
9316 3872 81068800 1 1350 570 356
9302 3882 81068810 1 1360 560 358
9302 3882 81068820 1 1360 560 356
9302 3882 81068830 1 1380 550 356
9314 3846 81068840 1 1380 550 361
9327 3790 81068850 1 1390 560 363
9346 3717 81068860 1 1400 550 366
9374 3651 81068870 1 1400 550 368
9411 3598 81068880 1 1400 550 368
9454 3552 81068890 1 1400 550 368
9504 3522 81068900 1 1400 550 371
9563 3515 81068910 1 1400 550 371
9647 3523 81068920 1 1400 550 369
9747 3557 81068930 1 1380 550 369
9866 3597 81068940 1 1380 550 369
9985 3640 81068950 1 1380 550 373
10105 3676 81068960 1 1360 560 371
10201 3692 81068970 1 1360 560 361
10286 3692 81068980 1 1360 560 362
10364 3681 81068990 1 1360 560 367
10433 3644 81069000 1 1350 570 376
10498 3593 81069010 1 1360 570 386
10560 3522 81069020 1 1360 570 399
10626 3448 81069030 1 1360 570 394
10696 3368 81069040 1 1360 570 407
10773 3300 81069050 1 1360 570 409
10869 3240 81069060 1 1360 570 412
10976 3201 81069070 1 1360 570 415
11091 3183 81069080 1 1360 570 415
11196 3178 81069090 1 1360 570 417
11295 3187 81069100 1 1360 570 407
11389 3202 81069110 1 1360 570 371
11466 3221 81069120 1 1360 570 257
10482 4244 81069331 0 1390 540 18
10515 4239 81069341 1 1390 540 46
10520 4239 81069351 1 1400 540 51
10529 4230 81069361 1 1390 550 99
10558 4206 81069371 1 1390 550 115
10597 4180 81069381 1 1390 550 134
10639 4153 81069391 1 1390 550 132
10682 4129 81069401 1 1400 540 134
10727 4106 81069411 1 1400 540 129
10764 4085 81069421 1 1400 540 30
9587 4076 81069591 0 1390 540 100
9494 4141 81069601 1 1390 520 117
9482 4168 81069611 1 1390 520 117
9487 4173 81069621 1 1390 520 122
9504 4162 81069631 1 1390 520 136
9551 4149 81069641 1 1390 520 146
9610 4131 81069651 1 1390 520 144
9678 4110 81069661 1 1400 520 117
