445
2730 6795 2936963 0 1170 460 10
2730 6795 2936973 1 1180 460 65
2813 6845 2936983 1 1180 460 89
2857 6871 2936993 1 1180 460 91
2908 6898 2937003 1 1190 470 108
3015 6926 2937013 1 1190 470 120
3077 6947 2937023 1 1200 470 134
3108 6965 2937033 1 1200 470 142
3182 6977 2937043 1 1200 470 132
3250 6983 2937053 1 1220 470 148
3313 6983 2937063 1 1220 470 158
3374 6983 2937073 1 1220 470 170
3436 6983 2937083 1 1230 470 175
3496 6983 2937093 1 1230 470 177
3555 6972 2937103 1 1230 470 179
3611 6959 2937113 1 1230 470 170
3661 6942 2937123 1 1230 470 170
3708 6920 2937133 1 1240 470 170
3743 6892 2937143 1 1230 470 187
3768 6859 2937153 1 1230 470 170
3787 6826 2937163 1 1230 470 173
3797 6795 2937173 1 1230 470 178
3802 6759 2937183 1 1220 470 188
3802 6721 2937193 1 1210 470 195
3796 6678 2937203 1 1210 470 205
3779 6631 2937213 1 1210 470 208
3756 6574 2937223 1 1210 470 208
3719 6507 2937233 1 1210 470 213
3671 6429 2937243 1 1200 460 215
3616 6345 2937253 1 1190 460 217
3562 6261 2937263 1 1190 460 218
3504 6177 2937273 1 1190 460 218
3443 6093 2937283 1 1190 460 218
3381 6008 2937293 1 1180 450 222
3320 5920 2937303 1 1180 450 216
3260 5830 2937313 1 1170 460 233
3198 5751 2937323 1 1170 460 246
3134 5679 2937333 1 1170 460 253
3073 5611 2937343 1 1160 460 250
3018 5548 2937353 1 1160 460 259
2975 5497 2937363 1 1160 460 267
2941 5455 2937373 1 1150 460 277
2917 5426 2937383 1 1160 470 285
2904 5409 2937393 1 1160 470 276
2897 5401 2937403 1 1150 470 279
2897 5401 2937413 1 1150 470 276
2897 5401 2937423 1 1130 480 279
2904 5401 2937433 1 1130 480 279
2916 5401 2937443 1 1130 480 279
2939 5401 2937453 1 1130 480 279
2971 5422 2937463 1 1120 480 282
3020 5456 2937473 1 1120 480 281
3080 5502 2937483 1 1120 480 284
3151 5553 2937493 1 1120 480 287
3222 5603 2937503 1 1120 480 286
3289 5649 2937513 1 1120 470 287
3353 5691 2937523 1 1120 470 289
3418 5727 2937533 1 1130 470 287
3482 5757 2937543 1 1130 470 291
3544 5780 2937553 1 1130 470 292
3606 5801 2937563 1 1130 470 292
3668 5820 2937573 1 1130 470 291
3730 5827 2937583 1 1130 470 289
3775 5827 2937593 1 1140 460 289
3813 5810 2937603 1 1140 460 289
3847 5792 2937613 1 1140 460 291
3872 5772 2937623 1 1150 460 289
3893 5739 2937633 1 1150 460 291
3910 5703 2937643 1 1150 460 292
3918 5658 2937653 1 1150 460 294
3918 5605 2937663 1 1150 460 296
3918 5543 2937673 1 1150 460 299
3906 5473 2937683 1 1160 460 301
3885 5387 2937693 1 1150 460 304
3858 5292 2937703 1 1150 460 304
3821 5193 2937713 1 1150 460 306
3778 5092 2937723 1 1150 460 312
3730 4990 2937733 1 1150 460 316
3672 4887 2937743 1 1140 450 314
3616 4780 2937753 1 1130 460 317
3565 4692 2937763 1 1130 460 325
3516 4615 2937773 1 1130 460 340
3468 4540 2937783 1 1120 460 338
3424 4472 2937793 1 1120 460 346
3385 4409 2937803 1 1120 460 353
3355 4356 2937813 1 1120 460 356
3333 4319 2937823 1 1120 460 361
3318 4292 2937833 1 1110 460 363
3309 4238 2937843 1 1100 450 363
3309 4238 2937853 1 1100 450 361
3309 4269 2937863 1 1100 450 359
3309 4269 2937873 1 1100 450 359
3316 4275 2937883 1 1090 450 363
3334 4281 2937893 1 1090 450 363
3362 4300 2937894 1 1090 450 364
3362 4300 2937904 1 1090 450 368
3458 4393 2937914 1 1090 450 369
3525 4455 2937924 1 1090 450 368
3595 4514 2937934 1 1090 450 366
3676 4565 2937944 1 1090 450 368
3763 4612 2937954 1 1090 450 369
3841 4655 2937964 1 1090 450 368
3922 4696 2937974 1 1090 450 369
4008 4729 2937984 1 1090 450 369
4099 4754 2937994 1 1100 450 369
4192 4774 2938004 1 1100 450 368
4280 4785 2938014 1 1100 440 368
4361 4780 2938024 1 1100 440 366
4438 4764 2938034 1 1100 440 366
4509 4731 2938044 1 1100 450 364
4571 4682 2938054 1 1110 450 363
4628 4622 2938064 1 1110 450 366
4676 4549 2938074 1 1110 450 369
4712 4455 2938084 1 1110 450 368
4740 4348 2938094 1 1110 450 371
4755 4216 2938104 1 1110 450 369
4755 4083 2938114 1 1110 450 369
4744 3948 2938124 1 1110 450 371
4714 3786 2938134 1 1110 450 373
4671 3607 2938144 1 1100 450 367
4620 3453 2938154 1 1100 450 381
4561 3297 2938164 1 1100 450 396
4503 3138 2938174 1 1090 450 389
4446 2981 2938184 1 1090 450 391
4389 2837 2938194 1 1090 450 396
4332 2700 2938204 1 1090 450 405
4268 2578 2938214 1 1080 460 417
4200 2483 2938224 1 1080 460 423
4138 2407 2938234 1 1080 460 425
4080 2345 2938244 1 1080 460 414
4033 2300 2938254 1 1070 460 414
3993 2267 2938264 1 1070 450 414
3960 2256 2938274 1 1070 450 409
3932 2256 2938284 1 1060 450 364
3908 2274 2938294 1 1060 450 267
3889 2302 2938304 1 1060 450 95
4518 6352 2938675 0 1210 440 5
4550 6444 2938685 1 1210 440 29
4577 6496 2938695 1 1210 440 53
4610 6548 2938705 1 1210 440 70
4649 6597 2938715 1 1210 440 99
4698 6647 2938725 1 1210 440 98
4756 6698 2938735 1 1210 440 110
4819 6747 2938745 1 1210 440 129
4880 6796 2938755 1 1210 440 144
4939 6828 2938765 1 1210 440 170
4996 6850 2938775 1 1210 440 177
5061 6869 2938785 1 1210 440 179
5124 6885 2938795 1 1210 440 180
5185 6894 2938805 1 1230 440 184
5243 6894 2938815 1 1230 440 184
5288 6894 2938825 1 1230 440 186
5325 6894 2938835 1 1230 440 186
5360 6882 2938845 1 1230 450 184
5385 6870 2938855 1 1230 450 186
5403 6843 2938865 1 1230 450 170
5415 6807 2938875 1 1230 450 170
5415 6750 2938885 1 1250 440 187
5403 6674 2938895 1 1250 440 170
5380 6585 2938905 1 1250 440 170
5339 6469 2938915 1 1230 450 187
5287 6336 2938925 1 1230 450 171
5231 6192 2938935 1 1230 450 170
5170 6050 2938945 1 1230 450 171
5106 5908 2938955 1 1220 450 171
5057 5780 2938965 1 1220 450 171
5009 5662 2938975 1 1200 450 178
4967 5548 2938985 1 1210 460 188
4928 5435 2938995 1 1200 460 200
4896 5320 2939005 1 1200 460 208
4878 5233 2939015 1 1190 460 217
4869 5166 2939025 1 1190 460 218
4876 5127 2939035 1 1190 460 220
4886 5101 2939045 1 1190 460 222
4904 5085 2939055 1 1180 460 209
4934 5078 2939065 1 1180 460 212
4973 5078 2939075 1 1180 460 226
5026 5088 2939085 1 1170 470 249
5085 5115 2939095 1 1170 470 259
5164 5159 2939105 1 1160 460 282
5253 5215 2939115 1 1160 460 281
5349 5292 2939125 1 1160 460 291
5450 5388 2939135 1 1160 460 296
5559 5498 2939145 1 1160 460 302
5677 5603 2939155 1 1160 460 301
5805 5707 2939165 1 1160 460 302
5909 5812 2939175 1 1160 460 304
5997 5924 2939185 1 1160 460 309
6084 6041 2939195 1 1160 460 311
6170 6143 2939205 1 1160 460 312
6254 6246 2939215 1 1180 460 312
6324 6350 2939225 1 1180 460 311
6381 6459 2939235 1 1180 460 309
6428 6551 2939245 1 1180 460 301
6455 6632 2939255 1 1180 460 291
6467 6702 2939265 1 1190 460 285
6467 6771 2939275 1 1200 470 267
6455 6843 2939285 1 1200 470 252
6427 6924 2939295 1 1200 470 244
6389 7010 2939305 1 1210 470 242
6336 7081 2939315 1 1220 460 242
6274 7148 2939325 1 1220 460 241
6205 7206 2939335 1 1220 460 253
6135 7255 2939345 1 1230 460 251
6069 7298 2939355 1 1230 460 249
6010 7331 2939365 1 1230 460 246
5952 7359 2939375 1 1230 460 240
5894 7382 2939385 1 1230 460 239
5839 7395 2939395 1 1230 460 212
5778 7395 2939405 1 1240 460 214
5712 7395 2939415 1 1240 460 218
5653 7373 2939425 1 1240 460 221
5600 7341 2939435 1 1230 450 221
5562 7300 2939445 1 1230 450 223
5533 7250 2939455 1 1250 440 223
5514 7195 2939465 1 1250 440 223
5498 7119 2939475 1 1250 440 221
5488 7032 2939485 1 1250 440 223
5480 6924 2939495 1 1230 450 225
5480 6810 2939505 1 1230 450 225
5480 6693 2939515 1 1230 450 235
5496 6573 2939525 1 1230 450 239
5513 6434 2939535 1 1230 450 249
5532 6283 2939545 1 1210 440 245
5553 6115 2939555 1 1220 450 254
5577 5930 2939565 1 1220 450 262
5603 5735 2939566 1 1210 460 279
5631 5566 2939576 1 1210 460 277
5662 5374 2939586 1 1200 460 291
5692 5168 2939596 1 1200 460 304
5726 4972 2939606 1 1190 460 314
5760 4773 2939616 1 1180 460 310
5803 4607 2939626 1 1180 460 322
5853 4464 2939636 1 1170 470 332
5900 4320 2939646 1 1160 470 339
5948 4200 2939656 1 1150 470 344
5999 4096 2939666 1 1150 470 334
6055 4005 2939676 1 1140 480 336
6113 3933 2939686 1 1140 480 336
6172 3874 2939696 1 1140 480 336
6239 3823 2939706 1 1130 490 339
6311 3788 2939716 1 1130 490 339
6379 3764 2939726 1 1130 490 346
6448 3753 2939736 1 1130 490 346
6522 3753 2939746 1 1130 490 349
6597 3772 2939756 1 1130 490 358
6677 3801 2939766 1 1130 490 368
6759 3845 2939776 1 1120 480 361
6848 3900 2939786 1 1130 490 369
6925 3968 2939796 1 1130 490 376
6993 4055 2939806 1 1140 480 379
7067 4154 2939816 1 1140 480 381
7142 4262 2939826 1 1130 490 384
7218 4382 2939836 1 1130 490 384
7294 4509 2939846 1 1130 490 382
7355 4626 2939856 1 1130 490 382
7407 4744 2939866 1 1130 490 382
7445 4873 2939876 1 1130 490 381
7473 5009 2939886 1 1130 490 381
7493 5134 2939896 1 1140 500 382
7504 5258 2939906 1 1140 500 381
7504 5380 2939916 1 1140 500 381
7497 5501 2939926 1 1140 500 381
7479 5591 2939936 1 1140 500 382
7454 5664 2939946 1 1140 500 386
7424 5725 2939956 1 1140 500 384
7384 5773 2939966 1 1140 500 384
7337 5819 2939976 1 1140 500 384
7285 5860 2939986 1 1130 490 386
7223 5895 2939996 1 1150 490 384
7159 5916 2940006 1 1160 490 384
7093 5928 2940016 1 1160 490 387
7031 5928 2940026 1 1170 490 386
6970 5919 2940036 1 1190 480 386
6913 5898 2940046 1 1190 480 386
6856 5866 2940056 1 1190 480 382
6798 5826 2940066 1 1200 480 382
6740 5786 2940076 1 1200 480 384
6689 5748 2940086 1 1200 480 386
6643 5711 2940096 1 1210 480 387
6603 5674 2940106 1 1210 480 386
6569 5638 2940116 1 1210 480 387
6542 5604 2940126 1 1190 470 387
6520 5570 2940136 1 1190 470 389
6505 5534 2940146 1 1190 470 387
6493 5498 2940156 1 1180 480 387
6487 5457 2940166 1 1170 470 387
6487 5414 2940176 1 1160 470 387
6487 5366 2940186 1 1150 460 389
6496 5319 2940196 1 1140 460 391
6506 5273 2940206 1 1140 460 391
6522 5228 2940216 1 1120 460 393
6541 5186 2940226 1 1120 460 391
6564 5144 2940236 1 1120 460 391
6590 5102 2940246 1 1120 460 393
6619 5059 2940256 1 1120 460 394
6649 5016 2940266 1 1120 460 393
6680 4972 2940276 1 1130 470 394
6715 4927 2940286 1 1140 460 394
6752 4881 2940296 1 1140 460 394
6790 4833 2940306 1 1140 460 394
6830 4784 2940316 1 1150 470 394
6871 4736 2940326 1 1130 480 396
6909 4694 2940336 1 1130 480 396
6943 4656 2940346 1 1140 480 398
6980 4615 2940356 1 1140 480 399
7019 4578 2940366 1 1140 480 389
7061 4542 2940376 1 1130 490 391
7106 4507 2940386 1 1130 490 389
7156 4470 2940396 1 1140 500 392
7210 4435 2940406 1 1140 500 391
7268 4402 2940416 1 1140 500 391
7329 4368 2940426 1 1140 500 394
7390 4339 2940436 1 1130 500 396
7447 4313 2940446 1 1130 500 397
7505 4288 2940456 1 1120 490 396
7567 4265 2940466 1 1120 490 402
7634 4244 2940476 1 1120 490 400
7704 4232 2940486 1 1120 490 404
7776 4223 2940496 1 1120 490 410
7855 4216 2940506 1 1120 490 415
7934 4209 2940516 1 1120 490 420
8007 4209 2940526 1 1120 490 414
8077 4215 2940536 1 1120 490 422
8150 4224 2940546 1 1130 490 428
8220 4238 2940556 1 1130 500 431
8288 4256 2940566 1 1130 500 431
8353 4277 2940576 1 1130 500 435
8408 4300 2940586 1 1130 500 436
8456 4325 2940596 1 1130 500 438
8493 4351 2940606 1 1130 500 443
8527 4377 2940616 1 1130 510 441
8558 4400 2940626 1 1130 510 440
8579 4421 2940636 1 1130 510 438
8594 4437 2940646 1 1130 510 431
8606 4451 2940656 1 1130 510 418
8606 4459 2940666 1 1130 510 373
8606 4464 2940676 1 1130 510 209
8535 7312 2941069 0 1240 470 13
8535 7312 2941079 1 1240 470 48
8535 7312 2941089 1 1240 470 51
8447 7367 2941099 1 1250 470 86
8431 7379 2941109 1 1250 470 108
8418 7391 2941119 1 1250 470 110
8409 7403 2941129 1 1250 470 129
8404 7412 2941139 1 1250 470 131
8404 7417 2941149 1 1250 470 146
8404 7417 2941159 1 1250 470 156
8404 7417 2941169 1 1250 470 160
8404 7423 2941179 1 1260 480 168
8420 7429 2941189 1 1260 480 179
8441 7439 2941199 1 1260 480 178
8478 7453 2941209 1 1260 480 198
8525 7470 2941219 1 1260 480 218
8584 7497 2941229 1 1260 480 218
8660 7526 2941239 1 1250 480 219
8746 7557 2941249 1 1250 480 230
8858 7584 2941259 1 1250 480 228
8971 7606 2941269 1 1250 480 233
9083 7622 2941279 1 1250 480 237
9190 7633 2941289 1 1250 480 237
9305 7640 2941299 1 1250 480 240
9425 7640 2941309 1 1250 480 246
9529 7640 2941319 1 1250 480 253
9621 7640 2941329 1 1250 480 244
9704 7640 2941339 1 1250 480 245
9779 7627 2941349 1 1250 480 247
9848 7610 2941359 1 1250 480 247
9905 7586 2941369 1 1250 480 247
9943 7553 2941379 1 1250 480 247
9968 7514 2941389 1 1250 480 245
9968 7458 2941399 1 1250 480 244
9946 7393 2941409 1 1250 480 241
9909 7315 2941419 1 1250 480 241
9851 7232 2941429 1 1250 480 241
9779 7141 2941439 1 1250 480 242
9697 7040 2941449 1 1250 480 241
9615 6931 2941459 1 1250 480 241
9530 6820 2941469 1 1250 480 241
9444 6727 2941479 1 1250 480 244
9367 6646 2941489 1 1240 490 245
9291 6562 2941499 1 1240 490 245
9220 6479 2941509 1 1250 500 247
9157 6397 2941519 1 1250 500 250
9109 6331 2941529 1 1250 500 260
9069 6276 2941539 1 1250 500 265
9043 6236 2941549 1 1250 500 279
9024 6216 2941559 1 1250 500 285
9017 6209 2941569 1 1250 500 285
9017 6209 2941579 1 1250 500 277
9027 6209 2941589 1 1250 500 286
9055 6218 2941599 1 1250 500 297
9096 6232 2941609 1 1240 500 309
9154 6254 2941619 1 1240 500 316
9230 6287 2941629 1 1250 510 304
9317 6327 2941639 1 1250 510 307
9408 6363 2941649 1 1260 500 312
9494 6397 2941659 1 1260 500 314
9572 6427 2941669 1 1260 500 317
9645 6449 2941679 1 1260 500 322
9718 6464 2941689 1 1260 500 322
9787 6471 2941699 1 1240 500 325
9853 6471 2941709 1 1240 500 325
9912 6471 2941719 1 1240 500 325
9962 6450 2941729 1 1240 500 325
10005 6424 2941739 1 1240 500 325
10031 6389 2941749 1 1240 500 327
10045 6348 2941759 1 1240 500 325
10051 6291 2941769 1 1240 500 327
10051 6226 2941779 1 1240 500 332
10035 6156 2941789 1 1240 500 330
10013 6082 2941799 1 1240 500 329
9983 5999 2941809 1 1240 500 329
9934 5907 2941819 1 1220 500 327
9872 5808 2941829 1 1220 500 329
9806 5713 2941839 1 1220 500 334
9739 5625 2941849 1 1210 510 335
9671 5538 2941859 1 1210 510 335
9605 5451 2941869 1 1210 510 344
9541 5374 2941879 1 1200 510 336
9493 5303 2941889 1 1200 510 344
9456 5259 2941899 1 1200 510 351
9432 5231 2941909 1 1200 510 354
9422 5213 2941919 1 1190 510 354
9422 5213 2941929 1 1190 510 358
9428 5208 2941939 1 1180 510 358
9440 5208 2941949 1 1170 510 368
9474 5221 2941959 1 1170 510 374
9521 5254 2941969 1 1170 510 394
9588 5302 2941979 1 1170 510 392
9676 5376 2941989 1 1170 510 400
9777 5451 2941999 1 1170 510 407
9889 5527 2942009 1 1170 510 417
10005 5595 2942019 1 1170 510 436
10123 5662 2942029 1 1170 510 445
10253 5728 2942039 1 1170 510 460
10398 5802 2942049 1 1170 510 466
10553 5883 2942059 1 1170 510 473
10694 5957 2942069 1 1170 510 474
10830 6026 2942079 1 1170 520 464
10962 6087 2942089 1 1170 520 474
11080 6140 2942099 1 1170 520 464
11175 6187 2942109 1 1190 510 455
11254 6219 2942119 1 1190 510 381
11327 6242 2942129 1 1200 520 217
