312
3610 5791 1519214 0 1410 490 211
3610 5791 1519224 1 1410 490 315
3610 5791 1519234 1 1400 500 366
3610 5791 1519244 1 1410 500 362
3546 5881 1519254 1 1410 500 361
3546 5895 1519264 1 1410 500 362
3571 5909 1519274 1 1420 500 367
3596 5944 1519284 1 1420 500 369
3642 5993 1519294 1 1420 500 372
3699 6037 1519304 1 1430 500 393
3777 6084 1519314 1 1430 500 399
3856 6134 1519324 1 1430 500 391
3935 6177 1519334 1 1430 500 396
4028 6219 1519344 1 1430 500 391
4124 6256 1519354 1 1430 500 391
4227 6287 1519364 1 1440 500 392
4319 6310 1519374 1 1450 500 389
4404 6329 1519384 1 1450 500 388
4479 6340 1519394 1 1450 500 396
4543 6346 1519404 1 1450 500 396
4599 6346 1519414 1 1460 490 384
4642 6327 1519424 1 1460 490 372
4671 6297 1519434 1 1460 490 367
4690 6248 1519444 1 1460 490 364
4690 6178 1519454 1 1460 490 358
4666 6095 1519464 1 1460 490 358
4625 5996 1519474 1 1460 490 351
4577 5894 1519484 1 1460 490 356
4517 5785 1519494 1 1460 490 358
4449 5696 1519504 1 1450 500 356
4376 5620 1519514 1 1450 500 359
4298 5535 1519524 1 1450 500 359
4217 5453 1519534 1 1450 500 361
4136 5374 1519544 1 1440 500 361
4061 5311 1519554 1 1440 500 363
4000 5263 1519564 1 1440 500 364
3949 5224 1519574 1 1440 500 369
3916 5195 1519584 1 1430 510 369
3893 5178 1519594 1 1430 510 369
3887 5170 1519604 1 1430 510 356
3887 5170 1519614 1 1420 520 353
3887 5165 1519624 1 1410 510 351
3904 5165 1519634 1 1410 510 354
3934 5165 1519644 1 1410 510 359
3973 5185 1519654 1 1420 520 359
4028 5214 1519664 1 1420 520 359
4102 5256 1519674 1 1420 520 359
4189 5303 1519684 1 1420 520 361
4285 5354 1519694 1 1420 520 361
4380 5401 1519704 1 1420 520 358
4464 5431 1519714 1 1420 520 351
4540 5449 1519724 1 1420 520 346
4603 5449 1519734 1 1410 510 341
4647 5430 1519744 1 1410 510 338
4678 5404 1519754 1 1410 510 334
4691 5375 1519764 1 1410 510 334
4691 5329 1519774 1 1410 510 334
4680 5273 1519784 1 1410 510 345
4648 5193 1519794 1 1410 510 344
4602 5107 1519804 1 1410 510 339
4546 5008 1519814 1 1410 510 334
4481 4902 1519824 1 1410 510 335
4408 4793 1519834 1 1410 510 340
4330 4709 1519844 1 1410 510 338
4253 4642 1519854 1 1410 510 353
4181 4591 1519864 1 1410 510 364
4132 4557 1519874 1 1400 520 369
4097 4535 1519884 1 1400 520 371
4091 4529 1519894 1 1400 520 364
4091 4529 1519904 1 1400 520 358
4100 4536 1519914 1 1400 520 353
4133 4563 1519924 1 1400 520 353
4182 4601 1519934 1 1400 520 349
4241 4647 1519944 1 1380 510 351
4304 4691 1519954 1 1370 520 354
4377 4737 1519964 1 1370 520 354
4457 4790 1519974 1 1370 520 356
4544 4848 1519984 1 1370 520 353
4631 4896 1519994 1 1370 520 353
4710 4932 1520004 1 1370 520 351
4786 4959 1520014 1 1380 510 349
4831 4972 1520024 1 1380 510 351
4861 4981 1520034 1 1400 520 351
4882 4981 1520044 1 1400 520 349
4896 4981 1520054 1 1400 520 348
4909 4976 1520064 1 1400 520 348
4922 4970 1520074 1 1410 520 346
4931 4962 1520084 1 1410 520 341
4940 4953 1520094 1 1420 520 338
4946 4942 1520104 1 1430 520 334
4951 4934 1520114 1 1430 520 334
4951 4927 1520124 1 1430 520 334
4951 4915 1520134 1 1440 510 334
4951 4902 1520144 1 1440 510 334
4951 4885 1520154 1 1440 510 334
4951 4859 1520164 1 1440 510 333
4951 4828 1520174 1 1440 510 333
4957 4793 1520184 1 1450 530 345
4957 4757 1520194 1 1450 530 333
4957 4720 1520204 1 1450 530 334
4948 4678 1520214 1 1450 530 336
4928 4626 1520224 1 1430 530 338
4900 4565 1520234 1 1430 530 339
4867 4476 1520244 1 1430 530 344
4820 4369 1520254 1 1430 530 344
4765 4234 1520264 1 1430 530 346
4704 4101 1520274 1 1420 540 344
4636 3969 1520284 1 1420 540 340
4557 3831 1520294 1 1420 540 339
4471 3701 1520304 1 1410 550 337
4374 3600 1520314 1 1410 550 332
4263 3517 1520324 1 1410 550 312
4143 3432 1520334 1 1400 550 206
5578 5048 1521357 0 1480 510 132
5543 5076 1521367 1 1480 510 187
5502 5089 1521377 1 1480 510 178
5489 5098 1521387 1 1470 510 186
5494 5098 1521397 1 1470 510 193
5494 5115 1521407 1 1470 510 221
5517 5134 1521417 1 1450 510 244
5549 5164 1521427 1 1450 510 262
5607 5200 1521437 1 1450 510 272
5690 5241 1521447 1 1450 510 280
5790 5287 1521457 1 1450 510 284
5889 5332 1521467 1 1450 510 285
5973 5377 1521477 1 1450 510 277
6047 5411 1521487 1 1450 510 277
6112 5440 1521497 1 1450 510 277
6161 5462 1521507 1 1470 510 277
6200 5477 1521517 1 1470 510 277
6218 5482 1521527 1 1470 510 274
6226 5482 1521537 1 1470 510 284
6226 5482 1521547 1 1470 510 272
6226 5477 1521557 1 1480 510 272
6212 5471 1521567 1 1480 510 269
6193 5435 1521577 1 1470 520 270
6156 5378 1521587 1 1470 520 272
6119 5312 1521597 1 1470 520 270
6084 5244 1521607 1 1480 530 272
6049 5172 1521617 1 1480 530 272
6018 5092 1521627 1 1490 520 270
5986 4992 1521637 1 1490 520 272
5948 4880 1521647 1 1490 520 272
5906 4772 1521657 1 1480 530 274
5869 4690 1521667 1 1480 530 279
5830 4625 1521677 1 1480 530 279
5793 4558 1521687 1 1480 530 294
5758 4498 1521697 1 1480 530 294
5745 4443 1521707 1 1470 520 297
5745 4408 1521717 1 1470 520 304
5758 4385 1521727 1 1460 530 316
5788 4369 1521737 1 1460 530 320
5823 4364 1521747 1 1450 530 339
5881 4387 1521757 1 1460 530 342
5951 4429 1521767 1 1460 530 344
6033 4499 1521777 1 1450 540 334
6127 4583 1521787 1 1450 540 333
6228 4676 1521797 1 1450 540 338
6327 4787 1521807 1 1450 540 339
6411 4913 1521817 1 1450 540 349
6486 5048 1521827 1 1450 540 359
6556 5175 1521837 1 1450 540 371
6620 5314 1521847 1 1450 540 361
6680 5462 1521857 1 1460 530 362
6721 5585 1521867 1 1470 530 362
6738 5682 1521877 1 1470 530 359
6738 5761 1521887 1 1470 530 336
6722 5830 1521897 1 1470 530 335
6692 5881 1521907 1 1470 530 329
6654 5921 1521917 1 1480 530 322
6614 5946 1521927 1 1490 520 320
6575 5967 1521937 1 1490 520 320
6539 5982 1521947 1 1500 510 320
6508 5994 1521957 1 1500 510 317
6477 6004 1521967 1 1510 500 317
6446 6014 1521977 1 1510 500 312
6417 6022 1521987 1 1520 490 317
6387 6029 1521997 1 1520 490 306
6358 6029 1522007 1 1520 490 294
6329 6029 1522017 1 1530 490 284
6301 6019 1522027 1 1530 490 281
6275 6009 1522037 1 1530 490 277
6254 5997 1522047 1 1530 480 274
6236 5980 1522057 1 1530 480 285
6221 5959 1522067 1 1530 480 277
6203 5930 1522077 1 1540 470 262
6182 5893 1522087 1 1530 480 252
6159 5842 1522097 1 1530 480 245
6135 5782 1522107 1 1530 480 245
6107 5720 1522117 1 1530 490 247
6076 5656 1522127 1 1530 490 245
6039 5574 1522137 1 1530 490 247
6003 5481 1522147 1 1530 490 245
5963 5362 1522157 1 1520 490 249
5920 5231 1522167 1 1520 490 249
5884 5092 1522177 1 1520 490 249
5854 4940 1522187 1 1510 500 245
5833 4783 1522197 1 1510 500 247
5820 4653 1522207 1 1510 500 247
5814 4543 1522217 1 1500 510 245
5814 4434 1522227 1 1500 510 247
5807 4331 1522237 1 1490 520 257
5807 4233 1522247 1 1480 530 272
5820 4145 1522257 1 1480 530 276
5833 4057 1522267 1 1480 530 281
5851 3971 1522277 1 1480 530 282
5874 3887 1522287 1 1480 530 282
5899 3803 1522297 1 1460 530 282
5927 3740 1522307 1 1460 530 281
5960 3691 1522317 1 1450 540 289
5996 3662 1522327 1 1450 540 302
6036 3652 1522337 1 1440 540 310
6085 3652 1522347 1 1430 550 329
6149 3684 1522357 1 1430 550 337
6223 3743 1522367 1 1430 550 337
6310 3823 1522377 1 1430 550 340
6398 3920 1522387 1 1430 550 339
6480 4019 1522397 1 1430 550 310
6556 4119 1522407 1 1430 550 272
6622 4220 1522417 1 1430 550 215
6681 4338 1522427 1 1430 550 130
6734 4467 1522437 1 1430 550 93
6769 4590 1522447 1 1430 550 86
6774 4689 1522457 1 1430 550 106
6758 4773 1522467 1 1430 550 117
6718 4817 1522477 1 1430 550 124
6671 4835 1522487 1 1430 550 122
6620 4835 1522497 1 1430 550 104
6572 4820 1522507 1 1440 540 49
6394 4669 1522589 0 1460 530 24
6394 4669 1522599 1 1460 530 46
6394 4669 1522609 1 1480 530 68
6477 4583 1522619 1 1480 530 89
6506 4549 1522629 1 1480 530 127
6537 4508 1522639 1 1480 530 168
6571 4462 1522649 1 1480 530 213
6611 4411 1522659 1 1470 530 246
6671 4348 1522669 1 1470 530 270
6744 4278 1522679 1 1470 530 289
6853 4203 1522689 1 1470 530 304
6967 4132 1522699 1 1470 530 324
7108 4070 1522709 1 1480 540 337
7265 4013 1522719 1 1480 540 336
7447 3978 1522729 1 1480 540 348
7621 3964 1522739 1 1480 540 359
7789 3964 1522749 1 1500 540 358
7957 3978 1522759 1 1500 540 356
8075 3998 1522769 1 1500 540 249
8259 4701 1524071 0 1610 410 170
8251 4712 1524081 1 1630 410 186
8295 4731 1524091 1 1630 410 187
8329 4739 1524101 1 1620 420 175
8357 4761 1524111 1 1620 420 173
8441 4794 1524121 1 1620 440 178
8530 4834 1524131 1 1610 440 205
8624 4882 1524141 1 1610 450 235
8729 4933 1524151 1 1600 460 244
8842 4985 1524161 1 1610 460 259
8954 5020 1524171 1 1610 470 267
9050 5052 1524181 1 1600 480 270
9135 5074 1524191 1 1610 490 272
9214 5088 1524201 1 1600 500 270
9281 5088 1524211 1 1600 510 270
9339 5069 1524221 1 1600 520 270
9377 5038 1524231 1 1610 520 270
9392 5003 1524241 1 1610 520 272
9392 4949 1524251 1 1610 520 275
9357 4884 1524261 1 1610 520 274
9295 4801 1524271 1 1610 520 280
9214 4718 1524281 1 1600 530 285
9124 4635 1524291 1 1600 530 281
9029 4545 1524301 1 1600 530 292
8930 4443 1524311 1 1620 540 299
8832 4332 1524321 1 1620 540 302
8760 4236 1524331 1 1610 550 302
8705 4159 1524341 1 1610 550 302
8675 4096 1524351 1 1610 550 306
8670 4059 1524361 1 1600 540 304
8681 4037 1524371 1 1600 540 339
8712 4025 1524381 1 1600 540 356
8773 4025 1524391 1 1580 540 373
8853 4050 1524401 1 1580 540 371
8961 4086 1524411 1 1580 540 377
9064 4127 1524421 1 1580 540 381
9163 4168 1524431 1 1580 540 381
9260 4204 1524441 1 1580 540 381
9345 4234 1524451 1 1580 540 376
9422 4254 1524461 1 1580 540 372
9470 4263 1524471 1 1580 540 367
9493 4263 1524481 1 1580 540 364
9499 4257 1524491 1 1600 540 356
9499 4250 1524501 1 1600 540 358
9456 4216 1524511 1 1600 540 349
9392 4166 1524521 1 1600 540 339
9308 4104 1524531 1 1610 550 339
9218 4039 1524541 1 1610 550 339
9123 3953 1524551 1 1610 550 341
9025 3854 1524561 1 1610 550 356
8929 3725 1524571 1 1610 550 361
8834 3615 1524581 1 1600 550 372
8777 3519 1524591 1 1600 550 379
8762 3430 1524601 1 1590 550 393
8774 3375 1524611 1 1590 550 400
8834 3344 1524621 1 1590 550 418
8948 3356 1524631 1 1590 550 438
9099 3410 1524641 1 1590 550 443
9283 3492 1524651 1 1570 560 449
9503 3603 1524661 1 1570 560 443
9747 3735 1524671 1 1570 560 440
10004 3880 1524681 1 1570 560 423
10241 4009 1524691 1 1570 560 349
10464 4110 1524701 1 1560 570 36
