191
4523 5045 8698277 0 1350 800 391
4590 4959 8698287 1 1350 800 586
4601 4959 8698297 1 1350 800 591
4593 4983 8698307 1 1350 800 578
4593 4983 8698317 1 1390 790 594
4608 4983 8698327 1 1380 780 610
4608 4983 8698337 1 1440 770 641
4608 4991 8698347 1 1460 740 647
4618 5009 8698357 1 1470 720 636
4624 5037 8698367 1 1460 710 636
4629 5071 8698377 1 1470 690 647
4629 5105 8698387 1 1480 670 647
4619 5140 8698397 1 1480 650 646
4603 5161 8698407 1 1490 630 658
4560 5161 8698417 1 1500 600 670
4495 5155 8698427 1 1500 580 684
4416 5101 8698437 1 1500 570 717
4332 5000 8698447 1 1500 550 749
4208 4867 8698457 1 1500 540 768
4056 4743 8698467 1 1500 520 788
4011 4675 8698477 1 1510 510 791
4011 4644 8698487 1 1500 510 791
4034 4624 8698497 1 1500 510 791
4068 4624 8698507 1 1500 510 791
4145 4635 8698517 1 1500 510 767
4250 4680 8698527 1 1500 510 748
4359 4746 8698537 1 1490 510 727
4450 4826 8698547 1 1490 510 725
4528 4894 8698557 1 1490 510 730
4572 4934 8698567 1 1490 510 728
4595 4956 8698577 1 1490 510 739
4604 4962 8698587 1 1480 510 750
4604 4962 8698597 1 1480 510 780
4604 4962 8698607 1 1480 510 797
4604 4962 8698617 1 1470 510 787
4599 4962 8698627 1 1480 510 790
4591 4962 8698637 1 1480 510 788
4580 4956 8698647 1 1490 510 785
4565 4947 8698657 1 1490 510 785
4546 4917 8698667 1 1490 510 785
4524 4874 8698677 1 1490 510 790
4495 4796 8698687 1 1490 510 791
4466 4692 8698697 1 1490 510 796
4430 4570 8698707 1 1490 510 796
4389 4352 8698717 1 1490 510 796
4331 4060 8698727 1 1480 510 791
4271 3719 8698737 1 1480 510 800
4210 3527 8698747 1 1480 510 817
4159 3384 8698757 1 1470 520 855
4090 3275 8698767 1 1470 520 894
4010 3197 8698777 1 1460 530 912
3915 3136 8698787 1 1460 530 939
3789 3087 8698797 1 1460 530 951
3641 3051 8698807 1 1450 540 943
3479 3032 8698817 1 1450 540 949
3330 3025 8698827 1 1430 530 955
3189 3047 8698837 1 1420 540 953
3057 3096 8698847 1 1420 540 955
2956 3163 8698857 1 1440 540 955
2875 3226 8698867 1 1440 540 952
2827 3287 8698877 1 1440 540 944
2803 3326 8698887 1 1440 540 926
2795 3352 8698897 1 1440 540 860
2800 3366 8698907 1 1440 540 779
2845 3382 8698917 1 1440 540 679
2917 3409 8698927 1 1440 540 486
4932 4262 8699018 0 1440 540 292
5262 4466 8699028 1 1450 550 317
5396 4572 8699038 1 1460 540 302
5496 4669 8699048 1 1460 540 302
5577 4760 8699058 1 1460 540 367
5645 4864 8699068 1 1470 550 477
5656 4923 8699078 1 1470 550 583
5648 4951 8699088 1 1470 550 652
5626 4958 8699098 1 1490 550 679
5588 4958 8699108 1 1500 540 727
5508 4895 8699118 1 1500 540 759
5399 4787 8699128 1 1510 540 806
5266 4653 8699138 1 1510 540 830
5184 4557 8699148 1 1510 540 839
5136 4487 8699158 1 1510 540 842
5144 4463 8699168 1 1510 540 837
5175 4452 8699178 1 1510 540 825
5220 4452 8699188 1 1510 540 779
5318 4497 8699198 1 1510 540 679
5428 4581 8699208 1 1510 540 559
5545 4689 8699218 1 1510 540 538
5604 4770 8699228 1 1510 540 556
5626 4800 8699238 1 1520 540 578
5626 4800 8699248 1 1510 540 681
5626 4800 8699258 1 1510 540 760
5601 4700 8699268 1 1510 540 817
5564 4607 8699278 1 1500 540 870
5529 4519 8699288 1 1500 540 897
5529 4456 8699298 1 1500 540 911
5546 4409 8699308 1 1500 540 924
5579 4380 8699318 1 1500 540 929
5656 4388 8699328 1 1500 540 923
5761 4421 8699338 1 1480 540 909
5898 4502 8699348 1 1500 540 903
6037 4612 8699358 1 1500 540 866
6185 4741 8699368 1 1490 550 823
6339 4933 8699378 1 1490 550 787
6487 5124 8699388 1 1490 550 784
6613 5315 8699398 1 1500 550 785
6725 5462 8699408 1 1500 550 785
6811 5555 8699418 1 1500 550 799
6855 5611 8699428 1 1520 560 818
6872 5633 8699438 1 1530 550 849
6863 5649 8699448 1 1530 550 860
6842 5662 8699458 1 1540 550 860
6813 5674 8699468 1 1550 550 866
6776 5674 8699478 1 1550 550 853
6736 5674 8699488 1 1570 560 860
6695 5657 8699498 1 1570 560 870
6657 5636 8699508 1 1570 560 879
6614 5595 8699518 1 1590 550 890
6568 5542 8699528 1 1590 550 899
6520 5483 8699538 1 1590 550 909
6484 5411 8699548 1 1600 540 894
6449 5330 8699558 1 1610 550 902
6413 5242 8699568 1 1610 550 908
6374 5138 8699578 1 1610 550 915
6335 5024 8699588 1 1610 550 914
6313 4915 8699598 1 1610 550 917
6307 4823 8699608 1 1620 540 926
6312 4742 8699618 1 1620 540 935
6321 4684 8699628 1 1620 540 947
6333 4632 8699638 1 1610 550 937
6351 4583 8699648 1 1610 550 950
6383 4536 8699658 1 1610 550 976
6425 4498 8699668 1 1610 550 997
6485 4467 8699678 1 1610 550 987
6548 4445 8699688 1 1600 550 1000
6617 4445 8699698 1 1600 550 1008
6687 4445 8699708 1 1600 550 1006
6778 4476 8699718 1 1600 550 1000
6882 4525 8699728 1 1600 560 997
6984 4588 8699738 1 1600 560 980
7068 4665 8699748 1 1600 560 942
7139 4765 8699758 1 1600 560 918
7187 4881 8699768 1 1610 570 917
7211 4955 8699778 1 1610 570 915
7220 4987 8699788 1 1610 570 917
7210 4987 8699798 1 1610 570 926
7152 4974 8699808 1 1630 570 935
7063 4903 8699818 1 1630 570 977
6927 4795 8699828 1 1630 560 1023
6792 4680 8699838 1 1630 560 1023
6720 4584 8699848 1 1630 560 1023
6690 4502 8699858 1 1630 560 1023
6690 4455 8699868 1 1630 560 1023
6739 4426 8699878 1 1630 560 1023
6810 4409 8699888 1 1630 560 1023
6946 4443 8699898 1 1630 560 1023
7097 4505 8699908 1 1630 560 1023
7257 4587 8699918 1 1620 560 1009
7429 4673 8699928 1 1620 560 999
7588 4757 8699938 1 1610 570 999
7738 4838 8699948 1 1610 570 1002
7881 4886 8699958 1 1600 560 1008
7989 4914 8699968 1 1600 560 1023
8074 4919 8699978 1 1600 560 1023
8141 4919 8699988 1 1610 570 1023
8203 4907 8699998 1 1610 570 1023
8261 4886 8700008 1 1610 570 1023
8316 4860 8700018 1 1630 570 1023
8362 4830 8700028 1 1630 570 1023
8403 4778 8700038 1 1640 570 1023
8426 4714 8700048 1 1640 570 1023
8406 4627 8700058 1 1660 570 1023
8357 4500 8700068 1 1660 570 1023
8261 4347 8700078 1 1660 570 1023
8159 4226 8700088 1 1670 570 1023
8053 4145 8700098 1 1670 570 1023
7927 4091 8700108 1 1670 570 1023
7786 4055 8700118 1 1670 570 1023
7635 4041 8700128 1 1670 570 1023
7483 4041 8700138 1 1660 570 1023
7327 4066 8700148 1 1660 570 968
7167 4119 8700158 1 1650 580 728
5889 5224 8700510 0 1500 510 659
5812 5193 8700520 1 1500 510 784
5776 5204 8700530 1 1500 510 851
5776 5198 8700540 1 1500 510 941
5823 5198 8700550 1 1500 510 1023
5894 5229 8700560 1 1510 510 1023
6048 5272 8700570 1 1510 510 1023
6236 5341 8700580 1 1510 510 1023
6447 5399 8700590 1 1530 520 999
6642 5449 8700600 1 1530 520 740
