308
3326 4892 2621789 0 1340 490 30
3326 4892 2621799 1 1340 490 98
3326 4892 2621809 1 1330 480 144
3326 4892 2621819 1 1330 480 177
3326 4892 2621829 1 1340 480 190
3326 4892 2621839 1 1340 480 211
3341 4982 2621849 1 1340 480 235
3370 5006 2621859 1 1340 480 254
3413 5039 2621869 1 1340 480 242
3465 5079 2621879 1 1330 470 245
3527 5138 2621889 1 1340 470 247
3592 5206 2621899 1 1340 470 245
3661 5279 2621909 1 1340 470 250
3707 5352 2621919 1 1340 470 260
3738 5423 2621929 1 1340 470 281
3744 5477 2621939 1 1340 470 309
3726 5521 2621949 1 1340 470 316
3692 5557 2621959 1 1340 470 317
3633 5576 2621969 1 1340 470 304
3572 5584 2621979 1 1340 470 309
3510 5573 2621989 1 1340 470 322
3460 5558 2621999 1 1340 470 332
3416 5534 2622009 1 1340 470 339
3382 5492 2622019 1 1340 470 342
3352 5437 2622029 1 1340 470 336
3322 5350 2622039 1 1340 470 339
3292 5258 2622049 1 1340 470 339
3260 5156 2622059 1 1340 470 344
3228 5050 2622069 1 1340 470 348
3208 4942 2622079 1 1340 470 366
3208 4834 2622089 1 1340 470 394
3208 4729 2622099 1 1340 470 391
3241 4662 2622109 1 1330 470 397
3286 4618 2622119 1 1330 470 422
3342 4594 2622129 1 1330 470 415
3415 4594 2622139 1 1330 470 423
3493 4600 2622149 1 1320 480 430
3599 4633 2622159 1 1320 480 438
3721 4682 2622169 1 1320 480 436
3814 4742 2622179 1 1330 480 438
3888 4814 2622189 1 1330 480 440
3950 4890 2622199 1 1330 480 448
4002 4968 2622209 1 1330 480 439
4047 5038 2622219 1 1330 480 439
4088 5106 2622229 1 1330 480 443
4119 5167 2622239 1 1340 490 461
4129 5204 2622249 1 1340 490 461
4129 5227 2622259 1 1340 490 468
4111 5242 2622269 1 1340 490 475
4085 5254 2622279 1 1340 490 478
4051 5262 2622289 1 1350 500 490
4023 5262 2622299 1 1360 490 496
3997 5248 2622309 1 1360 490 498
3975 5219 2622319 1 1360 490 494
3949 5159 2622329 1 1370 480 501
3920 5081 2622339 1 1370 480 512
3893 4990 2622349 1 1370 480 520
3866 4897 2622359 1 1370 480 516
3842 4806 2622369 1 1370 480 526
3820 4724 2622379 1 1370 480 530
3801 4649 2622389 1 1370 480 535
3784 4570 2622399 1 1370 480 541
3770 4491 2622409 1 1360 490 536
3758 4413 2622419 1 1360 490 540
3750 4346 2622429 1 1360 490 548
3742 4285 2622439 1 1360 490 550
3734 4232 2622449 1 1350 500 559
3722 4189 2622459 1 1350 500 562
3708 4152 2622469 1 1340 490 568
3693 4116 2622479 1 1330 500 570
3679 4078 2622489 1 1330 500 560
3666 4040 2622499 1 1330 500 569
3650 4000 2622509 1 1330 500 574
3632 3959 2622519 1 1320 500 578
3614 3915 2622529 1 1320 500 580
3596 3869 2622539 1 1320 500 584
3572 3818 2622549 1 1320 500 586
3545 3762 2622559 1 1320 500 586
3516 3700 2622569 1 1320 500 591
3478 3638 2622579 1 1320 500 594
3433 3576 2622589 1 1300 510 585
3394 3522 2622599 1 1300 510 592
3359 3473 2622609 1 1300 510 613
3332 3444 2622619 1 1300 510 630
3309 3430 2622629 1 1290 510 638
3287 3425 2622639 1 1290 510 644
3254 3425 2622649 1 1290 510 652
3215 3440 2622659 1 1280 520 650
3165 3457 2622669 1 1280 520 647
3112 3480 2622679 1 1280 520 572
3056 3530 2622689 1 1280 520 312
5067 4584 2624153 0 1320 450 149
5067 4584 2624163 1 1310 450 277
5067 4584 2624173 1 1320 460 377
5088 4662 2624183 1 1320 460 431
5067 4682 2624193 1 1320 460 466
5040 4699 2624203 1 1330 460 480
5003 4708 2624213 1 1330 460 491
4954 4708 2624223 1 1330 460 488
4896 4695 2624233 1 1330 460 498
4840 4663 2624243 1 1330 460 497
4784 4619 2624253 1 1330 460 499
4726 4560 2624263 1 1320 470 502
4682 4479 2624273 1 1320 470 504
4650 4383 2624283 1 1320 470 510
4635 4277 2624293 1 1320 470 507
4641 4187 2624303 1 1320 470 504
4662 4143 2624313 1 1320 470 502
4695 4126 2624323 1 1320 470 502
4732 4126 2624333 1 1310 460 507
4785 4166 2624343 1 1310 460 520
4847 4227 2624353 1 1310 460 519
4903 4315 2624363 1 1310 460 513
4940 4403 2624373 1 1300 470 521
4964 4468 2624383 1 1300 470 527
4975 4519 2624393 1 1300 470 533
4975 4533 2624403 1 1300 470 524
4975 4533 2624413 1 1300 470 524
4981 4518 2624423 1 1310 470 544
4981 4475 2624433 1 1310 470 548
4989 4403 2624443 1 1310 470 550
4994 4312 2624453 1 1310 470 556
5000 4232 2624463 1 1310 470 561
5016 4158 2624473 1 1320 480 567
5034 4088 2624483 1 1320 480 564
5058 4034 2624493 1 1320 480 567
5090 3996 2624503 1 1320 480 567
5132 3970 2624513 1 1320 480 561
5181 3960 2624523 1 1320 480 580
5244 3971 2624533 1 1320 480 591
5316 3995 2624543 1 1330 470 592
5391 4043 2624553 1 1330 470 585
5466 4112 2624563 1 1330 470 588
5540 4196 2624573 1 1330 470 597
5619 4298 2624583 1 1330 470 608
5704 4415 2624593 1 1330 480 616
5793 4543 2624603 1 1330 480 611
5883 4654 2624613 1 1330 480 611
5947 4766 2624623 1 1330 480 616
6000 4880 2624633 1 1350 490 617
6046 5003 2624643 1 1350 490 619
6087 5117 2624653 1 1350 490 620
6129 5228 2624663 1 1350 490 620
6170 5322 2624673 1 1360 490 622
6195 5406 2624683 1 1370 480 624
6211 5448 2624693 1 1370 480 627
6211 5460 2624703 1 1370 480 624
6206 5453 2624713 1 1380 490 613
6195 5446 2624723 1 1390 480 611
6160 5387 2624733 1 1390 480 610
6113 5293 2624743 1 1410 490 613
6057 5153 2624753 1 1420 480 616
6011 4981 2624763 1 1420 480 614
5971 4789 2624773 1 1420 480 625
5944 4635 2624774 1 1420 480 641
5923 4485 2624784 1 1420 480 644
5910 4337 2624794 1 1420 480 661
5903 4195 2624804 1 1410 490 671
5903 4066 2624814 1 1410 490 670
5910 3945 2624824 1 1410 490 679
5926 3827 2624834 1 1400 500 687
5952 3730 2624844 1 1410 500 691
5987 3647 2624854 1 1400 510 696
6028 3601 2624864 1 1400 510 697
6070 3571 2624874 1 1380 510 702
6114 3553 2624884 1 1370 520 696
6161 3542 2624894 1 1360 520 694
6212 3542 2624904 1 1360 520 694
6265 3542 2624914 1 1350 530 682
6319 3561 2624924 1 1340 540 616
6373 3596 2624934 1 1350 540 512
6422 3643 2624944 1 1340 550 287
5601 4590 2625074 0 1350 510 346
5513 4510 2625084 1 1350 500 425
5481 4575 2625094 1 1350 500 440
5481 4575 2625104 1 1360 490 444
5481 4575 2625114 1 1350 490 472
5532 4575 2625124 1 1350 490 533
5608 4588 2625134 1 1360 480 550
5721 4597 2625144 1 1350 470 551
5833 4606 2625154 1 1350 470 516
5944 4589 2625164 1 1350 470 414
6029 4555 2625174 1 1350 470 56
6107 4075 2625785 0 1350 460 39
6107 4075 2625795 1 1350 460 108
6107 4075 2625805 1 1350 460 200
6107 4075 2625815 1 1350 460 244
6107 4075 2625825 1 1350 460 287
6107 4075 2625835 1 1350 460 340
6107 4075 2625845 1 1360 470 361
6107 4075 2625855 1 1360 470 369
6107 4075 2625865 1 1360 470 387
6107 4075 2625875 1 1360 470 397
6107 4075 2625885 1 1360 470 415
6107 4075 2625895 1 1360 470 440
6150 4068 2625905 1 1360 470 452
6188 4058 2625915 1 1360 470 469
6231 4051 2625925 1 1360 470 477
6285 4059 2625935 1 1360 470 485
6346 4075 2625945 1 1360 470 491
6412 4097 2625955 1 1360 470 496
6477 4128 2625965 1 1360 470 488
6544 4167 2625975 1 1360 470 491
6605 4211 2625985 1 1360 470 498
6662 4263 2625995 1 1360 470 488
6707 4318 2626005 1 1360 470 491
6735 4374 2626015 1 1360 470 504
6752 4419 2626025 1 1360 470 509
6760 4462 2626035 1 1360 470 512
6760 4504 2626045 1 1360 470 522
6748 4532 2626055 1 1360 470 512
6725 4550 2626065 1 1350 470 512
6690 4550 2626075 1 1350 470 517
6646 4526 2626085 1 1350 470 514
6586 4484 2626095 1 1350 470 512
6528 4417 2626105 1 1350 470 512
6478 4346 2626115 1 1350 470 516
6440 4268 2626125 1 1350 470 519
6420 4187 2626135 1 1350 470 533
6411 4093 2626145 1 1360 470 544
6411 3991 2626155 1 1360 470 546
6424 3889 2626165 1 1360 470 562
6449 3801 2626175 1 1360 470 570
6483 3723 2626185 1 1350 470 574
6539 3687 2626195 1 1360 480 591
6619 3675 2626205 1 1360 480 595
6716 3675 2626215 1 1360 480 606
6834 3707 2626225 1 1360 480 616
6935 3754 2626235 1 1360 490 614
7025 3813 2626245 1 1360 490 628
7110 3867 2626255 1 1360 490 644
7194 3919 2626265 1 1370 500 646
7276 3969 2626275 1 1370 500 650
7356 4017 2626285 1 1380 500 662
7431 4066 2626295 1 1380 500 668
7502 4116 2626305 1 1380 500 663
7571 4168 2626315 1 1380 510 666
7624 4196 2626325 1 1380 510 666
7665 4219 2626335 1 1400 520 666
7683 4229 2626345 1 1400 520 669
7691 4229 2626355 1 1410 520 675
7691 4229 2626365 1 1420 520 682
7691 4229 2626375 1 1430 520 694
7691 4229 2626385 1 1430 520 696
7691 4229 2626395 1 1430 520 713
7691 4229 2626405 1 1440 510 728
7691 4229 2626415 1 1460 520 731
7691 4235 2626425 1 1460 520 721
7691 4235 2626435 1 1460 520 727
7691 4235 2626445 1 1460 520 722
7691 4235 2626455 1 1460 520 725
7691 4243 2626465 1 1460 520 722
7691 4252 2626475 1 1460 520 725
7683 4268 2626485 1 1460 520 728
7683 4283 2626495 1 1460 520 727
7678 4305 2626505 1 1460 520 725
7678 4333 2626515 1 1460 520 724
7670 4368 2626525 1 1460 520 724
7670 4403 2626535 1 1440 510 722
7670 4442 2626545 1 1440 510 727
7670 4484 2626555 1 1440 510 721
7670 4522 2626565 1 1440 510 720
7677 4556 2626575 1 1440 510 733
7677 4569 2626585 1 1440 510 733
7672 4569 2626595 1 1430 510 731
7662 4569 2626605 1 1430 510 730
7644 4574 2626615 1 1430 510 728
7620 4569 2626625 1 1430 510 727
7587 4554 2626636 1 1430 510 725
7587 4554 2626646 1 1430 510 724
7587 4554 2626656 1 1430 510 728
7498 4443 2626666 1 1430 510 731
7477 4381 2626676 1 1430 510 731
7459 4315 2626686 1 1430 510 733
7445 4250 2626696 1 1430 510 722
7433 4184 2626706 1 1440 510 733
7424 4117 2626716 1 1440 510 736
7419 4041 2626726 1 1440 510 743
7419 3968 2626736 1 1440 510 746
7419 3897 2626746 1 1440 510 749
7432 3844 2626756 1 1440 510 749
7449 3804 2626766 1 1440 510 749
7469 3772 2626776 1 1440 510 752
7489 3742 2626786 1 1430 520 754
7509 3721 2626796 1 1430 520 758
7535 3707 2626806 1 1430 520 753
7566 3697 2626816 1 1420 530 759
7609 3690 2626826 1 1420 530 768
7662 3685 2626836 1 1410 530 771
7718 3685 2626846 1 1410 530 774
7770 3685 2626856 1 1400 540 777
7814 3677 2626866 1 1400 540 777
7854 3664 2626876 1 1390 550 780
7893 3644 2626886 1 1390 550 782
7932 3616 2626896 1 1390 560 784
7962 3581 2626906 1 1390 560 793
7985 3541 2626916 1 1380 570 785
7995 3484 2626926 1 1390 570 796
7995 3419 2626936 1 1390 570 811
7984 3346 2626946 1 1390 570 821
7979 3275 2626956 1 1400 580 817
7973 3213 2626966 1 1400 580 824
7963 3156 2626976 1 1420 580 830
7949 3092 2626986 1 1430 570 833
7922 3024 2626996 1 1430 570 833
7873 2950 2627006 1 1440 580 822
7808 2873 2627016 1 1440 580 782
7715 2782 2627026 1 1440 580 591
