238
2346 6346 81195182 0 1370 660 81
2346 6457 81195192 1 1370 630 89
2322 6487 81195202 1 1360 610 88
2286 6493 81195212 1 1360 600 88
2269 6482 81195222 1 1360 570 89
2253 6442 81195232 1 1380 550 89
2238 6363 81195242 1 1360 540 91
2222 6258 81195252 1 1370 520 104
2206 6115 81195262 1 1370 510 96
2193 5907 81195272 1 1370 500 101
2169 5655 81195282 1 1370 500 115
2137 5353 81195292 1 1370 500 120
2094 4992 81195302 1 1370 500 120
2050 4591 81195312 1 1360 500 115
2006 4230 81195322 1 1350 510 108
1973 3895 81195332 1 1340 510 120
1944 3577 81195342 1 1330 520 120
1929 3368 81195352 1 1310 520 120
1922 3203 81195362 1 1300 530 120
1916 3067 81195372 1 1290 530 120
1911 3006 81195382 1 1280 540 120
1911 2997 81195392 1 1260 540 108
1911 3024 81195402 1 1250 550 89
1911 3137 81195412 1 1230 550 73
1911 3350 81195422 1 1210 550 76
1926 3631 81195432 1 1200 550 81
1957 3969 81195442 1 1180 560 89
2001 4323 81195452 1 1180 560 94
2074 4687 81195462 1 1180 560 98
2168 5024 81195472 1 1180 560 101
2276 5312 81195482 1 1180 560 104
2408 5568 81195492 1 1180 560 90
2568 5760 81195502 1 1180 560 95
2747 5917 81195512 1 1200 550 105
2912 6050 81195522 1 1210 550 108
3086 6126 81195532 1 1230 550 112
3266 6144 81195542 1 1240 540 113
3402 6124 81195552 1 1250 540 113
3501 6041 81195562 1 1270 530 115
3574 5909 81195572 1 1280 530 119
3598 5745 81195582 1 1290 520 125
3578 5575 81195592 1 1300 520 127
3528 5371 81195602 1 1320 510 127
3443 5144 81195612 1 1320 510 127
3331 4932 81195622 1 1320 510 125
3201 4748 81195632 1 1330 510 103
3056 4584 81195642 1 1330 510 94
2913 4474 81195652 1 1320 510 76
2783 4410 81195662 1 1320 510 76
2661 4377 81195672 1 1320 510 83
2552 4382 81195682 1 1300 520 93
2482 4403 81195692 1 1300 520 146
2437 4434 81195702 1 1280 520 163
2421 4442 81195712 1 1280 520 170
2421 4442 81195722 1 1270 520 170
2432 4437 81195732 1 1270 520 172
2471 4404 81195742 1 1270 520 173
2536 4353 81195752 1 1270 520 184
2619 4263 81195762 1 1270 520 181
2725 4167 81195772 1 1270 520 203
2833 4061 81195782 1 1270 520 211
2942 3950 81195792 1 1270 520 232
3071 3834 81195802 1 1270 520 253
3208 3711 81195812 1 1270 520 242
3349 3607 81195822 1 1270 520 244
3479 3516 81195832 1 1270 520 244
3611 3437 81195842 1 1250 530 245
3749 3377 81195852 1 1250 530 247
3869 3331 81195862 1 1250 530 247
3976 3316 81195872 1 1250 530 247
4094 3333 81195882 1 1250 530 245
4220 3371 81195892 1 1250 530 247
4350 3435 81195902 1 1240 530 245
4478 3516 81195912 1 1230 520 244
4607 3608 81195922 1 1230 520 245
4737 3710 81195932 1 1230 520 244
4840 3820 81195942 1 1230 520 245
4925 3936 81195952 1 1230 520 247
4994 4032 81195962 1 1230 520 250
5042 4113 81195972 1 1230 520 257
5077 4183 81195982 1 1230 520 267
5090 4233 81195992 1 1230 520 279
5084 4260 81196002 1 1240 520 287
5065 4273 81196012 1 1240 520 292
5032 4273 81196022 1 1240 520 297
4985 4251 81196032 1 1250 530 302
4929 4211 81196042 1 1250 530 311
4860 4143 81196052 1 1250 530 322
4785 4044 81196062 1 1270 520 333
4707 3924 81196072 1 1270 520 351
4646 3773 81196082 1 1270 520 369
4610 3621 81196092 1 1270 520 367
4591 3470 81196102 1 1270 520 376
4586 3305 81196112 1 1270 520 381
4605 3131 81196122 1 1250 530 379
4640 2998 81196132 1 1250 530 381
4698 2899 81196142 1 1250 530 377
4767 2823 81196152 1 1250 530 384
4842 2789 81196162 1 1250 530 386
4927 2804 81196172 1 1240 530 391
5016 2852 81196182 1 1240 530 396
5114 2946 81196192 1 1240 530 399
5221 3077 81196202 1 1230 530 398
5333 3233 81196212 1 1230 530 389
5423 3406 81196222 1 1230 530 399
5491 3565 81196232 1 1230 530 394
5545 3715 81196242 1 1220 540 394
5580 3857 81196252 1 1220 540 393
5596 3935 81196262 1 1220 540 398
5596 3971 81196272 1 1220 540 394
5596 3971 81196282 1 1230 530 393
5596 3964 81196292 1 1230 530 394
5596 3915 81196302 1 1230 530 394
5596 3838 81196312 1 1240 530 398
5610 3709 81196314 1 1240 530 392
5642 3587 81196324 1 1240 530 397
5686 3469 81196334 1 1240 530 402
5763 3353 81196344 1 1240 530 405
5850 3253 81196354 1 1240 530 409
5943 3164 81196364 1 1240 530 407
6042 3114 81196374 1 1240 530 412
6155 3096 81196384 1 1270 530 409
6278 3096 81196394 1 1250 540 410
6395 3136 81196404 1 1250 540 407
6512 3216 81196414 1 1250 540 407
6632 3324 81196424 1 1240 540 404
6764 3475 81196434 1 1240 540 402
6905 3670 81196444 1 1240 540 397
7023 3894 81196454 1 1230 550 391
7136 4149 81196464 1 1240 550 393
7245 4422 81196474 1 1240 550 382
7341 4707 81196484 1 1240 550 372
7419 4995 81196494 1 1240 550 362
7484 5267 81196504 1 1240 550 363
7530 5529 81196514 1 1240 550 361
7553 5737 81196524 1 1240 550 348
7560 5909 81196534 1 1260 560 334
7547 6056 81196544 1 1260 560 329
7513 6147 81196554 1 1270 550 322
7465 6194 81196564 1 1290 550 310
7404 6211 81196574 1 1310 550 304
7333 6194 81196584 1 1330 540 304
7254 6138 81196594 1 1330 540 317
7185 6055 81196604 1 1340 540 304
7133 5940 81196614 1 1350 530 304
7093 5791 81196624 1 1350 530 304
7068 5619 81196634 1 1360 520 312
7044 5413 81196644 1 1360 520 317
7024 5160 81196654 1 1370 520 325
7009 4877 81196664 1 1390 520 325
7001 4584 81196674 1 1390 520 334
7001 4302 81196684 1 1390 520 340
7033 4036 81196694 1 1390 520 334
7075 3777 81196704 1 1370 530 336
7137 3569 81196714 1 1370 530 348
7220 3391 81196724 1 1360 540 353
7316 3232 81196734 1 1340 540 361
7427 3088 81196744 1 1330 540 366
7544 2980 81196754 1 1330 540 371
7671 2897 81196764 1 1310 550 364
7820 2852 81196774 1 1300 550 367
7984 2844 81196784 1 1300 550 374
8133 2861 81196794 1 1300 550 376
8286 2917 81196804 1 1290 560 376
8446 3002 81196814 1 1290 560 381
8583 3107 81196824 1 1290 560 376
8705 3242 81196834 1 1270 550 376
8816 3391 81196844 1 1260 560 376
8905 3549 81196854 1 1260 560 374
8978 3687 81196864 1 1270 560 371
9023 3825 81196874 1 1270 560 371
9048 3934 81196884 1 1270 560 361
9059 4023 81196894 1 1270 560 373
9059 4101 81196904 1 1300 560 361
9047 4157 81196914 1 1300 560 361
9031 4198 81196924 1 1300 560 362
9012 4218 81196934 1 1310 570 362
8995 4236 81196944 1 1320 570 364
8981 4241 81196954 1 1320 570 362
8972 4241 81196964 1 1340 570 362
8963 4229 81196974 1 1340 570 361
8954 4197 81196984 1 1340 570 361
8947 4151 81196994 1 1350 580 364
8947 4082 81197004 1 1350 580 367
8947 3988 81197014 1 1360 570 374
8964 3877 81197024 1 1360 570 381
8986 3745 81197034 1 1360 570 382
9016 3630 81197044 1 1360 570 387
9060 3526 81197054 1 1360 570 394
9113 3434 81197064 1 1360 570 399
9178 3358 81197074 1 1350 580 389
9248 3293 81197084 1 1350 580 392
9328 3250 81197094 1 1340 570 396
9420 3232 81197104 1 1340 570 397
9519 3232 81197114 1 1340 570 397
9613 3260 81197124 1 1320 580 394
9706 3316 81197134 1 1310 570 396
9799 3389 81197144 1 1310 570 394
9889 3469 81197154 1 1310 570 394
9965 3554 81197164 1 1280 570 396
10032 3643 81197174 1 1280 570 396
10079 3717 81197184 1 1280 570 392
10114 3791 81197194 1 1280 570 392
10140 3829 81197204 1 1280 570 388
10157 3843 81197214 1 1280 570 393
10174 3838 81197224 1 1300 560 394
10192 3813 81197234 1 1300 560 394
10221 3776 81197244 1 1300 560 394
10253 3704 81197254 1 1310 560 398
10291 3627 81197264 1 1310 560 391
10332 3532 81197274 1 1310 560 396
10387 3427 81197284 1 1320 570 405
10450 3316 81197294 1 1320 570 415
10525 3211 81197304 1 1320 570 420
10605 3129 81197314 1 1320 570 414
10695 3060 81197324 1 1320 570 418
10805 3015 81197334 1 1320 570 422
10927 2998 81197344 1 1320 570 420
11070 2998 81197354 1 1310 560 420
11209 3031 81197364 1 1300 560 417
11345 3077 81197374 1 1300 560 400
11496 3133 81197384 1 1270 560 371
11637 3185 81197394 1 1270 560 285
10402 4376 81197666 0 1260 540 24
10402 4395 81197676 1 1270 550 36
10402 4395 81197686 1 1290 550 55
10425 4384 81197696 1 1290 550 101
10456 4368 81197706 1 1290 550 105
10488 4345 81197716 1 1290 550 115
10528 4314 81197726 1 1290 550 115
10573 4278 81197736 1 1290 550 110
10609 4242 81197746 1 1290 550 36
9002 4608 81197956 0 1300 480 244
8932 4612 81197966 1 1300 480 245
8912 4665 81197976 1 1300 480 240
8921 4657 81197986 1 1290 490 225
8950 4635 81197996 1 1290 490 185
8993 4605 81198006 1 1290 500 75
