234
3505 5955 1671904 0 1350 800 120
3505 5955 1671914 1 1310 790 172
3505 5955 1671924 1 1320 780 235
3505 5955 1671934 1 1320 750 276
3505 5955 1671944 1 1300 730 315
3505 5955 1671954 1 1310 710 334
3477 6037 1671964 1 1290 680 363
3477 6083 1671974 1 1300 660 361
3491 6141 1671984 1 1290 640 367
3506 6219 1671994 1 1290 610 367
3518 6301 1672004 1 1280 590 374
3518 6387 1672014 1 1280 570 377
3504 6470 1672024 1 1270 550 389
3487 6522 1672034 1 1280 530 398
3458 6554 1672044 1 1270 510 388
3420 6575 1672054 1 1260 490 388
3380 6575 1672064 1 1250 470 391
3328 6566 1672074 1 1250 460 389
3268 6528 1672084 1 1250 450 394
3205 6464 1672094 1 1250 450 397
3141 6382 1672104 1 1250 450 404
3076 6285 1672114 1 1250 450 409
3024 6185 1672124 1 1250 450 415
2989 6076 1672134 1 1260 460 417
2965 5971 1672144 1 1260 460 417
2965 5871 1672154 1 1260 460 415
2985 5786 1672164 1 1260 460 417
3024 5734 1672174 1 1250 460 415
3086 5704 1672184 1 1250 460 420
3174 5709 1672194 1 1250 460 422
3280 5759 1672204 1 1250 460 422
3396 5838 1672214 1 1250 460 422
3512 5942 1672224 1 1260 460 417
3611 6045 1672234 1 1260 460 418
3698 6135 1672244 1 1260 460 427
3758 6217 1672254 1 1260 460 425
3795 6282 1672264 1 1260 460 430
3817 6317 1672274 1 1260 460 450
3817 6333 1672284 1 1260 460 471
3812 6333 1672294 1 1260 460 468
3799 6323 1672304 1 1260 460 468
3767 6275 1672314 1 1280 450 468
3716 6200 1672324 1 1280 450 468
3652 6093 1672334 1 1270 450 468
3594 5953 1672344 1 1280 440 468
3550 5790 1672354 1 1290 450 466
3514 5606 1672364 1 1280 450 466
3487 5349 1672374 1 1280 450 453
3460 5044 1672384 1 1280 450 450
3435 4730 1672394 1 1260 460 442
3409 4480 1672404 1 1250 460 447
3390 4273 1672414 1 1240 460 473
3347 4092 1672424 1 1230 460 468
3289 3944 1672434 1 1220 460 489
3203 3819 1672444 1 1210 470 497
3085 3718 1672454 1 1200 470 499
2945 3666 1672464 1 1190 470 496
2811 3648 1672474 1 1170 480 488
2679 3667 1672484 1 1150 480 491
2552 3752 1672494 1 1140 480 498
2500 3880 1672504 1 1140 480 493
2500 4075 1672514 1 1130 490 491
2576 4316 1672524 1 1130 490 483
2715 4588 1672534 1 1130 490 445
2893 4849 1672544 1 1140 500 394
3123 5092 1672554 1 1140 500 296
3374 5322 1672564 1 1140 500 136
4790 5951 1672635 0 1230 480 90
4959 5990 1672645 1 1240 490 93
4992 6000 1672655 1 1250 480 103
5009 6000 1672665 1 1260 480 176
5009 6009 1672675 1 1260 480 240
5009 6024 1672685 1 1280 480 270
5009 6024 1672695 1 1280 480 291
5009 6024 1672705 1 1280 480 301
4950 6120 1672715 1 1310 480 301
4925 6170 1672725 1 1310 480 302
4895 6222 1672735 1 1310 480 301
4861 6279 1672745 1 1320 490 301
4820 6340 1672755 1 1320 490 306
4773 6372 1672765 1 1330 480 314
4722 6372 1672775 1 1330 480 317
4666 6348 1672785 1 1320 480 310
4607 6291 1672795 1 1330 470 333
4546 6214 1672805 1 1320 470 371
4491 6124 1672815 1 1320 470 387
4437 6004 1672825 1 1310 460 399
4382 5859 1672835 1 1320 460 407
4327 5697 1672845 1 1300 460 413
4287 5585 1672855 1 1300 460 409
4287 5527 1672865 1 1290 450 404
4321 5505 1672875 1 1270 450 407
4369 5523 1672885 1 1270 450 409
4437 5592 1672895 1 1260 440 410
4517 5694 1672905 1 1260 440 409
4601 5812 1672915 1 1250 430 415
4669 5938 1672925 1 1250 430 472
4727 6070 1672935 1 1250 430 565
4759 6144 1672945 1 1240 440 661
4769 6175 1672955 1 1250 440 722
4763 6175 1672965 1 1250 440 771
4763 6175 1672975 1 1250 440 784
4757 6175 1672985 1 1250 450 790
4757 6175 1672995 1 1250 450 815
4757 6175 1673005 1 1270 450 827
4752 6170 1673015 1 1280 450 817
4752 6170 1673025 1 1290 450 818
4752 6170 1673035 1 1290 450 819
4752 6170 1673045 1 1310 450 817
4747 6170 1673055 1 1310 450 829
4747 6170 1673065 1 1310 450 821
4747 6170 1673075 1 1320 450 812
4760 6128 1673085 1 1320 450 811
4779 6070 1673095 1 1320 450 794
4807 5979 1673105 1 1320 450 780
4849 5881 1673115 1 1320 450 758
4898 5779 1673125 1 1310 450 730
4965 5718 1673135 1 1310 450 691
5058 5692 1673145 1 1310 450 670
5168 5692 1673155 1 1310 450 645
5298 5729 1673165 1 1310 450 613
5421 5814 1673175 1 1300 460 609
5539 5929 1673185 1 1300 460 583
5649 6051 1673195 1 1300 460 564
5759 6191 1673205 1 1310 460 568
5850 6343 1673215 1 1300 470 570
5928 6508 1673225 1 1310 470 560
5982 6621 1673235 1 1310 470 567
6013 6700 1673245 1 1320 480 586
6028 6736 1673255 1 1320 480 605
6028 6751 1673265 1 1330 480 619
6017 6751 1673275 1 1330 480 627
6000 6744 1673285 1 1330 480 630
5965 6690 1673295 1 1340 490 633
5912 6606 1673305 1 1340 490 644
5847 6461 1673315 1 1340 490 643
5770 6295 1673325 1 1350 490 647
5720 6114 1673335 1 1350 490 650
5687 5949 1673345 1 1350 490 647
5687 5814 1673355 1 1350 490 643
5733 5699 1673365 1 1340 490 650
5803 5655 1673375 1 1340 490 636
5881 5643 1673385 1 1340 490 619
5962 5653 1673395 1 1330 500 583
6047 5695 1673405 1 1330 500 541
6131 5755 1673415 1 1330 500 470
6194 5826 1673425 1 1330 500 348
6244 5911 1673435 1 1330 500 55
5685 6192 1673496 0 1320 490 240
5331 6125 1673506 1 1320 490 337
5148 6101 1673516 1 1330 480 388
5050 6095 1673526 1 1330 480 450
5014 6095 1673536 1 1340 480 467
5019 6095 1673546 1 1340 480 477
5033 6095 1673556 1 1330 470 494
5088 6109 1673566 1 1340 470 512
5169 6129 1673576 1 1340 470 515
5320 6157 1673586 1 1340 470 526
5504 6209 1673596 1 1350 460 529
5709 6265 1673606 1 1350 460 533
5919 6325 1673616 1 1340 460 533
6099 6360 1673626 1 1340 460 532
6260 6392 1673636 1 1350 460 532
6416 6422 1673646 1 1350 460 522
6544 6446 1673656 1 1350 460 520
6654 6466 1673666 1 1360 470 491
6734 6458 1673676 1 1360 470 450
6774 6434 1673686 1 1360 470 409
6787 6367 1673696 1 1360 470 338
6749 6270 1673706 1 1360 470 317
6685 6152 1673716 1 1360 470 312
6604 6036 1673726 1 1370 470 320
6531 5924 1673736 1 1360 480 371
6491 5836 1673746 1 1360 480 400
6473 5763 1673756 1 1360 480 422
6480 5716 1673766 1 1350 490 442
6504 5685 1673776 1 1350 490 465
6539 5664 1673786 1 1340 490 492
6590 5669 1673796 1 1340 490 509
6662 5709 1673806 1 1340 490 517
6748 5773 1673816 1 1340 490 514
6839 5869 1673826 1 1340 490 514
6907 5973 1673836 1 1350 500 502
6959 6083 1673846 1 1350 500 491
6989 6186 1673856 1 1350 500 488
6989 6265 1673866 1 1350 500 498
6969 6328 1673876 1 1350 500 493
6931 6358 1673886 1 1350 500 491
6862 6358 1673896 1 1360 500 488
6773 6331 1673906 1 1360 500 490
6677 6280 1673916 1 1360 500 494
6592 6228 1673926 1 1370 500 520
6538 6170 1673936 1 1370 500 535
6502 6108 1673946 1 1370 500 567
6489 6038 1673956 1 1370 480 591
6481 5959 1673966 1 1370 480 591
6503 5875 1673976 1 1370 480 606
6544 5805 1673986 1 1370 480 613
6609 5745 1673996 1 1370 480 620
6702 5715 1674006 1 1370 480 617
6813 5715 1674016 1 1360 490 614
6948 5735 1674026 1 1360 490 572
7105 5796 1674036 1 1360 490 518
7276 5881 1674046 1 1360 490 495
7459 5982 1674056 1 1360 490 478
7619 6073 1674066 1 1360 490 470
7763 6163 1674076 1 1370 500 467
7911 6256 1674086 1 1370 500 468
8034 6352 1674096 1 1380 500 473
8140 6441 1674106 1 1380 500 475
8241 6505 1674116 1 1400 510 488
8316 6552 1674126 1 1400 510 515
8373 6582 1674136 1 1410 510 544
8389 6593 1674146 1 1410 510 575
8382 6593 1674156 1 1420 520 592
8360 6582 1674166 1 1420 520 595
8302 6554 1674176 1 1420 520 614
8233 6513 1674186 1 1430 510 644
8157 6451 1674196 1 1440 510 662
8087 6378 1674206 1 1440 510 670
8023 6297 1674216 1 1440 510 690
7970 6230 1674226 1 1460 520 688
7945 6176 1674236 1 1470 510 690
7938 6131 1674246 1 1470 510 690
7957 6097 1674256 1 1470 510 691
8003 6068 1674266 1 1470 510 694
8068 6042 1674276 1 1460 520 699
8145 6011 1674286 1 1470 520 694
8218 5980 1674296 1 1470 520 728
8288 5944 1674306 1 1470 520 759
8343 5902 1674316 1 1470 520 779
8371 5840 1674326 1 1470 520 782
8381 5766 1674336 1 1470 520 757
8311 5649 1674346 1 1470 530 515
