383
3658 4773 8559658 0 1400 500 170
3658 4773 8559668 1 1400 500 203
3658 4773 8559678 1 1400 500 175
3658 4773 8559688 1 1410 500 183
3658 4773 8559698 1 1410 500 256
3658 4773 8559708 1 1400 510 274
3658 4773 8559718 1 1410 510 274
3658 4773 8559728 1 1410 510 309
3658 4773 8559738 1 1410 510 353
3658 4773 8559748 1 1420 520 381
3658 4773 8559758 1 1410 520 407
3658 4773 8559768 1 1410 520 415
3658 4773 8559778 1 1410 520 433
3658 4773 8559788 1 1390 520 449
3658 4773 8559798 1 1370 530 455
3658 4773 8559808 1 1370 530 473
3658 4773 8559818 1 1360 520 489
3658 4773 8559828 1 1360 520 521
3658 4773 8559838 1 1360 520 550
3782 4716 8559848 1 1360 520 566
3866 4757 8559858 1 1360 520 580
4000 4817 8559868 1 1370 530 592
4168 4905 8559878 1 1370 530 592
4281 4994 8559888 1 1370 530 605
4409 5083 8559898 1 1390 520 606
4546 5159 8559908 1 1400 530 606
4635 5214 8559918 1 1400 530 600
4693 5254 8559928 1 1410 520 578
4731 5279 8559938 1 1420 530 550
4744 5290 8559948 1 1420 530 492
4739 5290 8559958 1 1420 530 436
4722 5311 8559968 1 1430 520 382
4685 5336 8559978 1 1430 520 305
4635 5364 8559988 1 1430 520 216
4576 5399 8559998 1 1450 530 134
4520 5444 8560008 1 1460 520 94
4467 5497 8560018 1 1460 520 89
4421 5548 8560028 1 1460 520 96
4382 5597 8560038 1 1450 530 142
4350 5642 8560048 1 1450 530 214
4323 5680 8560058 1 1430 520 299
4299 5714 8560068 1 1430 520 394
4280 5746 8560078 1 1430 520 471
4265 5773 8560088 1 1430 520 515
4253 5797 8560098 1 1440 510 556
4241 5815 8560108 1 1440 510 569
4236 5830 8560118 1 1440 510 578
4236 5837 8560128 1 1440 510 578
4231 5837 8560138 1 1440 510 567
4231 5837 8560148 1 1430 510 564
4231 5829 8560158 1 1430 510 563
4231 5817 8560168 1 1440 500 566
4231 5795 8560178 1 1450 510 567
4231 5764 8560188 1 1450 510 574
4231 5701 8560198 1 1450 510 594
4231 5618 8560208 1 1450 510 633
4231 5457 8560218 1 1450 510 661
4231 5209 8560228 1 1450 510 669
4245 4903 8560238 1 1450 510 678
4261 4549 8560248 1 1440 510 676
4284 4237 8560258 1 1440 510 670
4306 3952 8560268 1 1440 510 673
4328 3824 8560278 1 1440 510 699
4345 3755 8560288 1 1430 520 724
4358 3725 8560298 1 1430 520 721
4368 3702 8560308 1 1420 530 714
4376 3695 8560318 1 1410 530 711
4376 3700 8560328 1 1400 540 690
4367 3727 8560338 1 1390 540 638
4373 3801 8560348 1 1370 540 614
4373 3906 8560358 1 1370 540 551
4373 4022 8560368 1 1370 540 491
4386 4154 8560378 1 1360 550 442
4401 4297 8560388 1 1360 550 435
4423 4444 8560398 1 1360 550 433
4449 4568 8560408 1 1360 550 431
4483 4678 8560418 1 1360 550 436
4517 4782 8560419 1 1350 540 441
4551 4861 8560429 1 1350 540 444
4574 4924 8560439 1 1350 540 445
4592 4955 8560449 1 1350 540 463
4599 4970 8560459 1 1360 550 475
4599 4970 8560469 1 1370 540 489
4604 4975 8560479 1 1390 540 509
4604 4975 8560489 1 1390 540 515
4604 4975 8560499 1 1390 540 527
4604 4975 8560509 1 1400 530 530
4604 4983 8560519 1 1400 530 532
4610 4983 8560529 1 1410 530 533
4610 4983 8560539 1 1410 530 532
4617 4989 8560549 1 1410 530 530
4617 4989 8560559 1 1420 530 535
4617 4989 8560569 1 1420 530 537
4617 4989 8560579 1 1420 530 537
4617 4989 8560589 1 1420 530 530
4617 4989 8560599 1 1420 530 532
4617 4989 8560609 1 1420 530 544
4617 4980 8560619 1 1430 520 562
4595 4932 8560629 1 1430 520 561
4561 4857 8560639 1 1420 530 567
4499 4728 8560649 1 1420 530 594
4418 4595 8560659 1 1420 530 614
4323 4455 8560669 1 1420 530 685
4217 4338 8560679 1 1420 530 740
4117 4237 8560689 1 1410 530 774
4020 4166 8560699 1 1410 530 787
3954 4117 8560709 1 1410 530 799
3904 4082 8560719 1 1410 530 805
3865 4066 8560729 1 1410 530 806
3847 4066 8560739 1 1410 530 802
3834 4073 8560749 1 1410 530 779
3834 4091 8560759 1 1410 530 685
3834 4143 8560769 1 1410 530 468
4349 4731 8560849 0 1400 530 491
4697 4874 8560859 1 1410 520 594
4827 4948 8560869 1 1410 520 592
4912 4984 8560879 1 1410 520 591
4966 4969 8560889 1 1410 520 562
5033 4919 8560899 1 1410 520 485
5085 4892 8560909 1 1420 530 354
5126 4857 8560919 1 1420 530 136
5221 4887 8560980 0 1450 540 267
5333 4994 8560990 1 1450 540 366
5408 5067 8561000 1 1460 540 441
5523 5147 8561010 1 1460 540 514
5664 5255 8561020 1 1470 550 562
5857 5383 8561030 1 1470 550 595
6027 5517 8561040 1 1460 550 616
6181 5642 8561050 1 1480 560 630
6334 5753 8561060 1 1480 560 638
6448 5845 8561070 1 1480 560 638
6535 5926 8561080 1 1480 560 645
6592 5982 8561090 1 1490 560 636
6622 6023 8561100 1 1490 560 638
6634 6055 8561110 1 1490 560 637
6629 6088 8561120 1 1500 550 642
6608 6128 8561130 1 1500 550 636
6576 6172 8561140 1 1520 560 627
6535 6218 8561150 1 1520 560 630
6497 6259 8561160 1 1530 550 628
6463 6292 8561170 1 1540 550 628
6433 6316 8561180 1 1540 550 631
6405 6337 8561190 1 1540 550 633
6378 6360 8561200 1 1550 540 638
6354 6383 8561210 1 1550 540 636
6331 6394 8561220 1 1560 530 636
6310 6405 8561230 1 1560 530 636
6293 6417 8561240 1 1560 530 639
6282 6423 8561250 1 1560 530 636
6273 6423 8561260 1 1560 530 638
6267 6423 8561270 1 1560 530 638
6260 6423 8561280 1 1560 530 636
6254 6423 8561290 1 1560 530 636
6254 6423 8561300 1 1560 530 638
6254 6423 8561310 1 1560 530 636
6246 6423 8561320 1 1560 530 634
6240 6416 8561330 1 1560 530 638
6240 6416 8561340 1 1560 530 638
6234 6406 8561350 1 1560 530 636
6234 6398 8561360 1 1560 530 638
6224 6388 8561370 1 1560 530 636
6216 6373 8561380 1 1560 530 641
6209 6320 8561390 1 1560 530 647
6202 6244 8561400 1 1560 530 693
6192 6065 8561410 1 1560 530 739
6180 5747 8561420 1 1560 530 759
6168 5336 8561430 1 1560 530 763
6154 4767 8561440 1 1540 530 767
6138 4279 8561450 1 1530 540 780
6147 3846 8561460 1 1530 540 858
6161 3624 8561470 1 1530 550 887
6189 3500 8561480 1 1520 560 900
6223 3442 8561490 1 1510 560 900
6244 3389 8561500 1 1500 570 897
6255 3369 8561510 1 1490 580 894
6260 3369 8561520 1 1470 590 866
6260 3369 8561530 1 1460 600 794
6254 3426 8561540 1 1450 600 722
6245 3519 8561550 1 1440 610 664
6245 3664 8561560 1 1430 620 550
6245 3843 8561570 1 1410 630 433
6245 4044 8561580 1 1400 630 399
6273 4214 8561590 1 1400 630 397
6313 4363 8561600 1 1400 630 405
6368 4499 8561610 1 1400 630 440
6420 4607 8561620 1 1400 630 478
6470 4702 8561630 1 1400 630 515
6506 4788 8561640 1 1400 630 530
6533 4858 8561650 1 1400 630 537
6555 4901 8561660 1 1410 630 562
6565 4925 8561670 1 1430 620 589
6565 4933 8561680 1 1430 620 606
6565 4938 8561690 1 1440 610 619
6565 4938 8561700 1 1440 610 619
6565 4938 8561710 1 1450 600 633
6565 4938 8561720 1 1460 600 638
6559 4938 8561730 1 1460 600 644
6549 4930 8561740 1 1460 600 637
6534 4922 8561750 1 1470 590 649
6503 4893 8561760 1 1470 590 665
6460 4851 8561770 1 1470 590 664
6384 4770 8561780 1 1470 590 685
6277 4686 8561790 1 1470 590 717
6149 4598 8561800 1 1490 580 763
6016 4513 8561810 1 1490 580 787
5888 4447 8561820 1 1490 580 821
5789 4394 8561830 1 1490 580 818
5707 4364 8561840 1 1470 590 822
5649 4350 8561850 1 1470 590 827
5618 4350 8561860 1 1460 580 825
5604 4350 8561870 1 1460 580 821
5604 4350 8561880 1 1460 580 832
5633 4363 8561890 1 1460 580 830
5676 4394 8561900 1 1430 590 830
5800 4432 8561910 1 1430 590 818
5976 4476 8561920 1 1430 590 824
6187 4505 8561930 1 1430 590 824
6440 4531 8561940 1 1430 590 834
6666 4551 8561950 1 1430 590 855
6873 4566 8561960 1 1430 590 875
7010 4576 8561970 1 1430 590 908
7096 4576 8561980 1 1440 600 923
7149 4576 8561990 1 1440 600 950
7161 4576 8562000 1 1440 600 973
7154 4568 8562010 1 1450 600 986
7135 4568 8562020 1 1450 600 977
7075 4560 8562030 1 1470 610 935
7001 4560 8562040 1 1470 610 861
6918 4560 8562050 1 1480 610 619
7851 5213 8562352 0 1470 590 504
7851 5213 8562362 1 1470 590 636
7851 5213 8562372 1 1490 590 659
7851 5213 8562382 1 1490 590 665
7851 5213 8562392 1 1490 590 699
7851 5213 8562402 1 1510 600 722
7892 5264 8562412 1 1510 600 727
7918 5264 8562422 1 1510 600 754
7962 5259 8562432 1 1510 610 763
8019 5253 8562442 1 1510 610 787
8067 5245 8562452 1 1530 610 827
8120 5236 8562462 1 1530 610 848
8172 5225 8562472 1 1550 620 872
8223 5211 8562482 1 1550 620 900
8280 5201 8562492 1 1550 620 900
8336 5195 8562502 1 1550 620 911
8384 5183 8562512 1 1550 620 921
8426 5173 8562522 1 1550 620 929
8462 5164 8562532 1 1550 620 933
8488 5155 8562542 1 1560 620 933
8507 5145 8562552 1 1560 620 929
8519 5133 8562562 1 1560 620 912
8519 5116 8562572 1 1560 620 872
8519 5064 8562582 1 1560 620 803
8481 4991 8562592 1 1560 620 728
8417 4884 8562602 1 1560 620 667
8334 4750 8562612 1 1560 620 625
8230 4599 8562622 1 1550 630 611
8125 4448 8562632 1 1550 630 616
8019 4300 8562642 1 1550 630 652
7935 4187 8562652 1 1550 630 713
7854 4096 8562662 1 1550 630 762
7799 4031 8562672 1 1550 630 809
7761 3994 8562682 1 1550 630 843
7753 3976 8562692 1 1540 640 863
7753 3976 8562702 1 1540 640 893
7753 3989 8562712 1 1540 640 900
7791 4006 8562722 1 1530 630 905
7847 4063 8562732 1 1530 630 899
7944 4151 8562742 1 1530 630 879
8045 4260 8562752 1 1510 640 834
8168 4413 8562762 1 1510 640 784
8304 4591 8562772 1 1510 640 771
8454 4786 8562782 1 1510 640 771
8593 4956 8562792 1 1510 640 773
8725 5068 8562802 1 1510 640 773
8838 5142 8562812 1 1510 640 779
8924 5187 8562822 1 1530 650 790
8993 5211 8562832 1 1530 650 784
9026 5222 8562842 1 1530 650 794
9045 5212 8562852 1 1550 650 820
9054 5196 8562862 1 1550 650 834
9054 5139 8562872 1 1580 640 860
9037 5058 8562882 1 1580 640 866
9012 4941 8562892 1 1580 640 887
8962 4810 8562902 1 1600 650 897
8914 4669 8562912 1 1600 650 932
8867 4581 8562922 1 1600 650 935
8843 4526 8562932 1 1600 650 944
8837 4492 8562942 1 1600 650 944
8843 4483 8562952 1 1600 660 944
8849 4483 8562962 1 1600 660 944
8861 4492 8562972 1 1600 660 943
8911 4538 8562982 1 1590 670 933
8984 4621 8562992 1 1590 670 923
9066 4729 8563002 1 1590 670 902
9170 4878 8563012 1 1560 660 905
9289 5001 8563022 1 1560 660 909
9419 5107 8563032 1 1560 660 909
9551 5177 8563042 1 1560 660 914
9672 5231 8563052 1 1560 660 921
9783 5274 8563062 1 1560 660 942
9879 5291 8563072 1 1560 660 940
9958 5301 8563082 1 1560 660 964
10026 5301 8563092 1 1590 670 982
10073 5285 8563102 1 1590 670 977
10108 5267 8563112 1 1590 670 991
10135 5245 8563122 1 1610 670 1003
10149 5220 8563132 1 1610 670 1009
10149 5190 8563142 1 1610 670 1012
10129 5138 8563152 1 1640 660 1006
10073 5072 8563162 1 1640 660 1000
9974 4983 8563172 1 1640 660 990
9846 4858 8563182 1 1640 660 995
9688 4708 8563192 1 1640 660 943
9508 4556 8563202 1 1640 660 942
9313 4404 8563212 1 1630 670 947
9148 4260 8563222 1 1630 670 937
9030 4160 8563232 1 1630 670 941
8943 4083 8563242 1 1630 670 947
8883 4038 8563252 1 1630 670 961
8850 4016 8563262 1 1630 670 980
8835 4009 8563272 1 1610 670 978
8835 4009 8563282 1 1610 670 982
8876 4044 8563292 1 1610 670 987
8938 4093 8563302 1 1580 670 993
9048 4166 8563312 1 1580 670 990
9163 4249 8563322 1 1580 670 985
9285 4338 8563332 1 1580 670 987
9402 4427 8563342 1 1550 670 984
9503 4511 8563352 1 1550 670 982
9594 4587 8563362 1 1550 670 979
9655 4656 8563372 1 1550 670 997
9692 4722 8563382 1 1550 670 986
9712 4792 8563392 1 1550 670 967
9696 4870 8563402 1 1550 670 944
9658 4952 8563412 1 1550 670 939
9606 5044 8563422 1 1550 670 912
9552 5151 8563432 1 1550 670 896
9498 5269 8563442 1 1580 670 908
9446 5383 8563452 1 1580 670 908
9395 5489 8563462 1 1580 670 908
9356 5567 8563472 1 1590 670 908
9325 5628 8563482 1 1590 670 892
9304 5679 8563492 1 1590 670 892
9286 5730 8563502 1 1590 670 892
9274 5779 8563512 1 1590 670 892
9265 5833 8563522 1 1600 660 909
9256 5889 8563532 1 1600 660 900
9251 5930 8563542 1 1600 650 897
9251 5967 8563552 1 1630 640 897
9246 5993 8563562 1 1630 640 900
9246 6012 8563572 1 1640 630 900
9246 6024 8563582 1 1640 630 900
9246 6034 8563592 1 1650 620 902
9246 6034 8563602 1 1650 620 902
9246 6042 8563612 1 1650 620 905
9246 6042 8563622 1 1650 610 906
9246 6049 8563632 1 1650 610 906
9246 6049 8563642 1 1660 600 908
9246 6049 8563652 1 1660 590 906
9246 6058 8563662 1 1660 590 908
9246 6058 8563672 1 1670 580 906
9246 6064 8563682 1 1670 580 906
9246 6064 8563692 1 1670 580 906
9240 6071 8563702 1 1670 570 906
9240 6077 8563712 1 1670 570 906
9235 6077 8563722 1 1670 570 908
9235 6084 8563732 1 1670 570 906
9235 6084 8563742 1 1670 570 908
9229 6084 8563752 1 1670 570 908
9229 6084 8563762 1 1670 570 908
9223 6090 8563772 1 1670 570 906
9223 6090 8563782 1 1670 570 906
9223 6090 8563792 1 1670 580 908
9223 6090 8563802 1 1670 580 909
9223 6090 8563812 1 1670 580 935
9223 6029 8563822 1 1670 580 979
9223 5925 8563832 1 1670 580 999
9205 5632 8563842 1 1670 580 1006
9166 5169 8563852 1 1660 590 985
9074 4594 8563862 1 1660 590 950
9002 3883 8563872 1 1660 590 830
8942 3281 8563882 1 1660 590 569
