267
2298 6307 81096140 0 1340 470 22
2276 6196 81096150 1 1340 470 56
2269 6089 81096160 1 1340 470 96
2262 5957 81096170 1 1340 470 103
2255 5752 81096180 1 1340 470 120
2238 5488 81096190 1 1340 470 149
2213 5185 81096200 1 1330 470 136
2184 4808 81096210 1 1330 470 139
2158 4458 81096220 1 1320 480 156
2137 4126 81096230 1 1310 480 173
2123 3815 81096240 1 1310 480 178
2110 3569 81096250 1 1290 490 205
2098 3367 81096260 1 1280 490 222
2123 3177 81096270 1 1270 500 209
2086 3044 81096280 1 1260 500 209
2071 2948 81096290 1 1250 510 217
2091 2910 81096300 1 1230 510 222
2091 2915 81096310 1 1220 510 193
2085 2948 81096320 1 1210 520 182
2072 3056 81096330 1 1200 520 173
2060 3235 81096340 1 1200 520 175
2049 3461 81096350 1 1200 520 173
2049 3705 81096360 1 1180 530 163
2068 3991 81096370 1 1180 530 156
2100 4306 81096380 1 1180 530 149
2149 4614 81096390 1 1180 530 146
2209 4887 81096400 1 1180 530 141
2286 5138 81096410 1 1200 520 141
2385 5348 81096420 1 1210 520 139
2498 5552 81096430 1 1210 520 141
2646 5711 81096440 1 1220 510 143
2801 5843 81096450 1 1220 510 144
2960 5953 81096460 1 1230 510 149
3134 6005 81096470 1 1260 510 158
3279 6018 81096480 1 1270 510 163
3404 5972 81096490 1 1280 500 179
3507 5875 81096500 1 1290 500 170
3592 5744 81096510 1 1300 500 181
3664 5595 81096520 1 1300 500 183
3708 5407 81096530 1 1320 490 185
3715 5194 81096540 1 1320 490 183
3698 4983 81096550 1 1310 480 180
3631 4764 81096560 1 1320 480 180
3527 4579 81096570 1 1320 480 178
3397 4419 81096580 1 1320 480 176
3232 4251 81096590 1 1320 480 173
3051 4129 81096600 1 1310 480 176
2860 4038 81096610 1 1310 480 176
2711 4005 81096620 1 1290 490 183
2566 4018 81096630 1 1290 490 188
2473 4062 81096640 1 1280 490 191
2412 4122 81096650 1 1280 490 193
2388 4179 81096660 1 1270 500 196
2388 4218 81096670 1 1270 500 196
2400 4246 81096680 1 1260 490 196
2428 4267 81096690 1 1270 500 196
2472 4267 81096700 1 1270 500 202
2526 4262 81096710 1 1270 500 205
2593 4228 81096720 1 1270 500 212
2670 4171 81096730 1 1270 500 214
2754 4100 81096740 1 1270 500 240
2835 4012 81096750 1 1270 500 252
2920 3918 81096760 1 1270 500 267
3014 3804 81096770 1 1270 500 275
3113 3678 81096780 1 1270 500 280
3216 3572 81096790 1 1260 500 284
3313 3473 81096800 1 1260 500 287
3407 3379 81096810 1 1260 500 276
3520 3298 81096820 1 1260 500 277
3636 3241 81096830 1 1260 500 279
3758 3201 81096840 1 1260 500 287
3883 3176 81096850 1 1250 510 289
4009 3162 81096860 1 1250 510 289
4147 3156 81096870 1 1240 500 289
4293 3156 81096880 1 1240 500 287
4426 3170 81096890 1 1240 500 289
4557 3195 81096900 1 1240 500 284
4687 3241 81096910 1 1240 500 277
4822 3318 81096920 1 1220 500 277
4935 3416 81096930 1 1220 500 287
5033 3530 81096940 1 1220 500 285
5132 3652 81096950 1 1220 500 285
5215 3780 81096960 1 1220 500 285
5287 3880 81096970 1 1240 500 285
5330 3945 81096980 1 1240 500 285
5352 3988 81096990 1 1240 500 285
5359 4018 81097000 1 1260 500 276
5352 4038 81097010 1 1260 500 277
5335 4052 81097020 1 1260 500 279
5311 4052 81097030 1 1260 500 279
5266 4052 81097040 1 1270 500 286
5203 4024 81097050 1 1270 500 297
5127 3979 81097060 1 1270 500 312
5053 3903 81097070 1 1270 500 309
4997 3801 81097080 1 1280 490 312
4954 3683 81097090 1 1280 490 317
4940 3569 81097100 1 1280 490 317
4930 3453 81097110 1 1280 490 322
4938 3332 81097120 1 1270 500 322
4957 3221 81097130 1 1270 500 322
4987 3117 81097140 1 1270 500 320
5024 3047 81097150 1 1260 500 317
5073 3013 81097160 1 1260 500 322
5128 3002 81097170 1 1260 500 327
5196 3015 81097180 1 1260 500 337
5272 3054 81097190 1 1250 510 344
5349 3110 81097200 1 1250 510 338
5423 3179 81097210 1 1250 510 338
5494 3257 81097220 1 1230 510 336
5560 3341 81097230 1 1230 510 338
5619 3425 81097240 1 1230 510 333
5672 3508 81097250 1 1230 510 344
5710 3589 81097260 1 1230 510 339
5727 3665 81097270 1 1230 510 337
5727 3737 81097280 1 1230 510 337
5727 3783 81097290 1 1230 510 342
5718 3814 81097300 1 1230 510 340
5718 3814 81097310 1 1230 510 339
5711 3791 81097320 1 1250 510 344
5711 3747 81097330 1 1250 510 333
5711 3652 81097340 1 1250 510 346
5711 3542 81097350 1 1250 510 361
5741 3423 81097360 1 1260 500 371
5784 3304 81097370 1 1260 500 374
5849 3206 81097380 1 1260 500 386
5918 3122 81097390 1 1260 500 387
5996 3076 81097400 1 1260 500 396
6094 3055 81097410 1 1260 500 392
6204 3055 81097420 1 1260 500 394
6329 3073 81097430 1 1260 500 394
6449 3117 81097440 1 1250 510 396
6565 3177 81097450 1 1260 510 394
6682 3259 81097460 1 1260 510 394
6801 3357 81097470 1 1240 520 388
6903 3467 81097480 1 1240 520 384
6993 3594 81097490 1 1240 520 364
7081 3754 81097500 1 1240 520 364
7169 3937 81097510 1 1250 530 359
7256 4107 81097520 1 1250 530 358
7339 4247 81097530 1 1250 530 356
7398 4368 81097540 1 1250 530 346
7441 4465 81097550 1 1250 530 342
7470 4551 81097560 1 1270 520 322
7489 4631 81097570 1 1270 520 314
7502 4725 81097580 1 1270 520 301
7511 4841 81097590 1 1270 520 294
7520 4971 81097600 1 1270 520 294
7529 5096 81097610 1 1270 520 292
7529 5223 81097620 1 1270 520 292
7529 5360 81097630 1 1280 520 294
7518 5504 81097640 1 1280 520 294
7502 5617 81097650 1 1280 520 294
7482 5705 81097660 1 1280 520 292
7465 5776 81097670 1 1280 520 292
7447 5822 81097680 1 1290 510 284
7430 5844 81097690 1 1290 510 274
7413 5850 81097700 1 1290 510 284
7391 5831 81097710 1 1300 510 282
7366 5774 81097720 1 1300 510 282
7327 5691 81097730 1 1300 510 284
7280 5561 81097740 1 1300 510 285
7228 5385 81097750 1 1320 500 276
7183 5179 81097760 1 1320 500 277
7141 4962 81097770 1 1320 500 286
7106 4746 81097780 1 1320 500 296
7088 4532 81097790 1 1320 500 314
7081 4322 81097800 1 1320 510 305
7088 4130 81097810 1 1320 510 309
7100 3950 81097820 1 1320 510 309
7122 3775 81097830 1 1320 510 312
7152 3626 81097840 1 1300 520 312
7189 3495 81097850 1 1300 520 317
7234 3373 81097860 1 1290 520 320
7290 3251 81097870 1 1280 520 320
7354 3152 81097880 1 1270 520 324
7417 3069 81097890 1 1270 520 322
7479 3009 81097900 1 1270 520 322
7545 2968 81097910 1 1270 520 322
7613 2939 81097920 1 1250 530 322
7687 2939 81097930 1 1250 530 322
7769 2976 81097940 1 1250 530 322
7856 3029 81097950 1 1250 530 320
7943 3095 81097960 1 1250 530 325
8023 3162 81097970 1 1250 530 327
8100 3230 81097980 1 1250 530 329
8181 3302 81097990 1 1250 530 329
8265 3377 81098000 1 1270 530 327
8356 3455 81098010 1 1270 530 322
8434 3538 81098020 1 1270 530 304
8504 3626 81098030 1 1270 530 306
8553 3717 81098040 1 1270 530 294
8586 3819 81098050 1 1270 530 292
8608 3915 81098060 1 1270 530 294
8615 3974 81098070 1 1270 530 297
8615 4011 81098080 1 1270 530 297
8600 4035 81098090 1 1270 530 299
8590 4045 81098100 1 1270 530 302
8581 4045 81098110 1 1270 530 302
8581 4045 81098120 1 1280 530 301
8574 4045 81098130 1 1280 530 301
8574 4045 81098140 1 1280 530 299
8574 4031 81098150 1 1280 530 299
8574 4009 81098160 1 1280 530 302
8582 3977 81098170 1 1290 520 309
8593 3910 81098180 1 1290 520 310
8606 3820 81098190 1 1290 520 320
8620 3703 81098200 1 1300 520 327
8642 3604 81098210 1 1300 520 329
8673 3517 81098220 1 1300 520 329
8714 3450 81098230 1 1300 520 334
8765 3405 81098240 1 1300 520 335
8826 3375 81098250 1 1290 520 342
8897 3368 81098260 1 1290 520 334
8976 3384 81098270 1 1290 520 336
9058 3416 81098280 1 1290 520 336
9142 3461 81098290 1 1280 530 336
9228 3516 81098300 1 1280 530 336
9314 3577 81098310 1 1280 530 334
9393 3638 81098320 1 1280 530 345
9466 3704 81098330 1 1270 530 342
9526 3774 81098340 1 1270 530 337
9573 3847 81098350 1 1270 530 337
9611 3900 81098360 1 1280 540 337
9641 3940 81098370 1 1280 540 337
9666 3955 81098380 1 1290 530 339
9688 3947 81098390 1 1290 530 340
9712 3924 81098400 1 1290 530 334
9737 3873 81098410 1 1290 530 339
9767 3805 81098420 1 1290 530 344
9801 3727 81098430 1 1290 530 348
9842 3667 81098440 1 1290 530 351
9899 3619 81098450 1 1300 530 356
9966 3579 81098460 1 1300 530 358
10042 3564 81098470 1 1300 530 361
10121 3564 81098480 1 1300 530 361
10216 3585 81098490 1 1300 530 361
10319 3625 81098500 1 1290 530 361
10428 3679 81098510 1 1290 530 359
10532 3742 81098520 1 1290 530 361
10623 3813 81098530 1 1290 530 363
10707 3852 81098540 1 1290 530 368
10780 3869 81098550 1 1290 530 371
10843 3859 81098560 1 1290 530 372
10898 3817 81098570 1 1290 530 384
10961 3753 81098580 1 1290 530 396
11025 3684 81098590 1 1290 530 399
11092 3619 81098600 1 1280 540 391
11161 3570 81098610 1 1280 540 399
11239 3532 81098620 1 1280 540 393
11325 3509 81098630 1 1280 540 341
11413 3509 81098640 1 1280 540 257
11501 3515 81098650 1 1270 530 36
10227 4545 81098884 0 1320 490 10
10263 4518 81098894 1 1320 490 17
10296 4494 81098904 1 1330 500 25
10334 4466 81098914 1 1320 500 27
10376 4435 81098924 1 1320 500 27
8808 4329 81099154 0 1300 460 75
8725 4378 81099164 1 1300 460 89
8689 4410 81099174 1 1300 460 88
8672 4402 81099184 1 1300 460 88
8672 4402 81099194 1 1290 460 91
8680 4402 81099204 1 1300 470 99
8696 4388 81099214 1 1300 470 90
8729 4370 81099224 1 1280 470 101
8773 4346 81099234 1 1300 480 101
8826 4309 81099244 1 1300 480 103
