197
5378 4747 1394194 0 1350 520 103
5378 4747 1394204 1 1360 510 120
5378 4747 1394214 1 1360 510 125
5378 4747 1394224 1 1350 510 151
5465 4843 1394234 1 1350 510 212
5577 4898 1394244 1 1350 510 255
5715 4964 1394254 1 1350 510 281
5870 5067 1394264 1 1350 510 294
5997 5140 1394274 1 1360 510 292
6108 5192 1394284 1 1360 510 272
6208 5229 1394294 1 1360 510 196
6290 5253 1394304 1 1370 510 88
6052 5978 1394495 0 1430 490 101
6052 5978 1394505 1 1440 480 124
6052 5978 1394515 1 1440 480 101
6052 5978 1394525 1 1440 480 99
6052 5978 1394535 1 1460 480 101
6052 5978 1394545 1 1460 480 101
6063 5865 1394555 1 1460 480 91
6080 5783 1394565 1 1460 480 125
6101 5677 1394575 1 1460 480 144
6118 5508 1394585 1 1470 480 172
6132 5298 1394595 1 1470 480 178
6132 5049 1394605 1 1460 490 205
6150 4774 1394615 1 1460 490 233
6170 4482 1394625 1 1450 500 244
6180 4174 1394635 1 1440 500 267
6180 3881 1394645 1 1440 500 276
6185 3597 1394655 1 1430 510 314
6190 3383 1394665 1 1420 520 312
6197 3193 1394675 1 1410 520 287
6206 3019 1394685 1 1400 530 292
6220 2870 1394695 1 1390 540 249
6231 2780 1394705 1 1370 540 170
6239 2730 1394715 1 1360 550 41
6011 4607 1395286 0 1360 500 139
6001 4592 1395296 1 1360 500 172
5990 4627 1395306 1 1360 510 165
5970 4627 1395316 1 1360 510 153
5943 4598 1395326 1 1360 510 143
5901 4560 1395336 1 1360 520 144
5835 4487 1395346 1 1360 520 148
5754 4388 1395356 1 1360 520 186
5667 4273 1395366 1 1350 530 205
5578 4125 1395376 1 1350 530 216
5488 3930 1395386 1 1350 530 249
5392 3705 1395396 1 1340 540 264
5297 3512 1395406 1 1340 540 270
5238 3354 1395416 1 1340 540 245
5203 3219 1395426 1 1330 540 139
6180 4499 1395706 0 1330 500 170
6201 4432 1395716 1 1330 500 226
6192 4432 1395726 1 1330 500 221
6200 4460 1395736 1 1340 500 223
6227 4399 1395746 1 1340 500 230
6277 4335 1395756 1 1340 510 239
6342 4263 1395766 1 1340 510 249
6405 4187 1395776 1 1350 520 249
6464 4095 1395786 1 1350 520 218
6521 4007 1395796 1 1360 520 56
6636 4431 1396498 0 1400 510 208
6636 4431 1396508 1 1400 510 257
6636 4431 1396518 1 1380 510 285
6706 4546 1396528 1 1380 510 299
6786 4592 1396538 1 1390 520 310
6916 4662 1396548 1 1390 520 337
7046 4747 1396558 1 1390 520 344
7183 4829 1396568 1 1390 540 339
7324 4901 1396578 1 1390 540 327
7415 4933 1396588 1 1390 540 315
7462 4943 1396598 1 1390 540 292
7480 4943 1396608 1 1400 540 274
7480 4943 1396618 1 1400 540 209
7459 4938 1396628 1 1400 540 60
7097 5483 1396878 0 1450 510 13
7110 5347 1396888 1 1450 510 80
7123 5220 1396898 1 1450 510 149
7140 5062 1396908 1 1450 510 203
7155 4853 1396918 1 1460 520 235
7162 4610 1396928 1 1460 520 242
7162 4387 1396938 1 1450 530 257
7162 4168 1396948 1 1460 530 269
7152 3953 1396958 1 1460 530 267
7152 3789 1396968 1 1450 540 269
7152 3680 1396978 1 1450 540 208
7159 3608 1396988 1 1440 540 160
7175 4536 1397159 0 1390 560 142
7175 4536 1397169 1 1390 560 180
7175 4536 1397179 1 1390 560 179
7095 4518 1397189 1 1400 550 186
7061 4481 1397199 1 1400 550 187
7022 4432 1397209 1 1400 550 183
6969 4364 1397219 1 1400 550 198
6914 4282 1397229 1 1400 550 202
6858 4192 1397239 1 1410 550 180
6810 4113 1397249 1 1410 550 122
7094 4398 1397359 0 1400 540 277
7177 4409 1397369 1 1400 540 317
7205 4425 1397379 1 1400 540 349
7274 4443 1397389 1 1400 540 367
7371 4434 1397399 1 1400 540 377
7487 4421 1397409 1 1390 550 372
7584 4390 1397419 1 1400 550 366
7666 4348 1397429 1 1400 550 361
7739 4304 1397439 1 1400 550 332
7795 4259 1397449 1 1400 550 245
7845 4210 1397459 1 1400 550 12
8206 4745 1398530 0 1460 440 170
8295 4683 1398540 1 1450 440 191
8311 4706 1398550 1 1460 460 195
8317 4693 1398560 1 1460 470 188
8365 4656 1398570 1 1460 480 142
8422 4623 1398580 1 1450 480 15
8170 4016 1398711 0 1440 540 282
8165 3905 1398721 1 1440 540 309
8157 3905 1398731 1 1420 540 316
8157 3951 1398741 1 1420 540 307
8200 3986 1398751 1 1420 540 276
8294 4058 1398761 1 1420 540 245
8421 4156 1398771 1 1420 540 178
8778 4738 1399542 0 1510 530 131
8778 4738 1399552 1 1510 530 195
8778 4738 1399562 1 1480 540 193
8778 4738 1399572 1 1480 540 205
8778 4738 1399582 1 1470 550 209
8798 4641 1399592 1 1460 540 218
8813 4603 1399602 1 1450 550 225
8829 4575 1399612 1 1450 550 228
8844 4553 1399622 1 1440 560 225
8858 4539 1399632 1 1430 550 193
8870 4525 1399642 1 1410 560 61
8994 4752 1399842 0 1440 500 187
8994 4752 1399852 1 1440 500 203
9067 4834 1399862 1 1440 510 208
9123 4858 1399872 1 1440 510 217
9194 4903 1399882 1 1440 510 217
9310 4963 1399892 1 1450 530 220
9427 5008 1399902 1 1450 530 226
9546 5035 1399912 1 1460 530 241
9649 5049 1399922 1 1450 540 255
9743 5049 1399932 1 1460 540 274
9821 5042 1399942 1 1460 540 317
9899 5035 1399952 1 1470 550 340
9980 5030 1399963 1 1460 550 349
9980 5030 1399973 1 1480 560 353
10106 5017 1399983 1 1490 560 356
10160 5000 1399993 1 1490 560 358
10210 4974 1400003 1 1490 560 356
10256 4921 1400013 1 1500 550 361
10286 4852 1400023 1 1520 560 364
10298 4770 1400033 1 1520 560 373
10298 4691 1400043 1 1510 560 364
10274 4615 1400053 1 1510 560 369
10233 4536 1400063 1 1510 560 376
10181 4451 1400073 1 1500 570 391
10120 4361 1400083 1 1510 580 391
10044 4264 1400093 1 1510 580 396
9959 4159 1400103 1 1510 580 396
9852 4052 1400113 1 1500 580 396
9737 3954 1400123 1 1500 580 405
9616 3862 1400133 1 1500 580 413
9493 3778 1400143 1 1500 580 402
9370 3710 1400153 1 1490 590 356
9268 3654 1400163 1 1470 590 142
9057 3498 1400593 0 1400 520 267
9057 3498 1400603 1 1390 520 279
9057 3498 1400613 1 1390 540 289
9164 3539 1400623 1 1390 540 335
9232 3580 1400633 1 1390 550 349
9367 3630 1400643 1 1390 550 361
9524 3689 1400653 1 1390 560 344
9695 3739 1400663 1 1390 560 296
9836 3768 1400673 1 1390 570 226
9954 3784 1400683 1 1380 580 110
9503 5834 1401004 0 1530 490 68
9503 5834 1401014 1 1530 490 63
9503 5834 1401024 1 1520 490 58
9503 5834 1401034 1 1510 500 60
9450 5742 1401044 1 1510 500 68
9461 5698 1401054 1 1500 510 136
9469 5648 1401064 1 1500 520 185
9474 5578 1401074 1 1500 520 241
9489 5496 1401084 1 1490 530 294
9503 5371 1401094 1 1490 530 337
9516 5216 1401104 1 1480 540 361
9521 5041 1401114 1 1500 540 376
9521 4807 1401124 1 1490 550 382
9521 4542 1401134 1 1490 550 387
9515 4257 1401144 1 1490 550 381
9515 3854 1401154 1 1480 560 384
9515 3426 1401164 1 1480 560 382
9529 2981 1401174 1 1470 560 393
9536 2476 1401184 1 1460 570 388
9536 2087 1401194 1 1460 580 384
9548 1775 1401204 1 1450 590 381
9548 1534 1401214 1 1440 600 345
9548 1363 1401224 1 1420 610 66
