291
3155 4939 822392 0 1410 530 42
3155 4939 822452 0 1410 530 58
3110 4956 822462 1 1410 530 101
3099 4961 822472 1 1410 530 177
3087 4961 822482 1 1410 530 242
3073 4966 822492 1 1410 530 291
3061 4966 822502 1 1410 530 344
3049 4966 822512 1 1410 530 398
3039 4972 822522 1 1410 530 427
3033 4972 822532 1 1410 530 450
3033 4972 822542 1 1410 530 471
3028 4972 822552 1 1410 530 472
3028 4972 822562 1 1410 530 477
3035 4972 822572 1 1410 530 481
3045 4987 822582 1 1410 530 489
3097 5007 822592 1 1410 530 513
3174 5061 822602 1 1410 530 546
3283 5137 822612 1 1420 530 556
3415 5227 822622 1 1420 530 561
3562 5329 822632 1 1410 530 562
3720 5431 822642 1 1410 530 565
3865 5533 822652 1 1410 530 561
3983 5611 822662 1 1410 530 548
4087 5665 822672 1 1410 530 533
4158 5704 822682 1 1410 530 514
4158 5704 822692 1 1410 530 467
4158 5704 822702 1 1410 530 417
4158 5704 822712 1 1410 530 348
4158 5704 822722 1 1410 530 200
4158 5704 822732 1 1410 530 3
3602 6222 823093 0 1520 490 65
3602 6222 823103 1 1520 490 88
3602 6222 823113 1 1520 490 143
3584 6298 823123 1 1510 490 222
3584 6313 823133 1 1510 490 270
3584 6321 823143 1 1500 500 301
3584 6321 823153 1 1500 500 312
3584 6321 823163 1 1500 500 316
3584 6315 823173 1 1500 500 344
3591 6278 823183 1 1500 500 382
3598 6223 823193 1 1500 500 431
3608 6119 823203 1 1500 500 480
3621 5957 823213 1 1500 500 515
3644 5757 823223 1 1480 500 568
3690 5525 823233 1 1480 500 595
3751 5225 823243 1 1480 500 617
3813 4880 823253 1 1470 510 639
3882 4549 823263 1 1470 510 647
3947 4248 823273 1 1460 520 656
4006 3966 823283 1 1450 530 656
4058 3730 823293 1 1430 530 655
4103 3561 823303 1 1420 540 647
4144 3436 823313 1 1410 550 602
4174 3308 823323 1 1400 550 536
4198 3207 823333 1 1380 550 468
4217 3123 823343 1 1360 560 361
4227 3080 823353 1 1340 570 193
3805 4882 823814 0 1350 490 242
3805 4882 823824 1 1360 490 262
3805 4882 823834 1 1370 500 287
3805 4882 823844 1 1370 500 322
3805 4882 823854 1 1380 500 348
3805 4882 823864 1 1400 510 371
3722 4896 823874 1 1400 510 391
3681 4858 823884 1 1400 520 418
3628 4776 823894 1 1410 520 453
3568 4655 823904 1 1410 520 472
3504 4507 823914 1 1410 530 488
3397 4302 823914 1 1410 530 501
3313 4096 823924 1 1400 540 509
3243 3889 823934 1 1400 540 505
3180 3719 823944 1 1390 550 504
3140 3573 823954 1 1390 550 493
3114 3490 823964 1 1390 550 446
3107 3441 823974 1 1380 550 334
3113 3415 823984 1 1360 560 191
4073 4878 824365 0 1400 530 235
4058 4919 824375 1 1400 530 322
4058 4927 824385 1 1400 530 394
4051 4949 824395 1 1400 530 450
4051 4949 824405 1 1400 530 488
4051 4949 824415 1 1410 530 509
4057 4949 824425 1 1410 530 541
4064 4949 824435 1 1410 530 559
4093 4949 824445 1 1410 530 561
4135 4943 824455 1 1410 530 566
4195 4932 824465 1 1410 530 566
4257 4914 824475 1 1410 530 570
4321 4891 824485 1 1410 530 526
4377 4864 824495 1 1420 540 447
4428 4837 824505 1 1420 540 284
4591 5236 825046 0 1460 540 253
4591 5236 825056 1 1460 540 285
4591 5236 825066 1 1450 540 334
4591 5236 825076 1 1450 540 388
4591 5236 825086 1 1450 540 431
4591 5236 825096 1 1450 540 440
4591 5236 825106 1 1430 530 474
4591 5236 825116 1 1430 530 490
4591 5236 825126 1 1420 540 491
4718 5350 825136 1 1420 540 494
4819 5420 825146 1 1410 530 497
4933 5494 825156 1 1410 530 497
5038 5566 825166 1 1420 540 481
5130 5620 825176 1 1420 540 442
5213 5664 825186 1 1420 540 407
5255 5685 825196 1 1420 540 369
5271 5691 825206 1 1440 540 312
5271 5691 825216 1 1430 550 170
4958 5735 825316 0 1450 560 29
4907 5845 825326 1 1450 560 103
4893 5893 825336 1 1450 560 185
4886 5921 825346 1 1460 550 251
4886 5936 825356 1 1460 550 279
4881 5936 825366 1 1470 550 306
4881 5936 825376 1 1470 550 314
4881 5936 825386 1 1480 540 307
4881 5936 825396 1 1480 540 342
4888 5893 825406 1 1480 540 367
4900 5830 825416 1 1490 530 392
4927 5709 825426 1 1490 530 420
4963 5532 825436 1 1490 530 422
5012 5317 825446 1 1490 530 433
5064 5085 825456 1 1490 530 435
5120 4867 825466 1 1480 540 440
5173 4658 825476 1 1470 530 440
5218 4514 825486 1 1470 530 418
5259 4391 825496 1 1460 540 389
5286 4282 825506 1 1450 550 292
5303 4198 825516 1 1450 550 63
4902 4970 826147 0 1400 540 274
4902 4970 826157 1 1410 530 343
4902 4970 826167 1 1410 530 423
4902 4970 826177 1 1420 540 464
4902 4970 826187 1 1420 540 510
4902 4970 826197 1 1420 540 520
4902 4970 826207 1 1440 540 516
4902 4970 826217 1 1440 540 530
4902 4970 826227 1 1440 540 539
4856 4868 826237 1 1440 540 540
4817 4735 826247 1 1440 540 543
4769 4622 826257 1 1440 540 546
4726 4522 826267 1 1430 550 522
4685 4420 826277 1 1430 550 452
4665 4340 826287 1 1430 550 339
4658 4274 826297 1 1410 560 51
5196 4954 826578 0 1390 550 334
5187 5031 826588 1 1400 550 388
5187 5045 826598 1 1400 550 463
5187 5050 826608 1 1410 550 485
5187 5050 826618 1 1410 550 526
5194 5050 826628 1 1410 550 567
5226 5050 826638 1 1430 550 574
5273 5040 826648 1 1430 550 574
5338 5021 826658 1 1430 550 561
5414 4994 826668 1 1430 550 458
5497 4963 826678 1 1430 550 132
6143 5933 827650 0 1450 500 122
6143 5933 827660 1 1450 500 161
6143 5933 827670 1 1450 510 287
6143 5933 827680 1 1450 510 394
6143 5933 827690 1 1470 510 448
6143 5933 827700 1 1470 510 465
6143 5933 827710 1 1470 510 481
6143 5933 827720 1 1470 510 492
6143 5933 827730 1 1460 520 517
6143 5933 827740 1 1460 520 512
6143 5933 827750 1 1460 520 516
6233 5957 827760 1 1460 520 522
6288 5931 827770 1 1470 510 455
6353 5899 827780 1 1480 510 282
6206 4438 828291 0 1410 520 285
6206 4438 828301 1 1400 530 335
6206 4438 828311 1 1400 530 443
6206 4438 828321 1 1400 530 524
6206 4438 828331 1 1400 530 567
6206 4438 828341 1 1400 530 591
6206 4438 828351 1 1390 540 592
6173 4582 828361 1 1390 540 594
6233 4705 828371 1 1390 540 591
6332 4851 828381 1 1400 540 465
6448 5005 828391 1 1400 540 3
6898 5604 828741 0 1550 500 282
6898 5604 828751 1 1550 510 363
6898 5604 828761 1 1550 510 417
6928 5688 828771 1 1540 520 468
6928 5688 828781 1 1540 520 496
6928 5688 828791 1 1530 530 499
6928 5688 828801 1 1530 530 522
6928 5678 828811 1 1530 530 569
6943 5629 828821 1 1530 540 605
6966 5554 828831 1 1530 540 611
6993 5434 828841 1 1530 540 616
7025 5310 828851 1 1530 540 619
7058 5211 828861 1 1530 540 617
7090 5131 828871 1 1530 550 602
7119 5076 828881 1 1530 550 561
7146 5038 828891 1 1530 550 475
7173 5011 828901 1 1530 550 354
7194 5005 828911 1 1530 550 137
7108 5529 829002 0 1510 540 171
7108 5529 829012 1 1510 540 297
7059 5609 829022 1 1510 540 381
7046 5624 829032 1 1510 540 442
7046 5631 829042 1 1530 550 483
7046 5639 829052 1 1530 550 492
7046 5646 829062 1 1530 550 502
7061 5662 829072 1 1530 540 514
7092 5683 829082 1 1530 540 522
7135 5710 829092 1 1530 550 513
7200 5741 829102 1 1530 550 515
7286 5775 829112 1 1530 550 515
7385 5813 829122 1 1530 550 519
7488 5853 829132 1 1530 550 524
7581 5894 829142 1 1530 540 522
7668 5915 829152 1 1530 540 522
7745 5932 829162 1 1530 540 522
7807 5941 829172 1 1530 540 524
7860 5941 829182 1 1550 540 526
7911 5941 829192 1 1550 540 533
7947 5941 829202 1 1550 540 530
7972 5941 829212 1 1550 540 527
7986 5941 829222 1 1560 550 535
7993 5936 829232 1 1560 550 535
7993 5936 829242 1 1560 550 537
7993 5936 829252 1 1580 550 551
7993 5936 829262 1 1580 550 559
7993 5936 829272 1 1580 550 564
7993 5936 829282 1 1590 550 560
7993 5936 829292 1 1590 550 567
7993 5936 829302 1 1600 550 574
7993 5936 829312 1 1600 550 580
7993 5936 829322 1 1600 550 581
7993 5936 829332 1 1600 550 583
7993 5936 829342 1 1600 550 586
7993 5936 829352 1 1600 550 591
7993 5909 829362 1 1600 550 592
7993 5871 829372 1 1600 550 595
7993 5814 829382 1 1600 560 586
7993 5754 829392 1 1600 560 594
7972 5688 829402 1 1600 560 592
7947 5615 829412 1 1600 560 592
7917 5536 829422 1 1600 560 594
7865 5437 829432 1 1600 560 592
7806 5327 829442 1 1580 560 578
7742 5221 829452 1 1580 560 541
7690 5140 829462 1 1570 560 472
7660 5075 829472 1 1570 560 374
7660 5075 829482 1 1570 560 156
7477 4966 829913 0 1490 550 85
7477 4966 829923 1 1470 550 146
7477 4966 829933 1 1470 550 254
7477 4966 829943 1 1470 550 340
7477 4966 829953 1 1470 550 396
7477 4966 829963 1 1470 550 463
7477 4966 829973 1 1470 550 499
7477 4966 829983 1 1470 550 524
7477 4966 829993 1 1470 550 546
7477 4966 830003 1 1470 550 557
7477 4966 830013 1 1470 550 559
7477 4966 830023 1 1470 550 562
7477 4966 830033 1 1470 550 567
7558 5054 830043 1 1470 550 567
7628 5099 830053 1 1470 550 559
7701 5146 830063 1 1470 550 505
7777 5188 830073 1 1470 550 381
7851 5227 830083 1 1490 550 76
7022 6724 830374 0 1570 470 396
7022 6724 830384 1 1570 470 391
7022 6724 830394 1 1570 470 418
7022 6724 830404 1 1570 480 420
7022 6724 830414 1 1580 480 442
7022 6724 830424 1 1580 480 480
7022 6724 830434 1 1570 490 520
7101 6754 830444 1 1580 490 537
7169 6711 830454 1 1570 500 562
7252 6656 830464 1 1580 510 570
7344 6563 830474 1 1580 510 585
7429 6419 830484 1 1570 520 605
7509 6240 830494 1 1570 520 624
7586 6032 830504 1 1580 530 646
7659 5773 830514 1 1580 530 676
7725 5479 830524 1 1570 540 696
7787 5152 830534 1 1570 540 716
7859 4856 830544 1 1560 550 725
7919 4580 830554 1 1560 550 720
7971 4354 830564 1 1550 550 722
8004 4154 830574 1 1540 560 727
8025 3972 830584 1 1540 570 675
8037 3806 830594 1 1540 570 565
8037 3671 830604 1 1530 580 324
