518
1996 6676 2688646 0 1400 530 18
1996 6676 2688656 1 1390 540 54
1996 6676 2688666 1 1390 540 68
1996 6676 2688676 1 1370 540 96
1996 6676 2688686 1 1370 540 101
1996 6676 2688696 1 1370 540 130
1996 6676 2688706 1 1380 550 144
2088 6756 2688716 1 1380 550 144
2153 6806 2688726 1 1380 550 170
2242 6886 2688736 1 1380 550 187
2346 6986 2688746 1 1380 550 176
2472 7086 2688756 1 1380 550 195
2602 7183 2688766 1 1390 550 202
2738 7264 2688776 1 1390 550 208
2846 7336 2688786 1 1390 550 212
2935 7395 2688796 1 1400 540 213
3012 7433 2688806 1 1400 540 202
3064 7456 2688816 1 1410 530 177
3100 7456 2688826 1 1410 530 117
3113 7441 2688836 1 1410 530 99
3099 7409 2688846 1 1420 530 63
3068 7346 2688856 1 1420 530 58
3014 7266 2688866 1 1430 520 54
2949 7176 2688876 1 1430 520 37
1774 5097 2688996 0 1390 540 39
1647 4836 2689006 1 1370 540 81
1607 4754 2689016 1 1370 540 93
1580 4700 2689026 1 1360 550 107
1580 4685 2689036 1 1360 550 144
1605 4685 2689046 1 1340 550 187
1645 4695 2689056 1 1320 550 202
1709 4733 2689066 1 1320 550 218
1794 4808 2689076 1 1310 560 214
1893 4908 2689086 1 1310 560 225
2014 5024 2689096 1 1310 560 240
2159 5158 2689106 1 1310 560 247
2319 5303 2689116 1 1310 560 254
2483 5470 2689126 1 1310 560 242
2653 5620 2689136 1 1300 550 245
2807 5759 2689146 1 1300 550 244
2949 5890 2689156 1 1300 550 244
3070 5989 2689166 1 1300 550 247
3165 6067 2689176 1 1300 550 223
3242 6111 2689186 1 1310 550 208
3280 6132 2689196 1 1310 550 167
3292 6138 2689206 1 1330 540 148
3287 6125 2689216 1 1330 540 130
3263 6082 2689226 1 1340 540 108
3216 6018 2689236 1 1340 540 91
3153 5931 2689246 1 1340 540 80
3073 5821 2689256 1 1350 530 42
2987 5697 2689266 1 1350 530 1
2898 5565 2689276 1 1360 540 1
2810 5428 2689286 1 1360 540 3
2723 5281 2689296 1 1360 540 36
2638 5153 2689306 1 1360 540 68
2559 5039 2689316 1 1360 540 80
2503 4935 2689326 1 1360 540 98
2460 4850 2689336 1 1340 540 130
2438 4777 2689346 1 1340 540 148
2438 4740 2689356 1 1330 540 161
2449 4724 2689366 1 1310 550 181
2479 4724 2689376 1 1310 550 207
2526 4733 2689386 1 1300 550 211
2585 4772 2689396 1 1300 550 226
2671 4830 2689406 1 1300 550 240
2758 4912 2689416 1 1300 550 244
2848 5003 2689426 1 1290 550 260
2942 5099 2689436 1 1290 550 269
3040 5196 2689446 1 1290 550 279
3139 5293 2689456 1 1290 550 287
3235 5392 2689466 1 1290 550 276
3312 5493 2689476 1 1290 550 276
3377 5574 2689486 1 1270 550 279
3429 5654 2689496 1 1270 550 277
3466 5731 2689506 1 1270 550 279
3493 5821 2689516 1 1270 550 287
3507 5921 2689526 1 1290 550 284
3507 6028 2689536 1 1290 550 274
3507 6134 2689546 1 1300 540 269
3480 6247 2689556 1 1300 540 265
3451 6364 2689566 1 1300 540 264
3417 6485 2689576 1 1310 540 267
3383 6571 2689586 1 1310 540 267
3347 6634 2689596 1 1310 540 269
3309 6666 2689606 1 1310 540 270
3273 6681 2689616 1 1310 540 259
3238 6686 2689626 1 1330 530 257
3203 6667 2689636 1 1330 530 257
3163 6625 2689646 1 1330 530 257
3119 6569 2689656 1 1340 540 259
3077 6480 2689666 1 1350 530 262
3040 6356 2689676 1 1350 530 269
3011 6210 2689686 1 1350 530 267
2986 6054 2689696 1 1360 520 269
2963 5877 2689706 1 1360 520 272
2942 5687 2689716 1 1350 530 274
2923 5510 2689726 1 1350 530 279
2905 5309 2689736 1 1350 530 282
2886 5093 2689746 1 1350 530 276
2863 4881 2689756 1 1340 540 286
2838 4669 2689766 1 1340 540 294
2816 4474 2689776 1 1340 540 309
2795 4290 2689786 1 1330 540 317
2777 4107 2689796 1 1330 540 314
2766 3953 2689806 1 1330 540 325
2766 3818 2689816 1 1310 550 339
2784 3712 2689826 1 1310 550 339
2814 3643 2689836 1 1300 550 356
2873 3600 2689846 1 1290 560 362
2957 3567 2689856 1 1290 560 362
3057 3554 2689866 1 1270 560 376
3193 3554 2689876 1 1270 560 381
3333 3578 2689886 1 1260 570 396
3480 3620 2689896 1 1260 570 393
3653 3675 2689906 1 1250 560 394
3842 3750 2689916 1 1230 560 404
4028 3833 2689926 1 1230 560 413
4228 3922 2689936 1 1230 560 420
4428 4008 2689946 1 1230 560 423
4622 4095 2689956 1 1220 560 414
4814 4184 2689966 1 1220 560 418
4960 4272 2689976 1 1220 560 417
5074 4361 2689986 1 1220 560 420
5160 4428 2689996 1 1220 560 433
5207 4474 2690006 1 1230 560 455
5227 4505 2690016 1 1230 560 491
5221 4523 2690026 1 1230 560 497
5201 4550 2690036 1 1230 560 515
5171 4592 2690046 1 1250 560 522
5129 4641 2690056 1 1260 570 522
5083 4713 2690066 1 1260 570 520
5035 4825 2690076 1 1260 570 522
4991 4963 2690086 1 1260 570 520
4950 5112 2690096 1 1270 570 497
4916 5291 2690106 1 1270 570 473
4889 5490 2690116 1 1270 570 443
4871 5690 2690126 1 1270 570 412
4863 5894 2690136 1 1270 570 389
4873 6101 2690146 1 1300 580 364
4894 6278 2690156 1 1300 580 325
4929 6438 2690166 1 1310 570 274
4978 6579 2690176 1 1310 570 186
5037 6692 2690186 1 1320 570 103
5107 6786 2690196 1 1320 570 37
5487 7066 2690248 0 1370 540 1
5567 7103 2690258 1 1370 540 47
5583 7103 2690268 1 1390 540 115
5583 7103 2690278 1 1390 540 163
5590 7103 2690288 1 1390 540 185
5590 7098 2690298 1 1400 530 218
5605 7098 2690308 1 1400 530 237
5637 7090 2690318 1 1400 530 241
5681 7097 2690328 1 1410 520 259
5747 7111 2690338 1 1410 520 279
5826 7144 2690348 1 1410 520 279
5913 7182 2690358 1 1420 520 286
6005 7223 2690368 1 1420 520 292
6100 7257 2690378 1 1420 520 304
6200 7288 2690388 1 1420 520 307
6298 7298 2690398 1 1420 520 311
6369 7298 2690408 1 1420 520 317
6423 7274 2690418 1 1430 520 317
6455 7227 2690428 1 1430 520 322
6467 7162 2690438 1 1430 520 338
6467 7049 2690448 1 1430 520 358
6443 6901 2690458 1 1430 520 368
6403 6731 2690468 1 1430 520 364
6351 6571 2690478 1 1430 520 374
6290 6393 2690488 1 1430 520 381
6226 6203 2690498 1 1430 530 389
6160 6029 2690508 1 1430 530 394
6104 5853 2690518 1 1430 530 389
6052 5703 2690528 1 1420 540 396
6007 5573 2690538 1 1420 540 396
5969 5451 2690548 1 1420 540 402
5938 5338 2690558 1 1410 550 400
5916 5232 2690568 1 1410 550 404
5905 5152 2690578 1 1410 550 405
5905 5091 2690588 1 1400 550 405
5914 5043 2690598 1 1400 550 405
5934 5018 2690608 1 1400 550 405
5969 5009 2690618 1 1400 550 407
6008 5009 2690628 1 1400 550 417
6063 5039 2690638 1 1390 560 417
6126 5093 2690648 1 1380 550 415
6203 5165 2690658 1 1380 550 418
6285 5251 2690668 1 1380 550 420
6364 5342 2690678 1 1380 550 417
6440 5437 2690688 1 1380 550 420
6506 5512 2690698 1 1380 550 417
6563 5568 2690708 1 1380 550 418
6614 5612 2690718 1 1360 550 417
6654 5643 2690728 1 1350 550 417
6680 5659 2690738 1 1350 550 417
6697 5664 2690748 1 1350 550 417
6697 5664 2690758 1 1350 550 425
6704 5664 2690768 1 1340 550 420
6704 5655 2690778 1 1340 550 418
6704 5641 2690788 1 1320 550 423
6710 5618 2690798 1 1320 550 414
6710 5585 2690808 1 1320 550 417
6710 5529 2690818 1 1320 550 418
6710 5459 2690828 1 1310 550 422
6710 5364 2690838 1 1310 550 427
6700 5265 2690848 1 1330 540 430
6692 5160 2690858 1 1330 540 430
6683 5047 2690868 1 1330 540 430
6674 4930 2690878 1 1330 540 430
6674 4801 2690888 1 1330 540 433
6667 4665 2690898 1 1330 540 435
6660 4537 2690908 1 1330 540 436
6650 4389 2690918 1 1340 540 441
6641 4228 2690928 1 1340 540 441
6623 4057 2690938 1 1340 540 444
6600 3879 2690948 1 1340 540 443
6571 3688 2690958 1 1340 540 448
6542 3525 2690968 1 1330 540 448
6514 3382 2690978 1 1340 550 439
6486 3234 2690988 1 1340 550 442
6463 3115 2690998 1 1340 550 445
6446 3015 2691008 1 1320 550 448
6436 2946 2691018 1 1320 550 448
6430 2897 2691028 1 1320 550 452
6430 2861 2691038 1 1320 550 453
6430 2839 2691048 1 1320 550 458
6430 2831 2691058 1 1320 550 455
6430 2831 2691068 1 1320 550 463
6430 2841 2691078 1 1320 570 461
6430 2882 2691088 1 1320 570 461
6430 2946 2691098 1 1320 570 453
6430 3042 2691108 1 1320 570 452
6437 3166 2691118 1 1320 570 453
6446 3310 2691128 1 1320 570 456
6457 3463 2691138 1 1320 570 447
6467 3616 2691148 1 1310 570 440
6478 3794 2691158 1 1310 570 449
6490 3989 2691168 1 1310 570 443
6505 4184 2691178 1 1310 570 440
6524 4391 2691188 1 1310 570 441
6546 4607 2691198 1 1310 570 440
6572 4811 2691208 1 1310 570 441
6603 5012 2691218 1 1310 570 440
6640 5211 2691228 1 1310 570 441
6683 5400 2691238 1 1310 570 441
6732 5561 2691248 1 1320 570 440
6787 5703 2691258 1 1310 560 440
6854 5838 2691268 1 1310 560 440
6927 5972 2691278 1 1310 560 441
7009 6102 2691288 1 1340 560 443
7108 6229 2691298 1 1340 560 443
7219 6355 2691308 1 1350 550 444
7355 6485 2691318 1 1350 550 449
7492 6617 2691328 1 1360 550 449
7629 6716 2691338 1 1360 550 439
7770 6788 2691348 1 1360 550 439
7915 6841 2691358 1 1380 550 439
8028 6859 2691368 1 1390 550 439
8117 6835 2691378 1 1390 550 440
8187 6782 2691388 1 1400 550 440
8224 6706 2691398 1 1400 550 439
8239 6605 2691408 1 1410 560 449
8216 6487 2691418 1 1410 560 449
8159 6344 2691428 1 1440 560 448
8079 6207 2691438 1 1440 560 448
7971 6075 2691448 1 1440 560 449
7844 5946 2691458 1 1440 560 449
7704 5816 2691468 1 1440 560 449
7570 5713 2691478 1 1440 560 439
7439 5630 2691488 1 1440 560 439
7315 5562 2691498 1 1430 560 440
7221 5523 2691508 1 1430 560 440
7146 5504 2691518 1 1430 560 443
7117 5510 2691528 1 1430 560 449
7110 5533 2691538 1 1430 560 443
7118 5568 2691548 1 1420 570 443
7149 5629 2691558 1 1420 570 443
7210 5693 2691568 1 1400 560 443
7291 5758 2691578 1 1400 560 441
7394 5825 2691588 1 1390 570 440
7501 5894 2691598 1 1380 570 440
7619 5965 2691608 1 1380 570 440
7744 6014 2691618 1 1380 570 441
7871 6059 2691628 1 1380 570 440
7998 6084 2691638 1 1380 570 441
8099 6099 2691648 1 1390 560 440
8186 6093 2691658 1 1390 560 441
8264 6067 2691668 1 1390 560 441
8318 6027 2691678 1 1410 560 441
8344 5959 2691688 1 1410 560 436
8352 5861 2691698 1 1410 560 431
8322 5742 2691708 1 1430 550 431
8261 5618 2691718 1 1430 550 430
8178 5476 2691728 1 1440 560 430
8082 5321 2691738 1 1440 560 431
7980 5180 2691748 1 1450 550 433
7873 5060 2691758 1 1450 550 436
7781 4954 2691768 1 1440 560 443
7726 4880 2691778 1 1440 560 444
7696 4846 2691788 1 1440 560 441
7696 4838 2691798 1 1440 560 443
7722 4838 2691808 1 1440 560 444
7769 4875 2691818 1 1440 560 444
7852 4927 2691828 1 1440 560 446
7950 4997 2691838 1 1410 560 449
8059 5065 2691848 1 1410 560 440
8163 5129 2691858 1 1410 560 439
8262 5170 2691868 1 1410 560 449
8333 5197 2691878 1 1410 560 440
8386 5202 2691888 1 1410 560 431
8397 5183 2691898 1 1410 560 431
8377 5148 2691908 1 1410 560 430
8335 5079 2691918 1 1410 560 433
8261 4982 2691928 1 1430 550 430
8172 4866 2691938 1 1410 560 430
8072 4728 2691948 1 1410 560 433
7972 4603 2691958 1 1410 560 436
7875 4488 2691968 1 1420 570 444
7780 4372 2691978 1 1420 570 442
7725 4278 2691988 1 1420 570 450
7710 4198 2691998 1 1420 570 448
7722 4158 2692008 1 1400 580 450
7766 4143 2692018 1 1400 580 448
7845 4143 2692028 1 1400 580 450
7946 4182 2692038 1 1390 570 458
8059 4259 2692048 1 1390 570 463
8194 4364 2692058 1 1380 580 461
8344 4486 2692068 1 1390 580 463
8494 4610 2692078 1 1390 580 463
8623 4735 2692088 1 1390 580 461
8738 4870 2692098 1 1390 580 461
8824 5000 2692108 1 1390 580 452
8879 5118 2692118 1 1380 580 444
8913 5232 2692128 1 1380 580 418
8913 5349 2692138 1 1380 580 418
8876 5466 2692148 1 1390 580 409
8820 5582 2692158 1 1390 580 402
8743 5680 2692168 1 1390 580 399
8662 5778 2692178 1 1390 580 399
8578 5877 2692188 1 1390 580 402
8499 5955 2692198 1 1390 580 404
8426 6018 2692208 1 1400 580 404
8365 6059 2692218 1 1400 580 410
8325 6077 2692228 1 1420 570 404
8299 6077 2692238 1 1420 570 402
8285 6063 2692248 1 1430 560 402
8274 6016 2692258 1 1430 560 400
8266 5950 2692268 1 1430 560 399
8261 5841 2692278 1 1440 560 402
8255 5711 2692288 1 1440 560 404
8255 5566 2692298 1 1440 560 413
8244 5379 2692308 1 1440 560 422
8234 5167 2692318 1 1440 560 427
8221 4938 2692328 1 1440 560 440
8211 4696 2692338 1 1440 560 448
8199 4470 2692348 1 1440 560 442
8185 4228 2692358 1 1430 550 450
8169 3971 2692368 1 1410 560 452
8154 3705 2692378 1 1400 560 461
8140 3466 2692388 1 1400 560 466
8126 3244 2692398 1 1390 570 466
8109 3000 2692408 1 1380 580 469
8090 2764 2692418 1 1360 580 468
8076 2569 2692428 1 1360 580 464
8063 2400 2692438 1 1350 590 474
8055 2257 2692448 1 1340 600 465
8055 2142 2692458 1 1320 600 472
8055 2046 2692468 1 1320 600 478
8066 1998 2692478 1 1310 610 483
8084 1978 2692488 1 1310 610 496
8109 1978 2692498 1 1290 610 491
8142 2002 2692508 1 1290 610 496
8189 2061 2692518 1 1270 620 502
8244 2144 2692528 1 1270 620 509
8323 2266 2692538 1 1270 620 512
8421 2411 2692548 1 1270 620 514
8532 2571 2692558 1 1260 620 517
8659 2772 2692568 1 1260 620 515
8813 3002 2692578 1 1260 620 517
8984 3252 2692588 1 1260 620 519
9146 3518 2692598 1 1260 620 515
9312 3795 2692608 1 1260 620 515
9486 4079 2692618 1 1260 620 517
9665 4363 2692628 1 1260 620 517
9839 4640 2692638 1 1260 620 512
10019 4906 2692648 1 1260 620 517
10184 5168 2692658 1 1270 630 520
10336 5425 2692668 1 1290 630 519
10499 5652 2692678 1 1290 630 517
10654 5859 2692688 1 1290 630 515
10787 6044 2692698 1 1300 620 502
10908 6196 2692708 1 1320 630 491
11023 6327 2692718 1 1330 620 468
11108 6447 2692728 1 1330 620 458
11173 6546 2692738 1 1370 620 443
11220 6630 2692748 1 1370 620 440
11247 6688 2692758 1 1380 630 436
11261 6740 2692768 1 1380 630 418
11256 6776 2692778 1 1400 620 397
11237 6803 2692788 1 1410 630 389
11208 6831 2692798 1 1410 630 371
11167 6860 2692808 1 1410 630 364
11125 6891 2692818 1 1430 620 362
11081 6924 2692828 1 1440 620 369
11040 6953 2692838 1 1460 620 374
10999 6977 2692848 1 1460 620 376
10959 6990 2692858 1 1470 610 382
10929 6985 2692868 1 1470 610 381
10900 6969 2692878 1 1470 610 381
10874 6928 2692888 1 1450 600 381
10838 6849 2692898 1 1460 600 381
10795 6746 2692908 1 1460 600 382
10741 6633 2692918 1 1460 600 387
10675 6488 2692928 1 1460 580 396
10601 6322 2692938 1 1460 580 404
10515 6129 2692948 1 1460 580 422
10415 5911 2692958 1 1440 580 427
10306 5677 2692968 1 1440 580 439
10210 5460 2692978 1 1440 580 456
10117 5238 2692988 1 1430 590 464
10044 5046 2692998 1 1430 590 477
9982 4875 2693008 1 1420 590 486
9938 4731 2693018 1 1410 590 491
9919 4638 2693028 1 1390 600 490
9919 4578 2693038 1 1390 600 491
9930 4548 2693048 1 1380 600 498
9965 4548 2693058 1 1360 610 491
10015 4568 2693068 1 1360 610 499
10089 4622 2693078 1 1350 620 509
10186 4712 2693088 1 1350 620 522
10299 4825 2693098 1 1330 620 512
10445 4954 2693108 1 1330 620 513
10591 5082 2693118 1 1330 620 516
10738 5210 2693128 1 1320 630 513
10883 5337 2693138 1 1330 630 512
11031 5461 2693148 1 1330 630 517
11150 5564 2693158 1 1330 630 494
11248 5655 2693168 1 1330 630 473
11328 5735 2693178 1 1330 630 443
11382 5812 2693188 1 1350 640 422
11419 5882 2693198 1 1350 640 396
11427 5935 2693208 1 1350 640 381
11406 5977 2693218 1 1370 650 362
11365 5999 2693228 1 1380 640 373
11303 5999 2693238 1 1400 630 361
11227 5989 2693248 1 1400 630 369
11141 5945 2693258 1 1410 640 377
11053 5882 2693268 1 1430 630 384
10973 5807 2693278 1 1430 630 396
10899 5738 2693288 1 1430 630 392
10850 5667 2693298 1 1440 620 402
10817 5586 2693308 1 1440 620 412
10794 5494 2693318 1 1430 620 420
10779 5381 2693328 1 1430 620 440
10768 5254 2693338 1 1430 620 445
10768 5118 2693348 1 1420 610 455
10761 4978 2693358 1 1420 610 466
10761 4820 2693368 1 1410 610 474
10766 4652 2693378 1 1410 610 477
10766 4502 2693388 1 1390 610 486
10774 4334 2693398 1 1380 610 496
10774 4155 2693408 1 1380 610 489
10782 3978 2693418 1 1360 610 499
10787 3798 2693428 1 1350 620 509
10787 3612 2693438 1 1350 620 515
10787 3440 2693448 1 1340 610 515
10787 3276 2693458 1 1320 610 515
10794 3108 2693468 1 1330 620 519
10794 2958 2693478 1 1330 620 524
10804 2819 2693488 1 1320 630 532
10813 2704 2693498 1 1320 630 535
10822 2623 2693508 1 1320 630 538
10831 2566 2693518 1 1300 630 533
10837 2538 2693528 1 1300 630 532
10837 2530 2693538 1 1300 630 533
10837 2536 2693548 1 1300 630 526
10828 2563 2693558 1 1300 630 515
10813 2635 2693568 1 1300 630 517
10794 2738 2693578 1 1300 630 504
10770 2859 2693588 1 1300 630 499
10741 2980 2693598 1 1320 640 497
10708 3079 2693608 1 1320 640 499
10660 3164 2693618 1 1320 640 496
10597 3221 2693628 1 1320 640 495
10524 3247 2693638 1 1320 640 470
10428 3252 2693648 1 1320 640 460
10326 3228 2693658 1 1330 650 450
10219 3186 2693668 1 1330 650 448
10110 3133 2693678 1 1330 650 448
10001 3077 2693688 1 1350 640 448
9885 3019 2693698 1 1350 640 453
9763 2962 2693708 1 1350 640 464
9673 2906 2693718 1 1350 640 491
9616 2875 2693728 1 1380 640 502
9580 2859 2693738 1 1380 640 505
9586 2859 2693748 1 1380 640 510
9640 2894 2693758 1 1380 640 510
9725 2949 2693768 1 1380 640 510
9859 3022 2693778 1 1380 640 510
10025 3107 2693788 1 1380 640 510
10211 3200 2693798 1 1380 640 510
10405 3296 2693808 1 1380 640 510
10604 3387 2693818 1 1380 640 509
10806 3467 2693828 1 1380 640 507
11004 3536 2693838 1 1380 640 510
11194 3597 2693848 1 1380 640 512
11380 3654 2693858 1 1380 640 514
11567 3705 2693868 1 1380 640 510
11737 3747 2693878 1 1380 650 510
11884 3765 2693888 1 1380 650 510
12016 3765 2693898 1 1380 650 504
12118 3746 2693908 1 1380 650 505
12176 3719 2693918 1 1400 660 499
12204 3684 2693928 1 1390 670 488
12216 3646 2693938 1 1390 670 488
12201 3604 2693948 1 1390 670 461
12168 3558 2693958 1 1400 670 407
12109 3509 2693968 1 1400 670 260
