207
3589 5722 1656521 0 1570 420 301
3589 5722 1656531 1 1570 420 305
3637 5812 1656541 1 1560 420 305
3655 5872 1656551 1 1550 430 307
3696 5928 1656561 1 1540 430 312
3751 5997 1656571 1 1530 440 309
3788 6076 1656581 1 1530 440 339
3808 6139 1656591 1 1520 440 346
3817 6198 1656601 1 1520 440 364
3817 6241 1656611 1 1510 450 366
3804 6275 1656621 1 1510 450 371
3781 6297 1656631 1 1500 460 359
3746 6314 1656641 1 1500 460 339
3688 6314 1656651 1 1490 470 312
3615 6294 1656661 1 1490 470 289
3557 6256 1656671 1 1480 460 252
3469 6192 1656681 1 1470 470 221
3360 6111 1656691 1 1470 470 206
3254 6003 1656701 1 1470 470 220
3148 5883 1656711 1 1470 470 221
3072 5754 1656721 1 1470 470 251
3015 5662 1656731 1 1470 470 250
2994 5568 1656741 1 1460 480 260
3000 5489 1656751 1 1450 470 270
3025 5420 1656761 1 1440 480 279
3068 5383 1656771 1 1440 480 312
3137 5376 1656781 1 1440 480 334
3223 5390 1656791 1 1430 490 333
3332 5457 1656801 1 1430 490 338
3447 5550 1656811 1 1420 480 334
3573 5661 1656821 1 1420 480 334
3687 5773 1656831 1 1410 490 333
3792 5883 1656841 1 1410 490 338
3847 5991 1656851 1 1410 490 341
3875 6056 1656861 1 1410 490 356
3884 6095 1656871 1 1410 490 361
3884 6117 1656881 1 1410 490 367
3877 6131 1656891 1 1410 490 369
3868 6141 1656901 1 1420 480 362
3859 6141 1656911 1 1420 480 368
3848 6141 1656921 1 1440 480 348
3836 6141 1656931 1 1440 480 341
3820 6126 1656941 1 1450 470 338
3803 6100 1656951 1 1450 470 338
3784 6052 1656961 1 1450 470 341
3774 5991 1656971 1 1470 470 339
3768 5906 1656981 1 1470 470 344
3768 5809 1656991 1 1470 470 349
3773 5704 1657001 1 1470 470 349
3773 5589 1657011 1 1470 470 349
3773 5422 1657021 1 1450 470 348
3773 5220 1657031 1 1450 470 348
3758 5008 1657041 1 1450 470 348
3723 4789 1657051 1 1440 480 349
3676 4565 1657061 1 1440 480 351
3613 4378 1657071 1 1440 480 358
3533 4235 1657081 1 1430 490 369
3441 4121 1657091 1 1420 490 361
3323 4031 1657101 1 1410 490 368
3178 3959 1657111 1 1400 500 341
3014 3898 1657121 1 1380 500 345
2860 3878 1657131 1 1380 500 345
2726 3894 1657141 1 1370 510 349
2606 3934 1657151 1 1370 510 371
2534 3991 1657161 1 1370 510 387
2521 4064 1657171 1 1370 510 389
2546 4147 1657181 1 1360 510 374
2645 4279 1657191 1 1360 510 356
2775 4436 1657201 1 1350 510 310
2926 4610 1657211 1 1350 510 170
4953 5311 1657964 0 1450 450 95
4953 5311 1657974 1 1440 460 180
4953 5311 1657984 1 1440 460 193
4953 5311 1657994 1 1450 460 203
4953 5311 1658004 1 1440 470 221
4953 5311 1658014 1 1440 470 274
4982 5418 1658024 1 1440 480 315
4998 5475 1658034 1 1440 480 338
5016 5540 1658044 1 1440 480 356
5038 5610 1658054 1 1440 480 359
5060 5682 1658064 1 1440 490 358
5076 5754 1658074 1 1440 490 356
5088 5822 1658084 1 1440 490 346
5088 5887 1658094 1 1440 490 344
5076 5927 1658104 1 1440 490 307
5053 5952 1658114 1 1450 500 272
5013 5952 1658124 1 1460 490 257
4952 5914 1658134 1 1460 490 250
4878 5844 1658144 1 1460 490 254
4778 5732 1658154 1 1460 490 262
4688 5615 1658164 1 1460 490 284
4604 5491 1658174 1 1460 490 279
4563 5368 1658184 1 1450 480 289
4557 5295 1658194 1 1450 480 292
4573 5254 1658204 1 1450 480 314
4609 5243 1658214 1 1440 480 315
4678 5265 1658224 1 1440 480 314
4769 5309 1658234 1 1440 480 309
4866 5398 1658244 1 1440 480 317
4950 5491 1658254 1 1430 490 314
5024 5587 1658264 1 1430 490 312
5077 5657 1658274 1 1430 490 304
5111 5699 1658284 1 1420 490 315
5133 5723 1658294 1 1420 490 315
5133 5723 1658304 1 1420 490 314
5133 5723 1658314 1 1420 490 330
5133 5692 1658324 1 1420 490 344
5120 5641 1658334 1 1430 500 356
5087 5538 1658344 1 1430 500 361
5041 5420 1658354 1 1430 500 373
5008 5291 1658364 1 1430 500 384
5008 5223 1658374 1 1430 500 400
5018 5180 1658384 1 1430 500 418
5048 5153 1658394 1 1430 500 436
5103 5126 1658404 1 1430 500 439
5175 5115 1658414 1 1430 500 452
5267 5115 1658424 1 1430 500 456
5361 5142 1658434 1 1440 490 456
5462 5210 1658444 1 1440 490 443
5571 5304 1658454 1 1440 490 431
5699 5462 1658464 1 1450 500 415
5838 5631 1658474 1 1450 500 409
5943 5807 1658484 1 1450 500 394
6036 6009 1658494 1 1450 500 384
6120 6172 1658504 1 1460 500 389
6183 6310 1658514 1 1460 500 389
6216 6395 1658524 1 1470 490 389
6229 6436 1658534 1 1480 500 394
6229 6448 1658544 1 1480 500 394
6212 6448 1658554 1 1480 500 387
6186 6433 1658564 1 1510 490 386
6138 6398 1658574 1 1510 490 386
6084 6328 1658584 1 1510 490 386
6027 6234 1658594 1 1530 490 384
5974 6125 1658604 1 1530 490 386
5921 5978 1658614 1 1530 490 384
5869 5810 1658624 1 1530 480 386
5823 5628 1658634 1 1530 480 389
5799 5482 1658644 1 1530 480 398
5790 5380 1658654 1 1530 490 405
5818 5307 1658664 1 1530 490 428
5863 5282 1658674 1 1530 490 442
5919 5290 1658684 1 1520 490 447
6006 5320 1658694 1 1510 490 420
6102 5387 1658704 1 1510 490 334
6203 5463 1658714 1 1500 500 146
5288 5669 1658875 0 1490 480 249
5296 5652 1658885 1 1490 480 296
5304 5690 1658895 1 1490 480 312
5335 5722 1658905 1 1480 470 335
5423 5751 1658915 1 1480 470 376
5549 5813 1658925 1 1470 480 400
5694 5887 1658935 1 1470 480 412
5839 5969 1658945 1 1470 480 400
5984 6019 1658955 1 1470 480 281
6596 5611 1659285 0 1500 480 274
6596 5611 1659295 1 1500 480 276
6596 5611 1659305 1 1500 480 274
6596 5611 1659315 1 1500 480 285
6596 5611 1659325 1 1480 480 317
6596 5611 1659335 1 1480 480 340
6742 5626 1659345 1 1490 490 349
6833 5680 1659355 1 1480 500 364
6936 5748 1659365 1 1480 500 361
7026 5825 1659375 1 1500 500 369
7086 5905 1659385 1 1500 500 372
7127 5976 1659395 1 1500 500 379
7136 6035 1659405 1 1510 500 381
7119 6073 1659415 1 1510 500 381
7085 6096 1659425 1 1510 500 374
7023 6083 1659435 1 1510 500 374
6929 6024 1659445 1 1530 500 372
6813 5935 1659455 1 1530 500 377
6712 5837 1659465 1 1530 500 391
6650 5744 1659475 1 1530 500 405
6613 5664 1659485 1 1530 500 417
6613 5592 1659495 1 1530 500 439
6643 5539 1659505 1 1530 500 493
6698 5508 1659515 1 1530 500 530
6798 5492 1659525 1 1530 500 543
6931 5512 1659535 1 1520 490 550
7087 5567 1659545 1 1520 490 550
7260 5645 1659555 1 1510 500 542
7437 5731 1659565 1 1510 500 533
7590 5827 1659575 1 1510 500 515
7725 5929 1659585 1 1510 500 520
7839 6020 1659595 1 1510 500 514
7920 6092 1659605 1 1510 500 509
7980 6151 1659615 1 1510 500 510
8004 6173 1659625 1 1520 510 501
7990 6167 1659635 1 1520 510 501
7950 6142 1659645 1 1520 510 497
7836 6069 1659655 1 1540 500 502
7728 5987 1659665 1 1540 500 509
7624 5899 1659675 1 1550 500 510
7601 5852 1659685 1 1560 500 519
7643 5818 1659695 1 1560 500 515
7728 5793 1659705 1 1560 500 516
7897 5785 1659715 1 1560 500 519
8078 5775 1659725 1 1570 500 519
8266 5763 1659735 1 1570 510 526
8436 5739 1659745 1 1570 510 533
8514 5702 1659755 1 1570 510 551
8531 5656 1659765 1 1560 510 584
8445 5599 1659775 1 1560 510 589
8270 5517 1659785 1 1550 520 595
8036 5418 1659795 1 1550 520 431
