228
2965 5124 780622 0 1140 480 67
2965 5124 780632 1 1140 480 129
2965 5124 780642 1 1140 480 132
2965 5124 780652 1 1150 480 156
2965 5124 780662 1 1150 480 185
2965 5124 780672 1 1150 480 230
2965 5124 780682 1 1160 490 282
3064 5163 780692 1 1160 490 314
3148 5210 780702 1 1160 490 333
3244 5267 780712 1 1160 490 351
3330 5332 780722 1 1160 490 353
3399 5399 780732 1 1160 490 327
3457 5447 780742 1 1160 490 216
3292 6010 780922 0 1230 470 90
3305 5915 780932 1 1230 470 215
3305 5842 780942 1 1240 470 282
3305 5751 780952 1 1240 470 307
3305 5657 780962 1 1240 470 339
3305 5545 780972 1 1240 470 374
3305 5423 780982 1 1240 470 396
3314 5269 780992 1 1230 470 420
3325 5092 781002 1 1230 470 441
3341 4899 781012 1 1230 470 442
3365 4679 781022 1 1220 470 442
3397 4456 781032 1 1210 480 442
3441 4230 781042 1 1190 480 420
3493 4004 781052 1 1170 490 425
3550 3812 781062 1 1160 490 415
3580 3642 781072 1 1150 490 413
3593 3553 781082 1 1140 500 407
3603 3504 781092 1 1110 500 397
3603 3481 781102 1 1100 500 294
3588 3493 781112 1 1090 500 91
3347 4992 781233 0 1050 510 85
3313 5082 781243 1 1050 510 108
3283 5104 781253 1 1060 510 139
3249 5091 781263 1 1080 510 165
3212 5072 781273 1 1090 500 178
3156 5048 781283 1 1100 500 195
3087 4962 781293 1 1110 490 216
3002 4813 781303 1 1120 490 260
2911 4622 781313 1 1120 490 304
2815 4420 781323 1 1120 490 334
2721 4199 781333 1 1120 490 358
2631 3966 781343 1 1120 490 372
2543 3774 781353 1 1120 490 384
2485 3636 781363 1 1110 490 389
2453 3533 781373 1 1110 490 371
2439 3488 781383 1 1090 490 316
2447 3483 781393 1 1090 490 200
3097 4578 781493 0 1050 500 93
3180 4631 781503 1 1050 500 186
3194 4643 781513 1 1050 500 228
3210 4643 781523 1 1050 500 339
3255 4652 781533 1 1060 500 397
3318 4661 781543 1 1060 500 414
3398 4672 781553 1 1070 500 427
3483 4681 781563 1 1070 500 425
3569 4681 781573 1 1070 500 420
3653 4681 781583 1 1080 500 394
3724 4681 781593 1 1080 500 214
3912 5073 781724 0 1090 480 55
3912 5073 781734 1 1090 480 65
4004 5156 781744 1 1100 480 130
4062 5179 781754 1 1100 480 177
4135 5231 781764 1 1100 480 226
4211 5303 781774 1 1110 490 292
4286 5352 781784 1 1120 490 327
4361 5400 781794 1 1120 490 344
4437 5446 781804 1 1120 490 358
4497 5482 781814 1 1130 500 356
4548 5513 781824 1 1130 500 348
4576 5535 781834 1 1130 500 316
4585 5547 781844 1 1140 500 178
4373 5754 781944 0 1130 490 86
4373 5754 781954 1 1140 480 139
4373 5754 781964 1 1140 480 170
4373 5754 781974 1 1140 480 178
4373 5754 781984 1 1140 480 241
4373 5754 781994 1 1140 480 296
4373 5754 782004 1 1140 480 340
4368 5642 782014 1 1140 480 369
4384 5536 782024 1 1140 480 400
4404 5408 782034 1 1140 480 418
4427 5237 782044 1 1140 480 428
4453 5037 782054 1 1140 480 448
4481 4818 782064 1 1130 490 472
4515 4603 782074 1 1130 490 488
4550 4418 782084 1 1130 500 535
4585 4252 782094 1 1130 500 540
4627 4102 782104 1 1110 500 539
4659 4006 782114 1 1110 510 538
4673 3945 782124 1 1100 510 514
4673 3929 782134 1 1100 510 402
4673 3944 782144 1 1080 520 20
4385 5048 782284 0 1070 520 76
4385 5048 782294 1 1070 520 136
4385 5048 782304 1 1080 510 207
4350 4961 782314 1 1080 510 274
4323 4881 782324 1 1090 500 333
4289 4783 782334 1 1090 500 398
4252 4672 782344 1 1090 500 415
4212 4572 782354 1 1090 500 430
4170 4488 782364 1 1090 500 427
4140 4416 782374 1 1090 500 394
4125 4372 782384 1 1080 510 244
4319 4786 782475 0 1060 500 195
4415 4821 782485 1 1060 500 249
4449 4829 782495 1 1060 500 340
4491 4829 782505 1 1060 500 396
4547 4819 782515 1 1070 500 427
4613 4809 782525 1 1070 500 440
4677 4796 782535 1 1080 510 466
4735 4777 782545 1 1090 500 491
4789 4761 782555 1 1090 500 536
4816 4752 782565 1 1100 510 602
4829 4752 782575 1 1100 510 694
4829 4744 782585 1 1100 520 788
4829 4744 782595 1 1100 520 878
4829 4744 782605 1 1110 530 945
4829 4744 782615 1 1110 530 979
4829 4744 782625 1 1110 530 993
4824 4739 782635 1 1100 540 1017
4816 4739 782645 1 1100 540 1023
4808 4733 782655 1 1110 550 1023
4802 4733 782665 1 1110 550 1023
4802 4733 782675 1 1100 550 1023
4802 4733 782685 1 1100 550 1008
4802 4733 782695 1 1100 550 970
4802 4733 782705 1 1100 550 896
4802 4733 782715 1 1100 550 767
4802 4733 782725 1 1100 550 625
4802 4733 782735 1 1110 550 342
5606 5260 782885 0 1110 510 247
5659 5343 782895 1 1120 510 312
5647 5399 782905 1 1120 510 310
5652 5420 782915 1 1120 510 377
5675 5420 782925 1 1120 510 430
5711 5420 782935 1 1130 520 472
5770 5420 782945 1 1140 510 512
5830 5404 782955 1 1150 520 540
5830 5404 782965 1 1150 520 546
5950 5346 782975 1 1170 530 548
6009 5307 782985 1 1170 530 539
6061 5269 782995 1 1180 540 492
6110 5232 783005 1 1180 540 386
6144 5192 783015 1 1180 540 73
5995 4657 783086 0 1160 550 356
5985 4502 783096 1 1160 550 440
5975 4496 783106 1 1160 550 473
5970 4496 783116 1 1150 550 537
5976 4501 783126 1 1150 550 584
5991 4527 783136 1 1130 560 585
6014 4588 783146 1 1130 560 595
6051 4672 783156 1 1120 560 565
6096 4787 783166 1 1120 560 514
6145 4922 783176 1 1120 560 431
6198 5070 783186 1 1120 560 219
6391 5350 783276 0 1150 550 216
6391 5350 783296 1 1150 550 237
6405 5364 783306 1 1160 550 306
6416 5371 783316 1 1160 550 393
6427 5359 783326 1 1160 550 485
6439 5319 783336 1 1150 540 546
6452 5250 783346 1 1150 540 575
6465 5163 783356 1 1150 540 591
6475 5067 783366 1 1150 540 603
6481 4965 783376 1 1150 540 594
6481 4858 783386 1 1150 540 535
6493 4756 783396 1 1140 550 316
6600 5284 783506 0 1110 550 334
6600 5284 783516 1 1110 550 339
6681 5369 783526 1 1110 550 358
6747 5404 783536 1 1110 550 418
6841 5454 783546 1 1110 550 474
6952 5505 783556 1 1130 560 496
7081 5556 783566 1 1130 560 497
7222 5597 783576 1 1130 560 512
7392 5638 783586 1 1160 560 518
7548 5680 783596 1 1160 560 521
7694 5703 783606 1 1160 560 527
7813 5724 783616 1 1180 570 546
7906 5724 783626 1 1180 570 562
7981 5724 783636 1 1190 580 575
8033 5702 783646 1 1190 580 583
8063 5682 783656 1 1200 580 592
8077 5643 783666 1 1200 580 588
8063 5593 783676 1 1210 590 589
8021 5521 783686 1 1220 600 550
7960 5447 783696 1 1220 600 425
7311 4948 783766 0 1200 600 369
7200 4836 783776 1 1200 600 477
7155 4802 783786 1 1200 600 520
7119 4786 783796 1 1200 600 560
7107 4779 783806 1 1190 610 595
7107 4779 783816 1 1190 610 591
7114 4779 783826 1 1180 600 616
7146 4787 783836 1 1180 600 639
7197 4819 783846 1 1180 600 637
7305 4869 783856 1 1170 590 641
7422 4936 783866 1 1170 590 646
7545 4999 783876 1 1170 590 643
7645 5053 783886 1 1170 590 624
7726 5093 783896 1 1170 590 566
7794 5125 783906 1 1170 590 461
7834 5156 783916 1 1170 590 178
7564 5847 784007 0 1200 580 119
7531 6020 784017 1 1200 580 151
7516 6094 784027 1 1210 580 165
7505 6150 784037 1 1210 580 181
7505 6194 784047 1 1230 580 262
7512 6211 784057 1 1240 570 305
7512 6211 784067 1 1240 570 344
7512 6211 784077 1 1250 560 381
7512 6211 784087 1 1250 560 418
7506 6063 784097 1 1260 560 472
7506 5942 784107 1 1260 560 529
7497 5764 784117 1 1270 550 569
7497 5552 784127 1 1290 560 602
7497 5318 784137 1 1290 560 630
7497 4997 784147 1 1270 560 646
7516 4650 784157 1 1270 560 662
7540 4287 784167 1 1260 570 681
7580 3937 784177 1 1240 570 667
7629 3677 784187 1 1210 580 676
7679 3476 784197 1 1200 580 638
7699 3357 784207 1 1170 590 557
7699 3302 784217 1 1130 600 132
