254
3586 5120 771078 0 1080 310 329
3586 5120 771088 1 1070 330 371
3511 5093 771098 1 1070 340 377
3492 5101 771108 1 1080 370 399
3509 5093 771118 1 1080 380 405
3520 5101 771128 1 1080 400 427
3562 5124 771138 1 1080 410 465
3624 5156 771148 1 1080 430 483
3735 5208 771158 1 1090 430 496
3837 5262 771168 1 1090 440 488
3932 5318 771178 1 1100 460 498
4023 5367 771188 1 1100 470 470
4099 5396 771198 1 1100 470 399
4164 5413 771208 1 1110 480 88
4180 5817 771319 0 1120 480 249
4125 6018 771329 1 1130 480 264
4084 6047 771339 1 1150 470 269
4053 6042 771349 1 1150 470 282
4018 6033 771359 1 1160 470 316
3980 6006 771369 1 1160 470 358
3941 5967 771379 1 1180 480 382
3918 5917 771389 1 1180 480 392
3900 5853 771399 1 1180 480 410
3895 5779 771409 1 1190 470 414
3895 5708 771419 1 1190 470 417
3906 5629 771429 1 1200 480 420
3915 5538 771439 1 1190 480 425
3931 5424 771449 1 1190 480 425
3954 5295 771459 1 1190 480 427
3982 5141 771469 1 1190 480 428
4017 4949 771479 1 1170 490 427
4061 4733 771489 1 1160 490 431
4112 4525 771499 1 1150 490 449
4166 4292 771509 1 1140 500 442
4221 4043 771519 1 1130 500 478
4278 3768 771529 1 1110 500 473
4336 3520 771539 1 1100 500 473
4380 3291 771549 1 1080 510 465
4414 3163 771559 1 1050 510 464
4425 3096 771569 1 1040 510 442
4425 3069 771579 1 1010 510 274
4093 4979 771739 0 1000 480 146
4093 4979 771749 1 1010 470 149
4093 4979 771759 1 1020 470 209
3986 4843 771769 1 1030 470 270
3933 4753 771779 1 1040 470 309
3871 4628 771789 1 1040 470 364
3802 4477 771799 1 1050 470 391
3729 4309 771809 1 1060 480 413
3668 4158 771819 1 1050 480 417
3614 4071 771829 1 1050 490 404
3600 4027 771839 1 1050 490 294
3600 4019 771849 1 1050 500 103
3912 4809 771939 0 1030 480 65
3993 4863 771949 1 1030 480 249
3998 4863 771959 1 1030 480 282
4003 4863 771969 1 1040 480 366
4029 4856 771979 1 1040 480 431
4067 4839 771989 1 1050 480 461
4123 4816 771999 1 1050 480 474
4182 4789 772009 1 1050 480 468
4244 4773 772019 1 1060 480 443
4305 4765 772029 1 1070 490 193
4739 5212 772190 0 1060 500 230
4739 5212 772200 1 1060 500 239
4739 5212 772210 1 1080 510 249
4739 5212 772220 1 1080 510 250
4766 5297 772230 1 1080 510 264
4819 5341 772240 1 1080 510 277
4897 5396 772250 1 1080 510 314
4992 5458 772260 1 1080 510 327
5114 5528 772270 1 1090 500 333
5242 5596 772280 1 1100 510 349
5373 5661 772290 1 1100 510 353
5482 5722 772300 1 1100 510 348
5568 5776 772310 1 1100 520 315
5639 5823 772320 1 1100 520 175
5307 6059 772420 0 1170 510 101
5307 6059 772430 1 1180 510 141
5307 6059 772440 1 1180 510 165
5307 6059 772450 1 1180 510 187
5307 6059 772460 1 1190 500 221
5307 6059 772470 1 1190 500 274
5307 6059 772480 1 1190 500 296
5286 5961 772490 1 1200 500 312
5299 5886 772500 1 1200 500 334
5314 5798 772510 1 1190 500 366
5329 5704 772520 1 1190 500 394
5341 5586 772530 1 1190 500 430
5349 5451 772540 1 1180 510 450
5363 5285 772550 1 1180 510 460
5378 5118 772560 1 1170 510 473
5397 4951 772570 1 1150 510 474
5415 4806 772580 1 1140 510 469
5431 4677 772590 1 1130 520 468
5446 4605 772600 1 1120 520 465
5453 4563 772610 1 1100 520 427
5453 4541 772620 1 1090 520 284
5306 5523 772751 0 1050 530 149
5306 5523 772761 1 1050 530 183
5306 5523 772771 1 1060 530 230
5306 5523 772781 1 1060 530 282
5306 5523 772791 1 1080 530 320
5228 5475 772801 1 1080 530 338
5228 5475 772811 1 1080 530 351
5228 5470 772821 1 1090 520 369
5228 5470 772831 1 1090 520 417
5222 5470 772841 1 1090 520 435
5216 5460 772851 1 1090 520 452
5198 5444 772861 1 1100 520 480
5181 5424 772871 1 1100 520 517
5165 5404 772881 1 1100 520 544
5160 5395 772891 1 1100 520 551
5160 5395 772901 1 1100 520 563
5155 5395 772911 1 1100 520 584
5155 5395 772921 1 1100 520 585
5155 5395 772931 1 1100 520 592
5155 5395 772941 1 1100 520 602
5155 5395 772951 1 1100 520 603
5155 5390 772961 1 1100 520 608
5155 5390 772971 1 1100 520 611
5155 5390 772981 1 1100 510 614
5155 5390 772991 1 1100 510 613
5155 5378 773001 1 1100 510 616
5141 5353 773011 1 1100 510 617
5126 5320 773021 1 1100 510 617
5108 5278 773031 1 1100 510 617
5081 5234 773041 1 1100 510 616
5048 5175 773051 1 1100 510 616
5006 5106 773061 1 1100 510 617
4961 5025 773071 1 1100 510 617
4913 4960 773081 1 1100 510 614
4889 4906 773091 1 1100 510 589
4881 4892 773101 1 1100 510 517
4881 4892 773111 1 1100 510 391
4894 4901 773121 1 1100 510 125
5205 5377 773221 0 1080 520 237
5291 5401 773231 1 1080 520 277
5314 5406 773241 1 1080 520 334
5346 5406 773251 1 1080 520 388
5396 5406 773261 1 1100 510 431
5458 5406 773271 1 1100 510 474
5517 5412 773281 1 1100 510 512
5562 5412 773291 1 1100 510 570
5598 5412 773301 1 1100 510 610
5623 5412 773311 1 1100 520 671
5633 5412 773321 1 1100 520 734
5633 5407 773331 1 1100 520 784
5633 5407 773341 1 1110 530 839
5633 5407 773351 1 1110 530 905
5633 5407 773361 1 1110 530 939
5633 5407 773371 1 1110 530 944
5633 5407 773381 1 1110 530 958
5633 5401 773391 1 1110 530 959
5633 5401 773401 1 1120 530 956
5633 5401 773411 1 1130 540 953
5640 5401 773421 1 1130 540 956
5657 5401 773431 1 1130 540 955
5680 5401 773441 1 1130 540 955
5692 5401 773451 1 1130 540 955
5697 5401 773461 1 1130 540 953
5697 5401 773471 1 1130 540 944
5697 5401 773481 1 1130 540 944
5704 5401 773491 1 1130 540 906
5704 5401 773501 1 1130 540 860
5704 5401 773511 1 1130 540 787
5733 5401 773521 1 1130 540 659
5774 5401 773531 1 1130 540 205
6612 5896 773762 0 1210 510 304
6612 5896 773772 1 1210 510 334
6612 5896 773782 1 1210 510 344
6612 5896 773792 1 1210 510 382
6612 5896 773802 1 1220 510 423
6612 5896 773812 1 1220 510 458
6612 5896 773822 1 1220 510 466
6694 5858 773832 1 1220 510 463
6738 5830 773842 1 1210 520 453
6777 5801 773852 1 1210 520 339
6634 5189 773952 0 1150 540 494
6634 5189 773962 1 1150 540 494
6634 5189 773972 1 1140 550 492
6634 5189 773982 1 1140 550 497
6690 5329 773992 1 1120 550 499
6735 5433 774002 1 1120 550 498
6798 5540 774012 1 1120 550 402
6874 5646 774022 1 1120 550 207
7452 5905 774213 0 1200 540 309
7452 5905 774223 1 1230 550 307
7452 5905 774233 1 1230 550 327
7452 5905 774243 1 1230 550 407
7452 5905 774253 1 1240 540 495
7471 5761 774263 1 1240 540 548
7486 5651 774273 1 1240 540 581
7514 5523 774283 1 1230 550 605
7547 5364 774293 1 1230 550 616
7591 5222 774303 1 1230 550 581
7641 5092 774313 1 1210 550 522
7693 5004 774323 1 1210 550 186
7674 5739 774413 0 1130 570 144
7674 5739 774423 1 1130 570 181
7782 5852 774433 1 1120 560 218
7835 5895 774443 1 1130 570 274
7942 5936 774453 1 1140 570 384
8051 5981 774463 1 1140 570 465
8203 6028 774473 1 1160 560 522
8382 6079 774493 1 1170 560 567
8577 6130 774503 1 1170 560 602
8753 6157 774513 1 1190 560 636
8915 6168 774523 1 1190 560 668
9044 6208 774533 1 1210 560 682
9152 6229 774543 1 1220 570 690
9247 6238 774553 1 1240 570 693
9339 6233 774563 1 1240 570 693
9407 6225 774573 1 1270 570 700
9458 6186 774583 1 1270 570 697
9463 6129 774593 1 1280 580 699
9437 6048 774603 1 1300 580 691
9389 5952 774613 1 1310 580 671
9313 5846 774623 1 1310 580 592
9238 5757 774633 1 1290 590 274
8257 5355 774713 0 1220 600 449
8059 5222 774723 1 1220 600 477
8019 5203 774733 1 1200 600 470
8019 5203 774743 1 1190 600 485
8040 5215 774753 1 1180 600 530
8080 5239 774763 1 1180 600 580
8146 5265 774773 1 1160 600 645
8258 5290 774783 1 1150 600 685
8400 5333 774793 1 1150 600 699
8575 5387 774803 1 1150 600 699
8753 5432 774813 1 1150 600 702
8937 5460 774823 1 1150 600 699
9054 5476 774833 1 1150 600 662
9124 5504 774843 1 1150 600 561
9175 5530 774853 1 1150 600 373
8700 6564 774994 0 1220 570 188
8700 6564 775004 1 1220 570 249
8700 6564 775014 1 1230 560 255
8700 6564 775024 1 1250 560 310
8700 6564 775034 1 1250 560 389
8714 6470 775044 1 1250 560 452
8714 6363 775054 1 1260 560 491
8714 6217 775064 1 1260 560 519
8719 6032 775074 1 1260 560 557
8728 5821 775084 1 1260 560 585
8737 5599 775094 1 1250 560 619
8745 5320 775104 1 1250 560 645
8753 5002 775114 1 1230 560 642
8777 4633 775124 1 1220 570 649
8816 4310 775134 1 1200 570 649
8864 4018 775144 1 1190 580 638
8906 3799 775154 1 1170 580 636
8950 3646 775164 1 1150 600 546
8967 3538 775174 1 1120 600 307
