256
3562 4772 796254 0 1340 540 1
3562 4772 796264 1 1340 540 73
3562 4772 796274 1 1340 540 137
3479 4745 796284 1 1340 540 221
3470 4745 796294 1 1340 540 285
3461 4745 796304 1 1340 540 325
3452 4745 796314 1 1340 540 373
3452 4745 796324 1 1340 540 391
3446 4745 796334 1 1340 540 415
3446 4745 796344 1 1330 540 441
3446 4745 796354 1 1330 540 443
3446 4745 796364 1 1330 540 461
3446 4745 796374 1 1330 540 477
3446 4745 796384 1 1330 540 491
3446 4745 796394 1 1330 540 509
3446 4750 796404 1 1330 540 524
3475 4758 796414 1 1330 540 554
3521 4790 796424 1 1330 540 563
3608 4849 796434 1 1340 540 572
3726 4927 796444 1 1340 540 581
3864 5010 796454 1 1340 540 583
4007 5090 796464 1 1340 540 583
4151 5164 796474 1 1350 540 574
4274 5231 796484 1 1360 540 554
4381 5276 796494 1 1360 540 537
4444 5308 796505 1 1360 540 515
4444 5308 796515 1 1360 540 502
4444 5308 796525 1 1370 530 477
4521 5353 796535 1 1370 530 442
4521 5353 796545 1 1370 530 356
4516 5353 796555 1 1400 530 214
4493 5362 796565 1 1400 530 18
3909 5717 796715 0 1410 510 85
3909 5717 796725 1 1410 510 139
3870 5795 796735 1 1410 510 230
3864 5807 796745 1 1410 510 291
3864 5815 796755 1 1410 510 309
3858 5815 796765 1 1420 500 310
3858 5815 796775 1 1420 500 315
3858 5793 796785 1 1420 500 344
3866 5754 796795 1 1420 500 398
3876 5659 796805 1 1430 510 417
3893 5513 796815 1 1420 520 447
3917 5333 796825 1 1420 520 472
3946 5138 796835 1 1420 520 490
3981 4941 796845 1 1420 520 494
4024 4741 796855 1 1410 520 509
4075 4541 796865 1 1410 520 510
4126 4350 796875 1 1410 520 510
4177 4191 796885 1 1400 530 512
4216 4053 796895 1 1400 530 510
4250 3954 796895 1 1400 530 486
4281 3876 796905 1 1390 540 431
4305 3811 796915 1 1390 540 342
4319 3776 796925 1 1370 540 196
4327 3765 796935 1 1370 540 42
3981 4590 797276 0 1360 490 178
3981 4590 797286 1 1360 490 190
3981 4590 797296 1 1370 500 193
3981 4590 797306 1 1360 500 237
3981 4590 797316 1 1360 500 280
3981 4590 797326 1 1360 510 316
3981 4590 797336 1 1360 510 344
3886 4501 797346 1 1350 520 374
3849 4428 797356 1 1360 520 405
3805 4326 797366 1 1360 520 422
3756 4204 797376 1 1350 530 428
3700 4085 797386 1 1360 540 433
3647 3968 797396 1 1360 540 431
3614 3867 797406 1 1360 540 427
3593 3776 797416 1 1350 540 398
3593 3712 797426 1 1350 540 304
3593 3682 797436 1 1350 540 130
4420 4617 797646 0 1370 510 398
4420 4617 797656 1 1370 510 397
4420 4617 797666 1 1380 510 402
4420 4617 797676 1 1380 510 414
4420 4617 797686 1 1380 510 443
4521 4599 797696 1 1370 520 453
4562 4577 797706 1 1390 520 453
4606 4547 797716 1 1390 520 436
4658 4515 797726 1 1390 520 339
4717 4486 797736 1 1370 530 6
4776 4949 798287 0 1370 510 250
4776 4949 798297 1 1400 510 262
4776 4949 798307 1 1400 510 280
4776 4949 798317 1 1410 510 325
4776 4949 798327 1 1410 510 362
4908 5019 798337 1 1420 520 387
4999 5067 798347 1 1420 520 389
5108 5114 798357 1 1430 520 392
5166 5157 798367 1 1450 530 396
5233 5197 798377 1 1450 530 333
5307 5216 798387 1 1460 530 217
5005 5445 798528 0 1480 540 148
5005 5445 798538 1 1470 530 184
4970 5528 798548 1 1470 530 219
4963 5534 798558 1 1470 530 237
4963 5534 798568 1 1470 530 241
4963 5528 798578 1 1470 530 314
4971 5491 798588 1 1470 530 361
4982 5431 798598 1 1470 530 394
4997 5310 798608 1 1480 530 409
5030 5159 798618 1 1480 530 417
5074 4988 798618 1 1470 530 418
5121 4800 798628 1 1470 530 420
5165 4639 798638 1 1470 530 415
5200 4497 798648 1 1460 540 389
5229 4363 798658 1 1460 540 335
5251 4253 798668 1 1450 550 213
5041 4692 798888 0 1450 530 181
5041 4692 798898 1 1450 530 191
5041 4692 798908 1 1450 530 207
5041 4692 798918 1 1450 540 247
5041 4692 798928 1 1450 540 279
4952 4593 798938 1 1450 540 304
4926 4545 798948 1 1440 540 337
4894 4488 798958 1 1440 540 336
4858 4430 798968 1 1450 550 336
4827 4368 798978 1 1440 560 334
4799 4302 798988 1 1440 560 317
4780 4244 798998 1 1430 560 221
4767 4190 799008 1 1430 560 93
5483 4710 799239 0 1460 540 420
5483 4710 799249 1 1460 540 494
5483 4710 799259 1 1460 540 541
5483 4710 799269 1 1450 550 570
5483 4710 799279 1 1460 550 616
5483 4710 799289 1 1460 550 670
5567 4695 799299 1 1460 550 691
5624 4666 799309 1 1450 560 693
5696 4624 799319 1 1450 560 697
5779 4574 799329 1 1450 560 690
5859 4526 799339 1 1460 570 656
5919 4478 799349 1 1460 570 586
5965 4430 799359 1 1460 570 444
6001 4389 799369 1 1470 580 106
6867 5244 800531 0 1440 480 418
6867 5244 800541 1 1450 480 439
6867 5244 800551 1 1450 480 439
6867 5244 800561 1 1450 500 449
6867 5244 800571 1 1450 500 450
6867 5244 800581 1 1460 500 458
6867 5244 800591 1 1480 500 463
6952 5266 800601 1 1470 510 461
6992 5259 800611 1 1480 510 428
7035 5249 800621 1 1480 510 296
6925 4248 800811 0 1460 520 277
6925 4248 800821 1 1450 530 309
6925 4248 800831 1 1450 530 387
6925 4248 800841 1 1450 530 490
6925 4248 800851 1 1460 530 578
6925 4248 800861 1 1460 530 631
6925 4248 800871 1 1460 530 658
6925 4248 800881 1 1460 540 667
6925 4248 800891 1 1460 540 670
6972 4377 800901 1 1470 550 659
7082 4500 800911 1 1460 550 599
7203 4629 800921 1 1480 560 394
7568 5322 801582 0 1540 530 193
7568 5322 801592 1 1540 530 255
7568 5322 801602 1 1540 530 320
7538 5419 801612 1 1540 530 369
7538 5430 801622 1 1540 530 396
7538 5439 801632 1 1540 530 414
7538 5444 801642 1 1540 530 427
7538 5444 801652 1 1520 540 440
7546 5436 801662 1 1520 540 486
7566 5387 801672 1 1520 540 533
7595 5309 801682 1 1520 540 550
7634 5182 801692 1 1520 540 545
7676 5049 801702 1 1520 540 539
7717 4911 801712 1 1520 540 535
7757 4799 801722 1 1510 540 488
7787 4717 801732 1 1510 540 374
7813 4654 801742 1 1500 540 73
7984 5472 802153 0 1530 520 212
7984 5472 802163 1 1520 530 267
7984 5472 802173 1 1530 530 337
7984 5472 802183 1 1530 530 402
7984 5472 802193 1 1530 530 439
7928 5486 802203 1 1540 530 477
7928 5486 802213 1 1530 540 510
7928 5491 802223 1 1550 540 516
7928 5491 802233 1 1550 540 524
7928 5491 802243 1 1560 550 527
7934 5498 802253 1 1560 550 532
7963 5507 802263 1 1560 550 535
8006 5529 802273 1 1570 560 546
8068 5558 802283 1 1570 560 541
8163 5593 802293 1 1570 560 544
8280 5632 802303 1 1570 560 544
8376 5668 802313 1 1570 560 546
8482 5697 802323 1 1570 560 536
8595 5718 802333 1 1570 560 544
8670 5723 802343 1 1560 570 546
8726 5717 802353 1 1560 570 546
8770 5706 802363 1 1560 570 544
8804 5690 802373 1 1560 570 544
8824 5663 802383 1 1560 570 546
8835 5617 802393 1 1560 570 543
8826 5559 802403 1 1560 570 551
8798 5474 802413 1 1560 570 561
8756 5377 802423 1 1560 570 570
8705 5272 802433 1 1560 570 572
8651 5184 802443 1 1540 560 570
8595 5106 802453 1 1540 560 569
8557 5036 802463 1 1540 560 570
8522 4984 802473 1 1540 560 566
8505 4950 802483 1 1540 560 562
8498 4928 802493 1 1540 560 522
8498 4918 802503 1 1550 550 452
8498 4918 802513 1 1550 550 340
8498 4913 802523 1 1540 550 149
8146 4701 802794 0 1520 560 262
8146 4701 802804 1 1520 560 312
8146 4701 802814 1 1520 560 396
8146 4701 802824 1 1510 560 448
8146 4701 802834 1 1510 560 498
8146 4701 802844 1 1510 560 510
8146 4701 802854 1 1520 570 515
8199 4783 802864 1 1520 570 522
8263 4833 802874 1 1520 570 519
8352 4891 802884 1 1510 580 472
8457 4949 802894 1 1510 580 315
7876 6555 803395 0 1570 480 101
7876 6555 803405 1 1570 490 153
7876 6555 803415 1 1570 490 249
7876 6555 803425 1 1570 490 315
7794 6607 803435 1 1570 490 376
7787 6619 803445 1 1570 490 435
7787 6629 803455 1 1570 490 473
7787 6629 803465 1 1570 490 491
7787 6635 803475 1 1560 500 514
7787 6635 803485 1 1560 500 515
7813 6625 803495 1 1560 500 546
7851 6608 803505 1 1570 500 559
7908 6565 803515 1 1570 500 569
7966 6505 803525 1 1570 500 586
8038 6418 803535 1 1570 510 595
8119 6326 803545 1 1580 510 595
8213 6224 803555 1 1580 510 614
8283 6084 803565 1 1580 510 622
8350 5919 803575 1 1580 510 642
8422 5716 803585 1 1580 520 668
8473 5497 803595 1 1580 520 700
8509 5268 803605 1 1580 520 719
8534 5013 803615 1 1580 530 731
8552 4771 803625 1 1580 530 742
8570 4538 803635 1 1570 540 751
8589 4332 803645 1 1580 550 751
8609 4152 803655 1 1580 550 743
8630 3990 803665 1 1570 560 731
8650 3859 803675 1 1570 560 673
8666 3758 803685 1 1560 570 541
8680 3677 803695 1 1540 570 254
