358
3236 6967 1386383 0 1350 800 24
3300 7115 1386393 1 1350 800 132
3300 7164 1386403 1 1350 800 144
3300 7170 1386413 1 1350 800 158
3292 7170 1386423 1 1350 790 175
3276 7155 1386433 1 1350 770 171
3244 7132 1386443 1 1380 750 196
3168 7048 1386453 1 1350 730 212
3062 6914 1386463 1 1350 710 240
2939 6746 1386473 1 1350 690 242
2814 6545 1386483 1 1350 670 244
2687 6332 1386493 1 1370 650 245
2568 6112 1386503 1 1350 630 282
2473 5920 1386513 1 1340 610 325
2394 5770 1386523 1 1310 580 363
2345 5649 1386533 1 1310 570 376
2326 5592 1386543 1 1300 550 394
2326 5592 1386553 1 1290 530 414
2326 5592 1386563 1 1280 520 452
2326 5592 1386573 1 1280 500 471
2477 5738 1386583 1 1270 500 470
2607 5901 1386593 1 1260 490 472
2755 6092 1386603 1 1260 490 488
2915 6279 1386613 1 1250 500 491
3066 6458 1386623 1 1250 500 492
3213 6583 1386633 1 1250 500 496
3315 6672 1386643 1 1250 500 494
3389 6720 1386653 1 1250 500 495
3431 6730 1386663 1 1250 500 448
3442 6716 1386673 1 1250 500 414
3432 6652 1386683 1 1250 500 336
3375 6493 1386693 1 1250 500 225
3264 6272 1386703 1 1250 500 170
3118 5978 1386713 1 1250 500 175
2927 5638 1386723 1 1260 490 233
2745 5267 1386733 1 1260 490 310
2569 4966 1386743 1 1250 500 422
2454 4754 1386753 1 1250 500 460
2408 4601 1386763 1 1250 500 465
2408 4555 1386773 1 1240 500 480
2443 4560 1386783 1 1220 500 496
2519 4600 1386793 1 1220 500 507
2621 4719 1386803 1 1210 510 514
2766 4908 1386813 1 1210 510 514
2912 5143 1386823 1 1210 510 515
3073 5391 1386833 1 1200 510 512
3242 5644 1386843 1 1200 510 498
3383 5900 1386853 1 1200 510 465
3502 6137 1386863 1 1200 510 428
3605 6359 1386873 1 1200 510 372
3692 6570 1386883 1 1200 510 272
3744 6735 1386893 1 1200 510 148
3772 6861 1386903 1 1200 510 75
3760 6962 1386913 1 1200 500 29
3711 7000 1386923 1 1220 500 36
3638 7014 1386933 1 1230 490 48
3568 7014 1386943 1 1240 490 75
3504 7004 1386953 1 1250 480 141
3452 6996 1386963 1 1260 480 173
3421 6991 1386973 1 1270 480 218
3404 6991 1386983 1 1270 480 249
3391 6975 1386993 1 1280 470 292
3382 6939 1387003 1 1300 470 344
3377 6889 1387013 1 1300 470 399
3377 6800 1387023 1 1310 460 428
3377 6708 1387033 1 1310 460 466
3372 6573 1387043 1 1310 460 488
3366 6412 1387053 1 1310 460 499
3359 6209 1387063 1 1310 460 504
3344 5977 1387073 1 1300 470 512
3329 5727 1387083 1 1300 470 513
3315 5510 1387093 1 1280 470 522
3303 5266 1387103 1 1270 480 532
3294 5003 1387113 1 1270 480 554
3294 4746 1387123 1 1260 480 564
3299 4554 1387133 1 1250 480 574
3334 4405 1387143 1 1240 490 584
3388 4291 1387153 1 1220 500 591
3462 4209 1387163 1 1190 490 592
3558 4148 1387173 1 1180 490 603
3669 4134 1387183 1 1180 490 620
3806 4177 1387193 1 1170 500 644
3948 4259 1387203 1 1160 500 679
4109 4424 1387213 1 1150 500 700
4281 4620 1387223 1 1150 500 722
4439 4836 1387233 1 1130 510 749
4598 5070 1387243 1 1130 510 760
4738 5285 1387253 1 1130 510 761
4865 5488 1387263 1 1140 510 758
4942 5649 1387273 1 1140 510 716
4979 5788 1387283 1 1140 510 586
4989 5912 1387293 1 1140 510 108
5239 7404 1387475 0 1310 460 36
5268 7384 1387485 1 1310 460 146
5268 7369 1387495 1 1310 460 177
5262 7374 1387505 1 1320 460 212
5262 7374 1387515 1 1320 460 287
5262 7381 1387525 1 1320 460 346
5262 7386 1387535 1 1320 460 387
5262 7392 1387545 1 1320 460 407
5262 7413 1387555 1 1320 460 431
5300 7464 1387565 1 1320 460 443
5370 7535 1387575 1 1320 460 448
5465 7645 1387585 1 1310 460 453
5562 7718 1387595 1 1310 460 461
5631 7766 1387605 1 1320 470 463
5682 7783 1387615 1 1320 470 464
5717 7747 1387625 1 1320 470 496
5733 7676 1387635 1 1320 470 504
5733 7516 1387635 1 1320 470 514
5710 7246 1387645 1 1320 470 521
5665 6903 1387655 1 1320 470 556
5609 6520 1387665 1 1320 470 580
5558 6104 1387675 1 1310 470 611
5512 5666 1387685 1 1310 470 625
5496 5336 1387695 1 1300 480 633
5496 5033 1387705 1 1280 480 639
5496 4747 1387715 1 1270 490 647
5503 4573 1387725 1 1260 490 644
5512 4432 1387735 1 1240 500 638
5521 4312 1387745 1 1220 500 616
5538 4274 1387755 1 1210 510 567
5553 4301 1387765 1 1190 510 490
5563 4372 1387775 1 1170 520 362
5571 4572 1387785 1 1160 520 272
5581 4881 1387795 1 1150 520 253
5596 5262 1387805 1 1150 520 242
5640 5661 1387815 1 1120 530 284
5700 6024 1387825 1 1120 530 317
5795 6362 1387835 1 1110 530 312
5895 6688 1387845 1 1110 530 320
6017 7016 1387855 1 1110 530 325
6153 7287 1387865 1 1120 530 324
6295 7519 1387875 1 1140 530 322
6434 7740 1387885 1 1150 520 320
6571 7923 1387895 1 1160 520 324
6737 8082 1387905 1 1200 520 334
6870 8195 1387915 1 1210 520 356
6981 8250 1387925 1 1230 510 371
7052 8266 1387935 1 1260 510 396
7093 8221 1387945 1 1280 500 420
7115 8117 1387955 1 1290 500 422
7104 7973 1387965 1 1320 500 427
7053 7775 1387975 1 1330 500 430
6975 7571 1387985 1 1340 490 430
6857 7362 1387995 1 1350 500 428
6692 7144 1388005 1 1360 490 428
6495 6913 1388015 1 1360 490 427
6287 6673 1388025 1 1360 490 440
6102 6497 1388035 1 1360 490 466
5931 6378 1388045 1 1360 490 464
5841 6297 1388055 1 1350 500 467
5789 6297 1388065 1 1350 500 472
5762 6353 1388075 1 1350 500 468
5791 6450 1388085 1 1340 500 472
5868 6578 1388095 1 1330 500 477
5977 6705 1388105 1 1330 500 483
6136 6831 1388115 1 1330 500 490
6332 6960 1388125 1 1320 490 492
6553 7090 1388135 1 1320 490 502
6775 7184 1388145 1 1320 490 504
6977 7262 1388155 1 1310 480 510
7165 7330 1388165 1 1320 490 512
7348 7391 1388175 1 1320 490 509
7483 7422 1388185 1 1320 490 497
7587 7432 1388195 1 1320 490 466
7640 7414 1388205 1 1330 480 409
7640 7358 1388215 1 1340 490 296
7597 7276 1388225 1 1340 490 136
7482 7143 1388235 1 1340 490 90
7319 6976 1388245 1 1340 490 91
7124 6787 1388255 1 1340 490 130
6951 6631 1388265 1 1340 490 196
6786 6460 1388275 1 1340 490 272
6627 6280 1388285 1 1340 490 311
6542 6164 1388295 1 1330 500 310
6506 6095 1388305 1 1330 500 317
6506 6057 1388315 1 1330 500 337
6506 6025 1388325 1 1330 500 363
6530 6009 1388335 1 1330 500 399
6566 6009 1388345 1 1330 500 441
6633 6035 1388355 1 1320 490 464
6736 6109 1388365 1 1320 490 491
6863 6212 1388375 1 1320 490 518
6974 6322 1388385 1 1320 490 535
7077 6431 1388395 1 1320 490 535
7175 6500 1388405 1 1310 480 537
7246 6544 1388415 1 1310 480 529
7278 6544 1388425 1 1310 480 520
7284 6508 1388435 1 1300 500 499
7240 6447 1388445 1 1300 500 488
7164 6328 1388455 1 1300 500 480
7066 6195 1388465 1 1300 500 483
6956 6053 1388475 1 1300 500 498
6846 5912 1388486 1 1290 500 519
6760 5802 1388496 1 1290 500 529
6691 5714 1388506 1 1290 500 541
6650 5649 1388516 1 1280 500 545
6630 5603 1388526 1 1280 500 557
6624 5571 1388536 1 1270 510 561
6652 5562 1388546 1 1270 510 568
6719 5582 1388556 1 1270 510 560
6812 5622 1388566 1 1260 510 566
6941 5705 1388576 1 1260 510 566
7071 5797 1388586 1 1260 510 566
7201 5895 1388596 1 1260 510 566
7307 5952 1388606 1 1260 510 550
7397 5968 1388616 1 1260 510 502
7433 5957 1388626 1 1260 510 449
7411 5888 1388636 1 1240 520 317
7351 5747 1388646 1 1240 520 257
7205 5557 1388656 1 1250 530 250
7046 5311 1388666 1 1250 530 316
6879 5078 1388676 1 1250 530 376
6737 4854 1388686 1 1250 530 423
6672 4728 1388696 1 1250 530 420
6657 4667 1388706 1 1250 530 433
6667 4649 1388716 1 1250 530 474
6718 4649 1388726 1 1250 530 491
6795 4703 1388736 1 1250 530 512
6915 4785 1388746 1 1240 530 522
7039 4925 1388756 1 1240 530 540
7178 5080 1388766 1 1240 530 540
7324 5246 1388776 1 1230 530 546
7455 5458 1388786 1 1230 530 533
7563 5669 1388796 1 1220 540 496
7655 5882 1388806 1 1220 540 420
7719 6092 1388816 1 1220 540 361
7744 6298 1388826 1 1220 540 322
7744 6576 1388836 1 1220 540 312
7705 6791 1388846 1 1230 530 307
7644 6963 1388856 1 1230 530 316
7566 7122 1388866 1 1240 530 327
7491 7239 1388876 1 1250 530 336
7421 7328 1388886 1 1250 530 349
7363 7371 1388896 1 1270 520 367
7314 7371 1388906 1 1280 520 392
7263 7347 1388916 1 1280 520 400
7208 7254 1388926 1 1280 520 413
7160 7063 1388936 1 1290 510 440
7112 6806 1388946 1 1300 510 483
7064 6494 1388956 1 1300 510 516
7012 6064 1388966 1 1320 500 550
6956 5555 1388976 1 1320 500 577
6905 4996 1388986 1 1330 510 588
6858 4399 1388996 1 1330 510 609
6839 3776 1389006 1 1320 510 614
6839 3275 1389016 1 1320 510 617
6854 2771 1389026 1 1290 520 627
6874 2364 1389036 1 1290 530 627
6899 2023 1389046 1 1260 540 625
6932 1716 1389056 1 1220 560 614
6969 1527 1389066 1 1180 570 578
7005 1416 1389076 1 1150 580 465
7035 1404 1389086 1 1100 580 251
8133 5954 1389217 0 1020 550 259
8414 6318 1389227 1 1060 550 286
8442 6542 1389237 1 1080 540 304
8487 6711 1389247 1 1110 530 314
8543 6843 1389257 1 1120 530 320
8606 7002 1389267 1 1150 520 327
8698 7162 1389277 1 1160 520 364
8835 7323 1389287 1 1180 530 397
9001 7543 1389297 1 1210 520 409
9198 7758 1389307 1 1220 510 425
9395 7970 1389317 1 1240 520 420
9590 8163 1389327 1 1260 510 425
9758 8352 1389337 1 1270 510 425
9911 8520 1389347 1 1280 520 420
10036 8675 1389357 1 1300 520 422
10107 8788 1389367 1 1300 520 415
10142 8866 1389377 1 1310 520 399
10142 8920 1389387 1 1330 530 335
10101 8951 1389397 1 1340 520 274
10101 8951 1389407 1 1340 520 225
9926 8908 1389417 1 1350 530 203
9799 8858 1389427 1 1360 520 196
9659 8799 1389437 1 1360 520 218
9541 8734 1389447 1 1360 520 252
9454 8692 1389457 1 1360 520 306
9388 8618 1389467 1 1370 520 346
9340 8524 1389477 1 1370 520 397
9312 8369 1389487 1 1370 520 443
9297 8162 1389497 1 1370 520 491
9264 7920 1389507 1 1370 520 554
9207 7624 1389517 1 1370 520 594
9135 7262 1389527 1 1370 520 606
9038 6855 1389537 1 1370 520 614
8915 6453 1389547 1 1360 510 616
8775 6049 1389557 1 1360 510 616
8662 5644 1389567 1 1350 520 611
8584 5373 1389577 1 1350 520 624
8529 5165 1389587 1 1330 520 634
8529 4998 1389597 1 1310 520 636
8550 4932 1389607 1 1310 520 647
8592 4963 1389617 1 1300 530 650
8682 5058 1389627 1 1290 530 656
8829 5271 1389637 1 1280 540 659
9015 5561 1389647 1 1270 530 667
9226 5902 1389657 1 1250 540 662
9472 6262 1389667 1 1250 540 663
9742 6580 1389677 1 1250 540 670
9965 6870 1389687 1 1250 540 659
10114 7111 1389697 1 1250 540 633
10213 7302 1389707 1 1260 540 561
10269 7460 1389717 1 1260 540 438
10285 7601 1389727 1 1260 540 280
10275 7722 1389737 1 1260 540 148
10244 7829 1389747 1 1280 540 96
10207 7923 1389757 1 1290 550 129
10165 7959 1389767 1 1300 540 173
10129 7959 1389777 1 1300 540 222
10092 7921 1389787 1 1310 540 247
10051 7847 1389797 1 1330 530 279
10008 7749 1389807 1 1330 530 312
9963 7614 1389817 1 1340 520 349
9919 7421 1389827 1 1340 520 398
9893 7190 1389837 1 1340 520 430
9879 6911 1389847 1 1350 520 469
9871 6602 1389857 1 1350 520 489
9871 6272 1389867 1 1350 520 529
9871 5929 1389877 1 1340 520 577
9871 5595 1389887 1 1340 520 613
9894 5260 1389897 1 1340 520 639
9912 4920 1389907 1 1330 530 658
9927 4602 1389917 1 1310 540 664
9935 4321 1389927 1 1300 530 687
9918 4066 1389937 1 1290 530 690
9885 3842 1389947 1 1280 540 708
9839 3676 1389957 1 1260 540 722
9791 3550 1389967 1 1250 550 733
9741 3493 1389977 1 1240 550 740
9700 3478 1389987 1 1220 560 748
9660 3490 1389997 1 1210 560 751
9622 3538 1390007 1 1190 560 740
9583 3625 1390017 1 1180 570 711
9543 3739 1390027 1 1180 570 665
9503 3883 1390037 1 1180 570 595
9456 4031 1390047 1 1180 570 517
9411 4183 1390057 1 1180 570 372
9305 4940 1390118 0 1200 550 93
9438 5043 1390128 1 1220 560 195
9475 5048 1390138 1 1240 550 286
9513 5031 1390148 1 1240 550 374
9554 4982 1390158 1 1250 550 433
9593 4909 1390168 1 1250 550 470
9632 4821 1390178 1 1260 540 491
9670 4735 1390188 1 1260 540 491
9712 4673 1390198 1 1260 540 417
9760 4626 1390208 1 1270 530 228
10056 4773 1390259 0 1260 540 214
10317 4928 1390269 1 1260 540 299
10473 5001 1390279 1 1260 540 372
10631 5042 1390289 1 1260 540 464
10777 5055 1390299 1 1260 540 507
10915 5049 1390309 1 1260 540 515
11027 5008 1390319 1 1270 550 514
11088 4929 1390329 1 1270 550 247
