243
2762 5847 1567994 0 1390 450 177
2762 5847 1568004 1 1380 460 188
2762 5847 1568014 1 1390 460 195
2762 5847 1568024 1 1390 460 203
2854 5903 1568034 1 1390 460 219
2935 5947 1568044 1 1400 470 242
3041 6004 1568054 1 1400 470 264
3181 6059 1568064 1 1420 470 270
3322 6111 1568074 1 1420 470 272
3464 6156 1568084 1 1430 480 274
3590 6178 1568094 1 1430 480 272
3707 6187 1568104 1 1440 480 274
3794 6187 1568114 1 1450 470 274
3854 6169 1568124 1 1450 470 272
3897 6143 1568134 1 1450 470 264
3919 6102 1568144 1 1450 470 257
3919 6055 1568154 1 1450 470 247
3902 5982 1568164 1 1470 470 253
3854 5893 1568174 1 1470 470 221
3784 5782 1568184 1 1470 470 217
3700 5680 1568194 1 1470 470 198
3601 5584 1568204 1 1470 470 193
3508 5480 1568214 1 1450 470 196
3425 5378 1568224 1 1450 470 202
3374 5310 1568234 1 1440 480 205
3344 5266 1568244 1 1440 480 205
3344 5250 1568254 1 1440 480 215
3344 5244 1568264 1 1430 490 235
3377 5244 1568274 1 1430 490 250
3420 5262 1568284 1 1430 490 270
3487 5296 1568294 1 1420 490 279
3571 5342 1568304 1 1420 490 282
3665 5391 1568314 1 1420 490 284
3761 5439 1568324 1 1410 500 284
3833 5470 1568334 1 1410 500 282
3890 5490 1568344 1 1400 500 280
3931 5490 1568354 1 1400 500 280
3953 5490 1568364 1 1400 500 274
3962 5482 1568374 1 1400 500 274
3962 5465 1568384 1 1400 500 274
3950 5420 1568394 1 1400 500 274
3925 5359 1568404 1 1400 500 257
3873 5265 1568414 1 1400 500 241
3809 5166 1568424 1 1400 500 247
3738 5067 1568434 1 1400 500 246
3659 4969 1568444 1 1400 500 244
3582 4861 1568454 1 1400 500 244
3510 4753 1568464 1 1380 500 247
3455 4674 1568474 1 1380 500 249
3413 4614 1568484 1 1380 500 259
3391 4570 1568494 1 1380 500 269
3383 4538 1568504 1 1380 500 274
3383 4515 1568514 1 1380 500 287
3388 4507 1568524 1 1380 500 317
3395 4507 1568534 1 1370 510 349
3409 4512 1568544 1 1370 510 382
3449 4527 1568554 1 1370 510 391
3507 4575 1568564 1 1370 510 394
3602 4644 1568574 1 1370 510 397
3710 4732 1568584 1 1370 510 397
3827 4821 1568594 1 1370 510 402
3918 4911 1568604 1 1370 510 397
3990 4953 1568614 1 1370 510 396
4048 4977 1568624 1 1370 510 392
4089 4989 1568634 1 1370 510 396
4111 4989 1568644 1 1370 510 386
4120 4989 1568654 1 1370 510 384
4125 4977 1568664 1 1370 510 382
4125 4966 1568674 1 1370 510 376
4125 4938 1568684 1 1400 510 366
4125 4899 1568694 1 1400 510 359
4111 4841 1568704 1 1400 510 344
4094 4769 1568714 1 1400 510 344
4073 4687 1568724 1 1400 510 346
4054 4589 1568734 1 1400 510 339
4035 4440 1568744 1 1400 510 339
4009 4258 1568754 1 1400 510 338
3979 4044 1568764 1 1400 510 338
3924 3796 1568774 1 1380 510 336
3829 3525 1568784 1 1380 510 333
3707 3260 1568794 1 1380 510 336
3537 3024 1568804 1 1370 520 366
3380 2807 1568814 1 1370 520 407
3231 2688 1568824 1 1360 520 417
3130 2637 1568834 1 1360 520 344
4483 4983 1569246 0 1420 490 237
4483 4983 1569256 1 1430 500 284
4483 4983 1569266 1 1430 500 259
4483 4983 1569276 1 1420 500 257
4483 4983 1569286 1 1420 500 270
4483 4983 1569296 1 1410 500 289
4560 4977 1569306 1 1410 500 304
4634 5001 1569316 1 1410 500 317
4737 5031 1569326 1 1410 500 325
4843 5066 1569336 1 1410 500 335
4927 5092 1569346 1 1410 500 334
4996 5117 1569356 1 1410 500 341
5059 5128 1569366 1 1410 500 346
5104 5128 1569376 1 1420 490 343
5138 5128 1569386 1 1420 490 341
5149 5115 1569396 1 1420 490 344
5137 5100 1569406 1 1430 500 351
5110 5044 1569416 1 1430 500 353
5054 4963 1569426 1 1430 500 349
4989 4846 1569436 1 1420 500 349
4919 4726 1569446 1 1420 500 344
4850 4605 1569456 1 1420 500 343
4777 4488 1569466 1 1420 500 334
4701 4357 1569476 1 1420 500 333
4627 4216 1569486 1 1410 510 333
4556 4087 1569496 1 1410 510 336
4491 3970 1569506 1 1410 510 349
4453 3860 1569516 1 1410 510 364
4432 3790 1569526 1 1400 520 367
4446 3739 1569536 1 1400 520 393
4493 3702 1569546 1 1400 520 407
4562 3693 1569556 1 1380 510 420
4673 3737 1569566 1 1370 520 420
4811 3817 1569576 1 1370 520 413
4968 3962 1569586 1 1370 520 404
5115 4126 1569596 1 1360 520 405
5245 4302 1569606 1 1360 520 405
5364 4486 1569616 1 1360 520 407
5438 4660 1569626 1 1360 520 409
5485 4828 1569636 1 1360 520 407
5513 4996 1569646 1 1360 520 409
5521 5132 1569656 1 1360 520 407
5521 5266 1569666 1 1370 530 404
5521 5400 1569676 1 1390 520 397
5497 5504 1569686 1 1390 520 388
5457 5587 1569696 1 1390 520 384
5403 5633 1569706 1 1400 530 372
5343 5656 1569716 1 1410 520 358
5284 5664 1569726 1 1410 520 337
5226 5651 1569736 1 1410 520 312
5171 5633 1569746 1 1420 520 314
5121 5595 1569756 1 1420 520 296
5077 5547 1569766 1 1420 520 282
5033 5475 1569776 1 1420 520 276
4990 5383 1569786 1 1430 510 276
4947 5278 1569796 1 1430 510 277
4906 5157 1569806 1 1440 510 277
4866 5009 1569816 1 1440 510 281
4827 4842 1569826 1 1450 510 294
4788 4645 1569836 1 1440 510 316
4744 4437 1569846 1 1440 510 325
4697 4221 1569856 1 1440 510 356
4655 4006 1569866 1 1430 510 394
4615 3802 1569876 1 1420 520 422
4592 3606 1569886 1 1420 520 441
4579 3449 1569896 1 1420 520 449
4579 3289 1569906 1 1410 520 439
4601 3171 1569916 1 1400 520 443
4634 3081 1569926 1 1400 520 461
4675 3033 1569936 1 1390 520 486
4737 3011 1569946 1 1390 520 512
4812 3011 1569956 1 1360 520 513
4903 3052 1569966 1 1360 520 512
5019 3143 1569976 1 1360 520 517
5152 3265 1569986 1 1350 530 504
5291 3407 1569996 1 1360 540 489
5400 3546 1570006 1 1350 540 477
5490 3679 1570016 1 1350 540 458
5561 3825 1570026 1 1350 540 450
5610 3978 1570036 1 1350 540 452
5643 4086 1570046 1 1360 550 453
5651 4160 1570056 1 1360 550 452
5641 4211 1570066 1 1360 550 445
5620 4242 1570076 1 1360 550 409
5575 4268 1570086 1 1370 540 393
5507 4263 1570096 1 1390 550 384
5424 4240 1570106 1 1390 550 384
5329 4176 1570116 1 1390 550 384
5238 4098 1570126 1 1390 550 393
5172 4010 1570136 1 1400 540 394
5120 3914 1570146 1 1400 540 425
5103 3800 1570156 1 1400 540 450
5114 3674 1570166 1 1400 540 475
5144 3558 1570176 1 1400 540 502
5205 3458 1570186 1 1400 530 536
5317 3368 1570196 1 1390 540 599
5463 3324 1570206 1 1390 540 628
5664 3324 1570216 1 1390 540 625
5907 3347 1570226 1 1400 540 633
6179 3367 1570236 1 1390 550 627
6463 3424 1570246 1 1390 550 560
6710 3505 1570256 1 1390 550 316
7412 4971 1571369 0 1550 480 247
7449 4798 1571379 1 1550 480 312
7420 4787 1571389 1 1540 490 312
7435 4812 1571399 1 1540 490 307
7478 4806 1571409 1 1540 490 335
7555 4818 1571419 1 1530 500 369
7648 4843 1571429 1 1530 500 388
7752 4900 1571439 1 1530 500 422
7866 4955 1571449 1 1540 500 436
7967 5005 1571459 1 1540 500 439
8059 5048 1571469 1 1540 500 442
8130 5068 1571479 1 1530 510 440
8174 5074 1571489 1 1530 510 446
8200 5059 1571499 1 1530 510 446
8200 5016 1571509 1 1530 510 449
8155 4955 1571519 1 1550 510 449
8080 4833 1571529 1 1550 510 448
7989 4703 1571539 1 1550 510 444
7886 4567 1571549 1 1550 510 448
7775 4435 1571559 1 1550 510 440
7689 4321 1571569 1 1550 510 461
7624 4220 1571579 1 1550 510 488
7574 4142 1571589 1 1540 520 509
7554 4080 1571599 1 1540 520 512
7569 4030 1571609 1 1540 520 521
7608 3990 1571619 1 1540 520 526
7693 3975 1571629 1 1540 520 527
7821 3975 1571639 1 1540 520 529
7977 4017 1571649 1 1540 520 532
8109 4067 1571659 1 1530 530 535
8227 4123 1571669 1 1530 530 533
8336 4154 1571679 1 1530 530 533
8400 4159 1571689 1 1530 530 533
8424 4148 1571699 1 1530 530 533
8424 4116 1571709 1 1540 530 532
8370 4043 1571719 1 1540 530 526
8287 3944 1571729 1 1540 530 514
8183 3830 1571739 1 1540 530 489
8086 3715 1571749 1 1530 540 473
7977 3621 1571759 1 1530 540 466
7859 3540 1571769 1 1530 540 466
7737 3448 1571779 1 1530 540 474
7643 3356 1571789 1 1530 550 486
7568 3264 1571799 1 1530 550 494
7547 3192 1571809 1 1530 550 517
7578 3133 1571819 1 1530 550 546
7643 3095 1571829 1 1530 550 570
7784 3124 1571839 1 1520 560 566
7979 3198 1571849 1 1520 560 572
8210 3337 1571859 1 1520 560 575
8476 3486 1571869 1 1520 560 572
8726 3643 1571879 1 1520 560 561
8965 3783 1571889 1 1530 560 537
9157 3922 1571899 1 1530 560 468
9328 4033 1571909 1 1530 560 388
9486 4126 1571919 1 1540 560 242
