199
3167 5955 1541927 0 1440 470 137
3167 5955 1541937 1 1440 470 213
3059 6024 1541947 1 1440 470 282
3046 6049 1541957 1 1460 470 289
3046 6067 1541967 1 1460 470 294
3082 6081 1541977 1 1470 470 317
3141 6122 1541987 1 1470 470 351
3238 6175 1541997 1 1470 470 369
3361 6237 1542007 1 1470 470 381
3501 6298 1542017 1 1470 470 386
3673 6356 1542027 1 1470 470 384
3846 6408 1542037 1 1470 470 386
3996 6442 1542047 1 1470 470 387
4130 6464 1542057 1 1470 470 389
4251 6464 1542067 1 1470 470 384
4336 6453 1542077 1 1470 470 381
4396 6429 1542087 1 1470 470 369
4423 6396 1542097 1 1460 470 366
4423 6340 1542107 1 1460 470 369
4406 6269 1542117 1 1460 470 366
4340 6157 1542127 1 1460 470 364
4241 6013 1542137 1 1450 470 338
4120 5848 1542147 1 1450 470 329
3996 5704 1542157 1 1450 470 317
3872 5573 1542167 1 1440 480 315
3749 5450 1542177 1 1440 480 332
3650 5376 1542187 1 1440 480 338
3613 5348 1542197 1 1430 490 336
3618 5348 1542207 1 1430 490 334
3642 5348 1542217 1 1430 490 339
3711 5374 1542227 1 1420 490 346
3810 5417 1542237 1 1420 490 351
3929 5479 1542247 1 1420 490 351
4054 5537 1542257 1 1410 500 353
4185 5568 1542267 1 1410 500 349
4311 5584 1542277 1 1410 500 349
4399 5568 1542287 1 1380 500 341
4463 5533 1542297 1 1380 500 333
4491 5486 1542307 1 1380 500 334
4479 5418 1542317 1 1380 500 338
4440 5335 1542327 1 1380 500 336
4368 5243 1542337 1 1380 500 339
4274 5148 1542347 1 1380 500 339
4164 5057 1542357 1 1380 500 336
4053 4975 1542367 1 1380 500 339
3969 4899 1542377 1 1380 500 344
3904 4857 1542387 1 1400 510 351
3890 4844 1542397 1 1400 510 341
3903 4850 1542407 1 1400 510 341
3935 4863 1542417 1 1400 510 344
4006 4905 1542427 1 1400 510 349
4106 4966 1542437 1 1410 500 356
4224 5023 1542447 1 1410 500 368
4342 5075 1542457 1 1420 500 371
4450 5107 1542467 1 1420 500 371
4551 5128 1542477 1 1420 500 371
4636 5128 1542487 1 1420 500 361
4682 5120 1542497 1 1420 500 361
4703 5104 1542507 1 1420 500 367
4703 5082 1542517 1 1420 500 367
4661 5023 1542527 1 1420 500 356
4599 4940 1542537 1 1410 510 356
4513 4783 1542547 1 1410 510 359
4406 4630 1542557 1 1410 510 341
4286 4481 1542567 1 1400 510 349
4152 4251 1542577 1 1400 510 368
4019 4045 1542587 1 1400 510 398
3915 3856 1542597 1 1380 510 438
3831 3677 1542607 1 1380 510 468
3801 3574 1542617 1 1380 510 475
3809 3523 1542627 1 1370 520 496
3841 3486 1542637 1 1370 520 501
3918 3480 1542647 1 1360 520 502
4038 3495 1542657 1 1360 520 470
4186 3572 1542667 1 1360 520 394
4360 3711 1542677 1 1350 530 254
4587 5176 1542888 0 1440 480 137
4587 5176 1542898 1 1440 480 184
4597 5270 1542908 1 1430 480 183
4636 5291 1542918 1 1430 480 240
4697 5335 1542928 1 1430 480 306
4803 5409 1542938 1 1420 480 359
4909 5503 1542948 1 1420 480 394
5036 5601 1542958 1 1410 490 394
5177 5695 1542968 1 1420 490 396
5321 5771 1542978 1 1430 500 394
5426 5836 1542988 1 1420 500 398
5505 5862 1542998 1 1430 510 366
5533 5862 1543008 1 1430 510 341
5533 5843 1543018 1 1430 510 340
5525 5805 1543028 1 1430 510 339
5464 5726 1543038 1 1430 510 337
5366 5621 1543048 1 1440 510 337
5243 5472 1543058 1 1440 510 334
5123 5306 1543068 1 1440 510 332
5010 5129 1543078 1 1440 510 335
4926 4963 1543088 1 1440 510 334
4859 4809 1543098 1 1440 510 346
4820 4664 1543108 1 1440 510 356
4820 4553 1543118 1 1440 510 371
4836 4493 1543128 1 1430 520 389
4893 4466 1543138 1 1430 520 428
5003 4485 1543148 1 1430 520 441
5148 4581 1543158 1 1420 530 443
5356 4729 1543168 1 1420 530 441
5557 4943 1543178 1 1420 530 436
5754 5158 1543188 1 1410 530 420
5909 5375 1543198 1 1420 540 405
6000 5590 1543208 1 1420 540 396
6049 5787 1543218 1 1420 540 389
6049 5971 1543228 1 1420 540 389
6024 6121 1543238 1 1440 540 386
5974 6222 1543248 1 1450 540 372
5908 6291 1543258 1 1450 540 358
5815 6312 1543268 1 1460 530 336
5703 6298 1543278 1 1460 530 340
5575 6262 1543288 1 1470 520 335
5443 6198 1543298 1 1480 510 334
5308 6101 1543308 1 1480 510 335
5171 5981 1543318 1 1490 510 335
5039 5796 1543328 1 1490 510 336
4936 5606 1543338 1 1490 510 364
4850 5345 1543348 1 1500 500 376
4765 5038 1543358 1 1500 500 388
4685 4694 1543368 1 1500 500 407
4632 4372 1543378 1 1480 500 418
4595 4066 1543388 1 1480 500 422
4595 3773 1543398 1 1460 500 414
4619 3590 1543408 1 1450 510 431
4663 3480 1543418 1 1440 510 461
4728 3417 1543428 1 1430 510 499
4827 3385 1543438 1 1420 520 553
4948 3375 1543448 1 1410 520 564
5100 3450 1543458 1 1390 520 561
5309 3597 1543468 1 1390 520 540
5557 3792 1543478 1 1390 540 510
5793 4038 1543488 1 1390 540 456
5960 4284 1543498 1 1370 540 444
6080 4531 1543508 1 1370 540 444
6143 4731 1543518 1 1390 550 444
6169 4891 1543528 1 1390 550 446
6169 5025 1543538 1 1390 550 427
6145 5083 1543548 1 1400 550 346
6079 5105 1543558 1 1400 550 284
5987 5105 1543568 1 1410 550 269
5859 5056 1543578 1 1430 550 259
5698 4968 1543588 1 1430 550 275
5515 4854 1543598 1 1440 540 304
5388 4724 1543608 1 1440 540 369
5305 4594 1543618 1 1450 540 418
5252 4404 1543628 1 1450 540 443
5265 4174 1543638 1 1460 530 469
5353 3926 1543648 1 1460 530 475
5492 3683 1543658 1 1460 530 492
5729 3572 1543668 1 1450 530 517
6048 3549 1543678 1 1430 530 515
6422 3622 1543688 1 1430 530 512
6844 3754 1543698 1 1430 530 473
7242 3926 1543708 1 1420 540 247
8315 5378 1544160 0 1580 510 244
8315 5378 1544170 1 1580 510 302
8315 5378 1544180 1 1580 510 317
8315 5378 1544190 1 1570 510 339
8315 5378 1544200 1 1570 510 369
8461 5372 1544210 1 1570 510 391
8582 5384 1544220 1 1570 510 399
8717 5394 1544230 1 1570 510 399
8855 5377 1544240 1 1560 510 398
8954 5343 1544250 1 1570 520 388
9028 5280 1544260 1 1570 520 388
9028 5192 1544270 1 1570 520 392
8946 5087 1544280 1 1570 520 396
8817 4949 1544290 1 1560 530 404
8663 4806 1544300 1 1560 530 420
8531 4697 1544310 1 1560 530 455
8413 4613 1544320 1 1560 530 467
8372 4559 1544330 1 1560 530 491
8423 4527 1544340 1 1560 530 526
8536 4511 1544350 1 1560 530 540
8743 4524 1544360 1 1560 530 538
8974 4542 1544370 1 1560 530 541
9220 4564 1544380 1 1570 540 541
9395 4570 1544390 1 1560 550 526
9475 4540 1544400 1 1560 550 522
9492 4486 1544410 1 1560 550 505
9407 4384 1544420 1 1560 550 496
9251 4244 1544430 1 1560 550 494
9047 4080 1544440 1 1560 550 494
8815 3920 1544450 1 1550 550 509
8638 3760 1544460 1 1550 550 527
8497 3655 1544470 1 1550 550 544
8466 3588 1544480 1 1540 560 581
8536 3560 1544490 1 1540 560 610
8674 3569 1544500 1 1540 560 627
8915 3603 1544510 1 1540 560 627
9185 3675 1544520 1 1540 560 633
9475 3794 1544530 1 1540 560 616
9787 3944 1544540 1 1540 560 492
10120 4094 1544550 1 1540 560 65
