170
3802 5434 8726558 0 1650 650 327
3900 5511 8726568 1 1650 650 335
3916 5619 8726578 1 1650 650 335
3916 5706 8726588 1 1650 650 337
3906 5779 8726598 1 1650 650 393
3887 5843 8726608 1 1650 650 455
3843 5869 8726618 1 1650 650 515
3766 5869 8726628 1 1650 650 586
3668 5826 8726638 1 1650 650 643
3541 5721 8726648 1 1650 650 702
3412 5575 8726658 1 1650 650 731
3281 5416 8726668 1 1630 640 753
3182 5309 8726678 1 1620 630 762
3144 5237 8726688 1 1610 620 760
3144 5212 8726698 1 1590 610 763
3177 5198 8726708 1 1580 600 760
3243 5192 8726718 1 1570 590 761
3332 5219 8726728 1 1570 580 731
3448 5271 8726738 1 1550 580 728
3556 5339 8726748 1 1540 560 722
3659 5408 8726758 1 1540 550 722
3746 5472 8726768 1 1550 540 728
3800 5508 8726778 1 1530 540 725
3831 5528 8726788 1 1530 530 749
3846 5538 8726798 1 1520 530 779
3846 5543 8726808 1 1510 510 811
3846 5543 8726818 1 1500 510 817
3846 5543 8726828 1 1500 510 821
3846 5543 8726838 1 1500 510 818
3846 5538 8726848 1 1500 510 817
3838 5538 8726858 1 1500 510 832
3832 5504 8726868 1 1500 510 817
3809 5454 8726878 1 1500 510 819
3775 5350 8726888 1 1500 510 825
3726 5184 8726898 1 1500 510 824
3649 4977 8726908 1 1500 510 825
3553 4685 8726918 1 1500 510 840
3465 4462 8726928 1 1480 510 894
3380 4285 8726938 1 1480 510 933
3259 4132 8726948 1 1480 510 949
3112 3992 8726958 1 1480 510 977
2948 3861 8726968 1 1480 510 992
2785 3742 8726978 1 1470 520 984
2628 3659 8726988 1 1470 520 994
2475 3601 8726998 1 1470 520 1000
2345 3564 8727008 1 1460 530 999
2229 3556 8727018 1 1460 530 999
2117 3567 8727028 1 1460 530 990
2009 3600 8727038 1 1460 540 981
1937 3640 8727048 1 1460 540 974
1886 3684 8727058 1 1450 550 933
1869 3710 8727068 1 1450 550 867
1884 3732 8727078 1 1440 560 767
1919 3782 8727088 1 1440 560 667
2052 3854 8727098 1 1440 560 515
2256 3947 8727108 1 1440 560 221
4196 4790 8727169 0 1450 550 53
5092 5218 8727179 1 1450 550 153
5452 5420 8727189 1 1450 550 294
5718 5596 8727199 1 1460 540 402
5921 5716 8727209 1 1470 550 492
6015 5798 8727219 1 1480 540 609
6048 5830 8727229 1 1480 540 690
6041 5830 8727239 1 1500 540 725
5984 5803 8727249 1 1510 530 771
5845 5720 8727259 1 1510 530 802
5652 5610 8727269 1 1520 540 836
5472 5482 8727279 1 1520 540 851
5379 5410 8727289 1 1530 540 846
5343 5375 8727299 1 1540 530 817
5354 5365 8727309 1 1560 530 784
5389 5365 8727319 1 1560 530 730
5440 5400 8727329 1 1570 540 681
5531 5469 8727339 1 1570 540 661
5600 5552 8727349 1 1580 530 659
5654 5596 8727359 1 1580 530 665
5664 5614 8727369 1 1580 530 681
5664 5607 8727379 1 1560 530 750
5664 5558 8727389 1 1560 530 809
5631 5481 8727399 1 1560 530 837
5608 5365 8727409 1 1560 530 869
5588 5284 8727419 1 1560 530 875
5606 5226 8727429 1 1550 520 890
5663 5188 8727439 1 1550 520 893
5747 5180 8727449 1 1540 530 887
5887 5193 8727459 1 1540 530 888
6027 5252 8727469 1 1560 530 887
6200 5361 8727479 1 1560 530 873
6394 5504 8727489 1 1560 530 855
6560 5689 8727499 1 1560 530 851
6719 5877 8727509 1 1570 540 855
6872 6068 8727519 1 1570 540 861
6985 6193 8727529 1 1570 540 853
7067 6274 8727539 1 1580 540 870
7128 6327 8727549 1 1600 540 897
7145 6350 8727559 1 1600 530 900
7145 6356 8727569 1 1620 540 902
7131 6351 8727579 1 1630 540 902
7108 6351 8727589 1 1640 540 900
7057 6328 8727599 1 1660 530 899
6988 6291 8727609 1 1660 530 899
6919 6242 8727619 1 1680 530 894
6840 6168 8727629 1 1680 520 894
6754 6078 8727639 1 1680 520 896
6683 5969 8727649 1 1690 530 896
6613 5847 8727659 1 1700 520 900
6546 5716 8727669 1 1700 520 906
6501 5611 8727679 1 1700 520 914
6469 5516 8727689 1 1700 520 921
6469 5427 8727699 1 1700 520 932
6487 5345 8727709 1 1700 520 948
6523 5281 8727719 1 1700 520 944
6578 5228 8727729 1 1680 520 956
6654 5197 8727739 1 1680 520 959
6744 5190 8727749 1 1680 520 959
6868 5199 8727759 1 1670 520 962
7008 5234 8727769 1 1660 530 959
7159 5298 8727779 1 1660 530 953
7312 5382 8727789 1 1660 530 944
7464 5507 8727799 1 1660 540 927
7567 5629 8727809 1 1660 540 926
7636 5705 8727819 1 1670 550 932
7653 5753 8727829 1 1670 550 938
7642 5753 8727839 1 1670 550 945
7611 5758 8727849 1 1670 550 943
7511 5713 8727859 1 1670 550 968
7383 5638 8727869 1 1670 550 988
7236 5557 8727879 1 1670 550 1011
7170 5483 8727889 1 1680 550 1014
7163 5434 8727899 1 1680 560 1020
7195 5399 8727909 1 1680 560 1021
7287 5368 8727919 1 1680 560 1014
7462 5386 8727929 1 1680 560 1000
7692 5437 8727939 1 1660 560 989
7973 5511 8727949 1 1660 560 967
8246 5590 8727959 1 1660 560 958
8513 5673 8727969 1 1660 560 959
8788 5747 8727979 1 1680 560 959
9050 5807 8727989 1 1680 560 976
9303 5858 8727999 1 1680 560 997
9594 5906 8728009 1 1680 560 1002
9857 5924 8728019 1 1690 570 1017
10100 5924 8728029 1 1690 570 1023
10316 5903 8728039 1 1710 560 1023
10502 5851 8728049 1 1710 570 1023
10669 5776 8728059 1 1720 570 1023
10752 5707 8728069 1 1720 570 1023
10774 5616 8728079 1 1720 570 1023
10755 5511 8728089 1 1740 570 1023
10641 5373 8728099 1 1740 570 1023
10454 5259 8728109 1 1740 570 1023
10218 5162 8728119 1 1740 570 1023
9977 5076 8728129 1 1740 570 1023
9756 5001 8728139 1 1740 570 1023
9549 4934 8728149 1 1740 570 1023
9327 4888 8728159 1 1750 570 1023
9129 4888 8728169 1 1760 560 1023
8948 4914 8728179 1 1750 570 1023
8760 4976 8728189 1 1750 570 892
8574 5077 8728199 1 1750 570 616
6504 6143 8728430 0 1650 470 711
6504 6143 8728440 1 1650 470 752
6504 6143 8728450 1 1650 460 756
6481 6229 8728460 1 1660 450 820
6609 6258 8728470 1 1650 460 861
6814 6299 8728480 1 1660 460 905
7081 6352 8728490 1 1660 460 906
7382 6401 8728500 1 1670 470 899
7705 6441 8728510 1 1670 470 864
8039 6431 8728520 1 1670 470 668
