250
2390 6108 81218455 0 1350 730 54
2390 6108 81218465 1 1350 720 56
2390 6108 81218475 1 1350 690 94
2364 6083 81218485 1 1370 670 127
2348 6031 81218495 1 1350 650 143
2334 5935 81218505 1 1370 630 177
2326 5800 81218515 1 1350 620 173
2317 5638 81218525 1 1350 600 178
2308 5440 81218535 1 1350 580 180
2292 5198 81218545 1 1350 570 180
2273 4926 81218555 1 1340 550 181
2255 4646 81218565 1 1340 540 190
2241 4388 81218575 1 1330 530 207
2234 4163 81218585 1 1330 520 216
2234 3952 81218595 1 1300 520 232
2228 3780 81218605 1 1300 520 246
2228 3663 81218615 1 1290 520 249
2228 3582 81218625 1 1280 530 251
2222 3540 81218635 1 1270 530 260
2222 3529 81218645 1 1250 540 282
2222 3539 81218655 1 1230 550 284
2212 3589 81218665 1 1210 550 284
2199 3695 81218675 1 1210 550 287
2187 3839 81218685 1 1200 550 273
2179 4021 81218695 1 1200 550 285
2179 4229 81218705 1 1200 550 276
2189 4454 81218715 1 1200 550 274
2205 4668 81218725 1 1200 550 273
2223 4880 81218735 1 1200 550 276
2244 5090 81218745 1 1200 550 276
2264 5273 81218755 1 1200 550 276
2284 5455 81218765 1 1200 550 276
2319 5637 81218775 1 1200 550 276
2358 5793 81218785 1 1210 550 274
2431 5941 81218795 1 1210 550 274
2526 6085 81218805 1 1230 550 274
2655 6190 81218815 1 1240 540 276
2785 6270 81218825 1 1250 540 276
2914 6334 81218835 1 1270 530 277
3056 6373 81218845 1 1280 530 279
3208 6387 81218855 1 1290 520 279
3345 6387 81218865 1 1290 520 281
3476 6364 81218875 1 1300 520 282
3604 6313 81218885 1 1320 510 281
3730 6243 81218895 1 1330 510 287
3816 6136 81218905 1 1330 510 282
3874 5996 81218915 1 1330 510 287
3896 5833 81218925 1 1340 500 287
3882 5677 81218935 1 1340 500 287
3844 5515 81218945 1 1340 500 282
3774 5350 81218955 1 1330 500 281
3667 5191 81218965 1 1320 500 281
3535 5056 81218975 1 1320 500 277
3403 4937 81218985 1 1320 500 277
3273 4842 81218995 1 1320 500 276
3150 4787 81219005 1 1300 510 277
3054 4760 81219015 1 1300 510 279
2975 4760 81219025 1 1300 510 279
2927 4768 81219035 1 1300 510 277
2896 4787 81219045 1 1290 510 276
2875 4807 81219055 1 1290 510 276
2869 4826 81219065 1 1290 510 276
2869 4843 81219075 1 1290 510 276
2874 4862 81219085 1 1290 510 274
2898 4881 81219095 1 1290 510 276
2932 4881 81219105 1 1290 510 277
2986 4881 81219115 1 1290 510 277
3055 4841 81219125 1 1290 510 279
3133 4784 81219135 1 1290 510 282
3208 4706 81219145 1 1290 510 287
3277 4623 81219155 1 1290 510 291
3342 4518 81219165 1 1280 500 301
3415 4401 81219175 1 1280 500 311
3491 4267 81219185 1 1280 500 307
3583 4148 81219195 1 1270 510 314
3686 4039 81219205 1 1270 510 322
3796 3936 81219215 1 1270 510 324
3909 3842 81219225 1 1270 510 330
4027 3754 81219235 1 1270 510 329
4155 3681 81219245 1 1260 510 329
4286 3627 81219255 1 1260 510 327
4399 3586 81219265 1 1260 510 329
4501 3560 81219275 1 1240 520 327
4599 3560 81219277 1 1240 520 329
4699 3589 81219287 1 1230 510 329
4800 3653 81219297 1 1230 510 329
4887 3760 81219307 1 1230 510 334
4963 3897 81219317 1 1230 510 332
5032 4026 81219327 1 1230 510 335
5093 4150 81219337 1 1230 510 337
5148 4254 81219347 1 1230 510 335
5190 4347 81219357 1 1230 510 334
5211 4424 81219367 1 1230 510 335
5219 4482 81219377 1 1240 520 337
5212 4527 81219387 1 1240 520 335
5197 4560 81219397 1 1240 520 337
5176 4578 81219407 1 1240 520 339
5145 4586 81219417 1 1260 510 340
5108 4579 81219427 1 1260 510 339
5066 4546 81219437 1 1260 510 340
5018 4497 81219447 1 1270 520 342
4970 4426 81219457 1 1270 520 344
4922 4334 81219467 1 1280 520 342
4874 4228 81219477 1 1280 520 345
4838 4116 81219487 1 1280 520 336
4817 3998 81219497 1 1280 520 343
4807 3853 81219507 1 1270 520 346
4820 3691 81219517 1 1270 520 356
4840 3553 81219527 1 1270 520 358
4873 3414 81219537 1 1270 520 361
4924 3293 81219547 1 1250 530 359
4985 3185 81219557 1 1240 520 363
5059 3127 81219567 1 1250 530 363
5154 3108 81219577 1 1250 530 364
5263 3116 81219587 1 1240 530 369
5367 3169 81219597 1 1240 530 371
5467 3263 81219607 1 1240 530 361
5563 3384 81219617 1 1230 530 373
5650 3519 81219627 1 1230 530 373
5726 3654 81219637 1 1230 530 373
5795 3808 81219647 1 1230 530 373
5833 3974 81219657 1 1230 530 371
5852 4115 81219667 1 1240 540 373
5858 4228 81219677 1 1240 540 373
5858 4322 81219687 1 1240 540 362
5851 4357 81219697 1 1240 540 362
5851 4367 81219707 1 1240 540 371
5851 4360 81219717 1 1250 540 371
5851 4341 81219727 1 1250 540 361
5867 4280 81219737 1 1250 540 362
5894 4190 81219747 1 1250 540 367
5937 4080 81219757 1 1270 530 369
5984 3965 81219767 1 1270 530 374
6041 3840 81219777 1 1280 540 374
6116 3711 81219787 1 1280 540 376
6203 3611 81219797 1 1280 540 381
6302 3530 81219807 1 1280 540 381
6400 3464 81219817 1 1260 540 377
6496 3422 81219827 1 1250 540 374
6610 3397 81219837 1 1250 540 372
6720 3412 81219847 1 1240 540 372
6826 3464 81219857 1 1240 540 369
6930 3542 81219867 1 1250 550 369
7033 3668 81219877 1 1240 550 369
7136 3850 81219887 1 1240 550 369
7247 4069 81219897 1 1240 550 367
7356 4331 81219907 1 1240 550 364
7445 4612 81219917 1 1220 560 369
7521 4906 81219927 1 1220 560 356
7581 5190 81219937 1 1220 560 344
7616 5474 81219947 1 1220 560 334
7634 5728 81219957 1 1240 550 340
7628 5962 81219967 1 1240 550 340
7602 6162 81219977 1 1250 550 335
7563 6327 81219987 1 1250 550 324
7513 6469 81219997 1 1270 550 317
7455 6564 81220007 1 1290 550 307
7392 6620 81220017 1 1290 550 302
7326 6651 81220027 1 1300 540 299
7256 6651 81220028 1 1310 540 297
7182 6619 81220038 1 1310 520 297
7121 6561 81220048 1 1310 520 297
7063 6444 81220058 1 1330 520 301
7012 6282 81220068 1 1330 520 301
6971 6089 81220078 1 1340 520 301
6942 5839 81220088 1 1350 520 302
6921 5584 81220098 1 1350 520 304
6905 5306 81220108 1 1350 520 306
6894 5014 81220118 1 1350 520 307
6894 4715 81220128 1 1360 520 316
6912 4441 81220138 1 1350 530 314
6945 4183 81220148 1 1350 530 322
7001 3927 81220158 1 1340 540 329
7080 3711 81220168 1 1340 540 332
7174 3522 81220178 1 1330 540 337
7300 3362 81220188 1 1310 550 340
7430 3229 81220198 1 1300 550 342
7569 3115 81220208 1 1290 560 344
7730 3043 81220218 1 1290 560 342
7905 3014 81220228 1 1270 560 345
8067 3014 81220238 1 1260 570 334
8244 3053 81220248 1 1240 570 334
8432 3130 81220258 1 1240 570 336
8600 3233 81220268 1 1230 580 334
8754 3361 81220278 1 1220 570 336
8898 3493 81220288 1 1220 570 333
9012 3629 81220298 1 1220 570 333
9093 3776 81220308 1 1220 570 333
9153 3918 81220318 1 1220 570 334
9191 4025 81220328 1 1230 580 333
9211 4109 81220338 1 1230 580 333
9218 4160 81220348 1 1240 570 333
9218 4185 81220358 1 1240 570 334
9210 4193 81220368 1 1240 570 338
9205 4198 81220378 1 1240 570 338
9199 4198 81220388 1 1260 570 338
9199 4198 81220398 1 1260 570 338
9199 4198 81220408 1 1270 570 336
9199 4163 81220418 1 1280 570 339
9204 4116 81220428 1 1280 570 344
9216 4032 81220438 1 1280 570 351
9232 3927 81220448 1 1300 560 356
9255 3809 81220458 1 1300 560 358
9287 3688 81220468 1 1300 560 361
9329 3594 81220478 1 1300 560 364
9387 3517 81220488 1 1300 560 364
9454 3449 81220498 1 1270 560 366
9526 3398 81220508 1 1270 560 366
9601 3359 81220518 1 1270 560 366
9682 3341 81220528 1 1270 560 366
9770 3353 81220538 1 1270 560 363
9867 3384 81220548 1 1250 560 368
9968 3441 81220558 1 1250 560 368
10066 3515 81220568 1 1250 560 369
10155 3601 81220578 1 1250 560 369
10240 3698 81220588 1 1230 560 368
10321 3786 81220598 1 1230 560 368
10398 3868 81220608 1 1230 560 369
10458 3890 81220618 1 1230 560 369
10506 3883 81220628 1 1230 560 368
10546 3858 81220638 1 1230 560 371
10587 3807 81220648 1 1250 560 373
10631 3733 81220658 1 1250 560 362
10678 3644 81220668 1 1260 570 367
10732 3552 81220678 1 1260 570 371
10793 3460 81220688 1 1260 570 374
10865 3368 81220698 1 1260 570 372
10948 3283 81220708 1 1260 570 376
11042 3203 81220718 1 1260 570 377
11143 3146 81220728 1 1260 570 377
11248 3111 81220738 1 1230 560 376
11360 3090 81220748 1 1230 560 371
11480 3085 81220758 1 1230 560 291
10288 4487 81221039 0 1270 550 18
10288 4487 81221049 1 1270 550 58
10288 4487 81221059 1 1260 540 93
10331 4447 81221069 1 1270 550 98
10364 4430 81221079 1 1270 550 117
10402 4413 81221089 1 1270 550 122
10444 4393 81221099 1 1270 550 122
10487 4368 81221109 1 1270 550 120
10523 4337 81221119 1 1260 560 85
9029 4763 81221320 0 1290 510 245
8925 4722 81221330 1 1280 500 216
8880 4727 81221340 1 1290 500 221
8873 4751 81221350 1 1290 500 221
8898 4738 81221360 1 1290 500 225
8944 4720 81221370 1 1280 500 226
8996 4700 81221380 1 1280 500 214
9050 4680 81221390 1 1280 500 132
