226
6843 5639 8750282 0 2090 800 418
6895 5531 8750292 1 2090 800 492
6877 5553 8750302 1 1970 730 509
6862 5628 8750312 1 1910 660 465
6849 5628 8750322 1 1880 580 468
6849 5644 8750332 1 1860 500 474
6849 5664 8750342 1 1840 510 501
6842 5687 8750352 1 1820 510 512
6830 5712 8750362 1 1800 510 526
6803 5739 8750372 1 1790 510 537
6803 5739 8750382 1 1780 510 546
6803 5739 8750392 1 1760 510 545
6803 5739 8750402 1 1750 510 542
6694 5822 8750412 1 1740 510 545
6637 5822 8750422 1 1730 500 553
6564 5795 8750432 1 1720 500 566
6443 5742 8750442 1 1700 500 595
6282 5642 8750452 1 1680 490 638
6095 5506 8750462 1 1670 490 685
5926 5346 8750472 1 1660 490 717
5762 5211 8750482 1 1650 490 731
5673 5129 8750492 1 1630 490 734
5632 5082 8750502 1 1610 480 740
5643 5067 8750512 1 1610 470 746
5698 5052 8750522 1 1610 470 743
5783 5062 8750532 1 1610 470 730
5922 5089 8750542 1 1600 470 720
6082 5158 8750552 1 1600 470 728
6256 5238 8750562 1 1600 470 724
6420 5326 8750572 1 1600 470 719
6533 5386 8750582 1 1600 470 721
6612 5426 8750592 1 1600 470 721
6673 5452 8750602 1 1600 470 724
6707 5468 8750612 1 1590 480 725
6724 5468 8750622 1 1590 480 725
6724 5468 8750632 1 1580 480 725
6719 5468 8750642 1 1590 480 730
6719 5442 8750652 1 1590 480 721
6697 5406 8750662 1 1590 480 727
6657 5325 8750672 1 1590 480 733
6602 5220 8750682 1 1590 490 748
6538 5098 8750692 1 1590 490 756
6470 4925 8750702 1 1590 490 773
6398 4683 8750712 1 1590 490 785
6314 4396 8750722 1 1590 490 790
6216 4069 8750732 1 1590 490 784
6109 3812 8750742 1 1580 490 829
6012 3603 8750752 1 1580 490 882
5903 3486 8750762 1 1570 500 896
5787 3388 8750772 1 1570 500 917
5646 3303 8750782 1 1570 500 933
5509 3242 8750792 1 1570 510 945
5365 3209 8750802 1 1570 510 951
5216 3194 8750812 1 1570 510 935
5074 3209 8750822 1 1560 510 938
4943 3260 8750832 1 1560 510 941
4819 3336 8750842 1 1550 510 937
4689 3429 8750852 1 1540 520 940
4590 3522 8750862 1 1530 520 935
4511 3615 8750872 1 1530 520 937
4470 3681 8750882 1 1510 510 945
4459 3728 8750892 1 1500 510 902
4468 3777 8750902 1 1500 510 854
4516 3824 8750912 1 1490 510 791
4613 3865 8750922 1 1490 510 672
4742 3902 8750932 1 1490 510 527
4927 3944 8750942 1 1480 500 373
5169 4019 8750952 1 1480 500 270
5450 4114 8750962 1 1480 500 241
5790 4225 8750972 1 1480 500 247
6130 4352 8750982 1 1500 500 285
6471 4489 8750992 1 1510 490 311
6817 4615 8751002 1 1510 490 340
7113 4741 8751012 1 1520 490 381
7376 4888 8751022 1 1520 490 428
7616 5051 8751032 1 1530 500 481
7798 5180 8751042 1 1540 500 518
7941 5292 8751052 1 1560 500 548
8007 5392 8751062 1 1570 500 588
8045 5477 8751072 1 1600 500 625
8063 5536 8751082 1 1610 500 650
8057 5577 8751092 1 1620 510 668
8043 5605 8751102 1 1650 510 675
8024 5631 8751112 1 1660 510 693
7997 5652 8751122 1 1670 510 691
7969 5667 8751132 1 1670 510 697
7941 5676 8751142 1 1690 510 699
7906 5676 8751152 1 1690 510 702
7867 5661 8751162 1 1700 520 713
7808 5632 8751172 1 1710 520 740
7715 5547 8751182 1 1710 520 770
7599 5393 8751192 1 1710 510 805
7432 5192 8751202 1 1710 510 837
7249 4984 8751212 1 1710 510 876
7056 4786 8751222 1 1710 510 908
6950 4676 8751232 1 1700 520 900
6903 4622 8751242 1 1700 520 896
6896 4600 8751252 1 1690 510 892
6908 4591 8751262 1 1690 510 900
6925 4591 8751272 1 1670 510 858
7005 4620 8751282 1 1670 510 776
7125 4713 8751292 1 1660 510 691
7301 4850 8751293 1 1660 510 647
7447 4990 8751303 1 1650 510 643
7574 5059 8751313 1 1650 510 647
7630 5082 8751323 1 1650 510 668
7652 5071 8751333 1 1650 510 742
7652 5014 8751343 1 1650 510 823
7626 4927 8751353 1 1640 520 860
7590 4803 8751363 1 1630 520 897
7546 4714 8751373 1 1630 520 924
7530 4648 8751383 1 1630 520 933
7538 4609 8751393 1 1630 520 936
7561 4585 8751403 1 1630 520 932
7606 4572 8751413 1 1630 520 912
7691 4599 8751423 1 1630 520 887
7802 4663 8751433 1 1630 520 855
7960 4751 8751443 1 1620 520 830
8111 4872 8751453 1 1620 520 823
8256 4989 8751463 1 1630 520 821
8403 5080 8751473 1 1620 530 821
8544 5157 8751483 1 1620 530 823
8681 5229 8751493 1 1640 530 821
8804 5305 8751503 1 1640 530 820
8928 5403 8751513 1 1640 530 812
9027 5514 8751523 1 1650 530 794
9110 5639 8751533 1 1650 530 763
9168 5781 8751543 1 1660 530 756
9226 5934 8751553 1 1680 530 762
9262 6033 8751563 1 1680 520 780
9284 6090 8751573 1 1690 530 790
9298 6119 8751583 1 1710 520 817
9298 6135 8751594 1 1730 510 846
9298 6135 8751604 1 1740 510 857
9298 6135 8751614 1 1750 500 867
9298 6135 8751624 1 1750 490 869
9298 6135 8751634 1 1770 490 855
9201 6155 8751644 1 1780 480 855
9178 6136 8751654 1 1780 480 858
9151 6116 8751664 1 1790 470 863
9121 6075 8751674 1 1790 470 873
9084 6022 8751684 1 1800 470 888
9040 5950 8751694 1 1800 460 900
8991 5861 8751704 1 1800 460 892
8933 5761 8751714 1 1800 450 909
8876 5666 8751724 1 1800 450 923
8818 5563 8751734 1 1800 460 935
8763 5448 8751744 1 1800 460 945
8710 5329 8751754 1 1790 460 937
8672 5220 8751764 1 1790 470 952
8637 5117 8751774 1 1790 470 959
8616 5017 8751784 1 1780 470 968
8602 4928 8751794 1 1780 470 973
8602 4846 8751804 1 1780 480 977
8596 4766 8751814 1 1770 480 988
8611 4709 8751824 1 1770 490 994
8637 4667 8751834 1 1760 500 984
8668 4626 8751844 1 1750 510 997
8716 4600 8751854 1 1750 520 1008
8775 4583 8751864 1 1750 520 1014
8856 4583 8751874 1 1730 530 1012
8954 4609 8751884 1 1730 530 1012
9063 4645 8751894 1 1730 530 1011
9183 4701 8751904 1 1730 530 1003
9303 4797 8751914 1 1750 540 978
9425 4921 8751924 1 1750 540 979
9530 5070 8751924 1 1750 540 967
9623 5194 8751934 1 1750 540 959
9682 5301 8751944 1 1750 540 959
9712 5368 8751954 1 1750 540 958
9723 5406 8751964 1 1750 540 956
9708 5426 8751974 1 1760 540 958
9650 5431 8751984 1 1760 540 965
9562 5395 8751994 1 1760 540 976
9407 5331 8752004 1 1770 540 978
9256 5233 8752014 1 1770 540 1020
9108 5103 8752024 1 1770 530 1023
8972 4953 8752034 1 1770 530 1023
8891 4814 8752044 1 1770 530 1023
8846 4724 8752054 1 1770 530 1023
8869 4668 8752064 1 1770 530 1023
8945 4615 8752074 1 1760 540 1023
9055 4596 8752084 1 1760 540 1023
9204 4601 8752094 1 1760 540 1023
9398 4635 8752104 1 1750 540 1023
9622 4690 8752114 1 1750 540 1023
9831 4760 8752124 1 1740 550 1020
10025 4878 8752134 1 1740 550 1023
10208 4992 8752144 1 1740 550 1023
10376 5062 8752154 1 1740 550 1023
10535 5105 8752164 1 1740 550 1023
10688 5116 8752174 1 1740 550 1023
10812 5107 8752184 1 1760 550 1023
10929 5084 8752194 1 1760 550 1023
11041 5043 8752204 1 1760 550 1023
11107 4985 8752214 1 1770 550 1023
11158 4916 8752224 1 1790 550 1023
11198 4838 8752234 1 1790 540 1023
11209 4764 8752244 1 1800 540 1023
11184 4694 8752254 1 1800 540 1023
11135 4618 8752264 1 1800 540 1023
11024 4542 8752274 1 1800 540 1023
10876 4468 8752284 1 1800 540 1023
10704 4411 8752294 1 1810 540 1023
10503 4364 8752304 1 1810 540 1023
10302 4331 8752314 1 1810 540 1023
10102 4323 8752324 1 1810 540 1023
9956 4332 8752334 1 1810 540 1023
9839 4361 8752344 1 1800 540 1023
9742 4425 8752354 1 1800 550 994
9649 4512 8752364 1 1800 550 884
9558 4637 8752374 1 1800 550 685
9474 4802 8752384 1 1800 550 230
8723 5787 8752755 0 1720 490 240
8723 5787 8752765 1 1720 500 415
8723 5787 8752775 1 1720 500 570
8725 5709 8752785 1 1720 500 691
8744 5677 8752795 1 1720 500 802
8773 5657 8752805 1 1720 500 893
8823 5645 8752815 1 1700 510 942
8928 5645 8752825 1 1700 510 953
9069 5670 8752835 1 1700 510 967
9227 5706 8752845 1 1700 510 964
9408 5744 8752855 1 1700 510 934
9604 5776 8752865 1 1700 520 822
9747 5776 8752875 1 1710 520 471
