191
5446 4685 1270036 0 1380 470 228
5446 4685 1270046 1 1380 480 264
5446 4685 1270056 1 1380 490 252
5446 4685 1270066 1 1380 490 254
5446 4685 1270076 1 1370 500 274
5524 4741 1270086 1 1370 500 314
5613 4810 1270096 1 1360 500 363
5730 4890 1270106 1 1360 500 389
5849 4977 1270116 1 1350 510 391
5969 5023 1270126 1 1350 510 400
6059 5081 1270136 1 1340 510 402
6121 5147 1270146 1 1340 510 399
6164 5168 1270156 1 1350 520 391
6195 5185 1270166 1 1350 520 358
6211 5197 1270176 1 1340 520 282
6217 5211 1270186 1 1340 520 149
5859 5813 1270306 0 1370 520 83
5859 5813 1270316 1 1380 510 125
5859 5813 1270326 1 1380 510 119
5859 5813 1270336 1 1380 510 91
5859 5813 1270346 1 1380 510 91
5859 5813 1270356 1 1380 510 91
5859 5813 1270366 1 1380 510 103
5803 5731 1270376 1 1380 500 127
5819 5666 1270386 1 1380 500 141
5837 5579 1270396 1 1380 500 184
5865 5437 1270406 1 1380 500 185
5903 5229 1270416 1 1400 510 193
5952 4976 1270426 1 1380 510 191
5994 4676 1270436 1 1380 510 198
6031 4412 1270446 1 1380 510 208
6055 4172 1270456 1 1370 520 233
6071 3977 1270466 1 1370 520 257
6081 3845 1270476 1 1360 520 274
6090 3754 1270486 1 1370 530 279
6098 3697 1270496 1 1360 540 260
6104 3662 1270506 1 1350 540 180
6104 3662 1270516 1 1350 540 37
5801 4694 1270677 0 1320 510 108
5750 4594 1270687 1 1320 510 136
5709 4519 1270697 1 1330 510 155
5687 4421 1270707 1 1330 510 175
5659 4274 1270717 1 1330 510 206
5622 4142 1270727 1 1340 500 249
5588 4020 1270737 1 1330 510 262
5552 3926 1270747 1 1340 510 275
5526 3865 1270757 1 1340 510 262
5519 3826 1270767 1 1330 520 190
5519 3801 1270777 1 1330 530 1
5820 4545 1270927 0 1350 530 259
5820 4545 1270937 1 1350 530 249
5820 4545 1270947 1 1350 530 245
5895 4518 1270957 1 1360 540 250
5963 4489 1270967 1 1360 540 285
6025 4445 1270977 1 1360 540 307
6083 4394 1270987 1 1360 540 314
6147 4343 1270997 1 1360 540 322
6199 4290 1271007 1 1370 540 317
6244 4251 1271017 1 1360 550 316
6284 4220 1271027 1 1360 550 219
6573 4522 1271267 0 1390 540 175
6573 4522 1271277 1 1390 540 205
6573 4522 1271287 1 1370 540 207
6573 4522 1271297 1 1370 540 255
6647 4604 1271308 1 1360 550 329
6706 4646 1271318 1 1360 550 369
6780 4698 1271328 1 1340 550 388
6865 4748 1271338 1 1350 550 392
6931 4798 1271348 1 1350 550 399
6977 4829 1271358 1 1350 550 377
7009 4847 1271368 1 1360 560 339
7028 4847 1271378 1 1360 560 284
7033 4853 1271388 1 1360 560 214
7033 4853 1271398 1 1380 570 50
6772 5356 1271518 0 1430 550 80
6772 5356 1271528 1 1430 550 137
6772 5356 1271538 1 1410 550 132
6772 5356 1271548 1 1410 550 119
6753 5280 1271558 1 1400 540 119
6753 5240 1271568 1 1400 540 127
6766 5200 1271578 1 1400 540 144
6779 5128 1271588 1 1390 540 172
6792 5036 1271598 1 1390 540 213
6823 4896 1271608 1 1390 540 242
6855 4714 1271618 1 1390 540 269
6884 4504 1271628 1 1370 540 275
6909 4262 1271638 1 1370 540 274
6921 4038 1271648 1 1390 550 292
6928 3827 1271658 1 1380 550 314
6928 3659 1271668 1 1380 550 342
6928 3563 1271678 1 1380 550 339
6928 3515 1271688 1 1380 570 344
6928 3494 1271698 1 1380 570 341
6923 3489 1271708 1 1360 570 279
6917 3496 1271718 1 1360 580 58
6794 4385 1271828 0 1320 590 120
6794 4385 1271838 1 1320 590 141
6794 4385 1271848 1 1320 590 127
6706 4319 1271858 1 1340 580 129
6677 4256 1271868 1 1320 580 137
6640 4202 1271878 1 1320 580 183
6601 4144 1271888 1 1340 570 214
6559 4079 1271898 1 1320 570 233
6522 4017 1271908 1 1340 560 235
6491 3959 1271918 1 1340 560 213
6480 3920 1271928 1 1340 560 68
6745 4284 1272039 0 1320 550 250
6745 4284 1272049 1 1320 550 291
6745 4284 1272059 1 1340 560 289
6838 4250 1272069 1 1340 560 296
6882 4239 1272079 1 1340 560 320
6942 4215 1272089 1 1350 570 358
7000 4190 1272099 1 1350 570 382
7054 4160 1272109 1 1350 570 405
7105 4122 1272119 1 1360 570 415
7155 4087 1272129 1 1360 570 425
7195 4064 1272139 1 1360 570 431
7229 4046 1272149 1 1360 570 415
7260 4038 1272159 1 1380 580 340
7791 4554 1272509 0 1410 560 384
7813 4479 1272519 1 1410 560 422
7813 4528 1272529 1 1410 560 404
7807 4528 1272539 1 1410 560 396
7832 4494 1272549 1 1400 560 364
7858 4466 1272559 1 1420 570 221
7836 3969 1272659 0 1390 600 456
7836 3969 1272669 1 1390 600 501
7836 3969 1272679 1 1410 600 501
7836 3969 1272689 1 1410 600 522
7836 3969 1272699 1 1410 600 513
7921 4017 1272709 1 1410 600 499
7979 4048 1272719 1 1410 600 396
8038 4094 1272729 1 1410 600 139
8191 4591 1272940 0 1420 580 132
8191 4591 1272950 1 1420 580 206
8191 4591 1272960 1 1420 580 209
8191 4591 1272970 1 1430 590 228
8218 4493 1272980 1 1430 590 242
8242 4390 1272990 1 1430 590 285
8260 4287 1273000 1 1420 590 317
8276 4186 1273010 1 1420 590 314
8290 4087 1273020 1 1420 590 324
8302 3993 1273030 1 1420 590 320
8316 3947 1273040 1 1410 600 282
8334 3932 1273050 1 1410 600 170
8453 4551 1273260 0 1440 580 190
8453 4551 1273270 1 1440 580 282
8453 4551 1273280 1 1430 590 292
8530 4575 1273290 1 1430 590 307
8589 4590 1273300 1 1450 590 317
8666 4610 1273310 1 1440 600 305
8763 4635 1273320 1 1440 600 307
8861 4653 1273330 1 1440 600 315
8962 4664 1273340 1 1420 610 322
9040 4664 1273350 1 1420 610 342
9105 4658 1273360 1 1410 610 364
9161 4646 1273370 1 1410 610 402
9208 4629 1273380 1 1400 620 449
9250 4608 1273390 1 1400 620 473
9289 4586 1273400 1 1400 620 490
9316 4564 1273410 1 1380 630 491
9335 4543 1273420 1 1400 630 509
9354 4519 1273430 1 1400 630 505
9360 4488 1273440 1 1400 630 509
9360 4439 1273450 1 1400 630 507
9334 4380 1273460 1 1400 630 499
9292 4307 1273470 1 1400 630 481
9236 4237 1273480 1 1400 630 414
9176 4168 1273490 1 1410 640 287
9106 4099 1273500 1 1410 640 53
8383 3847 1273671 0 1380 610 211
8383 3847 1273681 1 1380 610 233
8383 3847 1273691 1 1380 610 255
8468 3892 1273701 1 1380 610 325
8561 3924 1273711 1 1380 610 363
8680 3963 1273721 1 1380 610 362
8817 4036 1273731 1 1380 610 367
8959 4085 1273741 1 1380 610 369
9067 4118 1273751 1 1380 610 359
9152 4142 1273761 1 1400 620 315
9213 4161 1273771 1 1400 620 254
9255 4179 1273781 1 1400 620 115
8673 5295 1274031 0 1460 580 48
8705 5018 1274041 1 1470 580 86
8727 4808 1274051 1 1460 580 122
8739 4564 1274061 1 1460 580 146
8739 4279 1274071 1 1460 580 105
8746 3936 1274081 1 1450 590 148
8746 3555 1274091 1 1430 590 141
8734 3278 1274101 1 1420 590 104
8734 2998 1274111 1 1410 600 8
