266
3513 5199 8527862 0 1650 710 440
3513 5199 8527872 1 1650 650 505
3513 5199 8527882 1 1650 650 448
3513 5199 8527892 1 1650 650 440
3513 5199 8527902 1 1650 650 442
3513 5199 8527912 1 1650 650 496
3638 5224 8527922 1 1650 650 516
3728 5232 8527932 1 1650 650 543
3839 5265 8527942 1 1650 650 566
3933 5314 8527952 1 1650 650 585
4016 5399 8527962 1 1650 650 602
4111 5483 8527972 1 1650 650 614
4199 5567 8527982 1 1650 650 611
4251 5628 8527992 1 1650 650 616
4281 5683 8528002 1 1620 650 624
4303 5733 8528012 1 1610 640 617
4313 5780 8528022 1 1590 640 614
4313 5834 8528032 1 1560 620 610
4306 5892 8528042 1 1560 610 613
4276 5961 8528052 1 1550 600 585
4232 6028 8528062 1 1540 580 586
4180 6092 8528072 1 1530 580 584
4131 6151 8528082 1 1520 570 588
4088 6175 8528092 1 1520 560 591
4053 6175 8528102 1 1510 540 594
4027 6229 8528112 1 1510 530 595
4007 6229 8528122 1 1500 520 603
3993 6191 8528132 1 1500 510 641
3982 6083 8528142 1 1490 510 690
3977 5880 8528152 1 1500 500 713
3977 5614 8528162 1 1500 500 725
3977 5224 8528172 1 1500 500 721
3977 4831 8528182 1 1500 500 733
3964 4569 8528192 1 1500 500 742
3975 4394 8528202 1 1500 500 758
3986 4273 8528212 1 1490 510 754
4009 4204 8528222 1 1490 510 746
4039 4171 8528232 1 1490 510 720
4061 4162 8528242 1 1480 510 694
4083 4199 8528252 1 1480 510 613
4105 4268 8528262 1 1460 520 561
4126 4422 8528272 1 1460 520 546
4141 4576 8528282 1 1450 530 548
4150 4699 8528292 1 1450 530 568
4150 4802 8528302 1 1420 530 608
4136 4865 8528312 1 1420 530 650
4116 4893 8528322 1 1420 530 679
4080 4898 8528332 1 1420 530 700
4017 4876 8528342 1 1410 520 705
3936 4802 8528352 1 1410 520 730
3828 4694 8528362 1 1400 530 749
3687 4571 8528372 1 1400 530 784
3523 4443 8528382 1 1400 530 799
3377 4305 8528392 1 1400 530 803
3265 4202 8528402 1 1400 530 803
3175 4123 8528412 1 1400 530 800
3143 4090 8528422 1 1400 530 793
3143 4083 8528432 1 1400 530 796
3153 4094 8528442 1 1400 530 785
3212 4134 8528452 1 1400 530 787
3337 4232 8528462 1 1400 530 785
3505 4370 8528472 1 1400 530 784
3755 4550 8528482 1 1400 530 785
4010 4747 8528492 1 1400 530 796
4294 4955 8528502 1 1400 530 784
4595 5154 8528512 1 1400 530 797
4862 5353 8528522 1 1410 530 785
5092 5552 8528532 1 1410 530 784
5296 5708 8528542 1 1410 530 797
5470 5849 8528552 1 1420 540 793
5590 5981 8528562 1 1430 530 794
5675 6087 8528572 1 1430 530 791
5729 6179 8528582 1 1450 540 785
5751 6262 8528592 1 1460 530 773
5751 6336 8528602 1 1470 530 770
5725 6407 8528612 1 1470 530 753
5682 6472 8528622 1 1470 530 763
5629 6511 8528632 1 1490 530 750
5575 6533 8528642 1 1490 530 763
5522 6533 8528652 1 1490 530 750
5472 6507 8528662 1 1500 520 753
5425 6465 8528672 1 1500 520 759
5380 6358 8528682 1 1500 520 782
5335 6171 8528692 1 1510 510 800
5292 5930 8528702 1 1500 520 821
5254 5585 8528712 1 1500 520 824
5254 5165 8528722 1 1500 520 823
5273 4694 8528732 1 1490 530 836
5291 4450 8528742 1 1490 530 858
5319 4272 8528752 1 1490 530 854
5354 4137 8528762 1 1480 540 854
5387 4062 8528772 1 1480 540 869
5419 4012 8528782 1 1460 540 855
5447 3979 8528792 1 1450 550 818
5457 3973 8528802 1 1450 550 800
5457 3994 8528812 1 1440 560 761
5466 4033 8528822 1 1430 560 670
5476 4147 8528832 1 1430 560 643
5504 4277 8528842 1 1420 570 641
5543 4418 8528852 1 1430 570 638
5578 4501 8528862 1 1420 580 636
5610 4580 8528872 1 1420 580 638
5641 4654 8528882 1 1410 590 643
5665 4724 8528892 1 1410 590 646
5682 4788 8528902 1 1420 590 644
5694 4842 8528912 1 1420 590 649
5694 4890 8528922 1 1420 590 653
5681 4929 8528932 1 1430 590 650
5662 4953 8528942 1 1430 590 656
5627 4968 8528952 1 1430 590 659
5580 4963 8528962 1 1430 590 659
5525 4930 8528972 1 1440 580 664
5446 4878 8528982 1 1440 580 663
5338 4798 8528992 1 1440 580 697
5210 4714 8529002 1 1440 580 736
5083 4625 8529012 1 1440 580 780
4960 4533 8529022 1 1440 580 809
4862 4455 8529032 1 1440 580 817
4778 4385 8529042 1 1460 570 828
4703 4330 8529052 1 1460 570 836
4651 4290 8529062 1 1440 570 839
4614 4259 8529072 1 1440 570 839
4592 4247 8529082 1 1440 570 840
4584 4241 8529092 1 1430 560 827
4584 4241 8529102 1 1420 570 817
4591 4248 8529112 1 1420 570 793
4600 4265 8529122 1 1400 560 757
4651 4287 8529132 1 1400 560 725
4728 4353 8529142 1 1400 560 719
4850 4438 8529152 1 1400 560 716
5013 4537 8529162 1 1400 560 719
5202 4623 8529172 1 1400 560 722
5459 4708 8529182 1 1400 560 720
5699 4777 8529192 1 1420 570 742
5928 4836 8529202 1 1420 570 757
6098 4877 8529212 1 1420 570 773
6237 4893 8529222 1 1430 570 785
6354 4893 8529232 1 1430 570 788
6434 4888 8529242 1 1430 570 809
6479 4882 8529252 1 1440 580 826
6501 4873 8529262 1 1440 580 817
6508 4873 8529272 1 1460 580 828
6508 4867 8529282 1 1460 580 842
6500 4862 8529292 1 1470 590 842
6481 4854 8529302 1 1470 590 837
6465 4854 8529312 1 1490 590 825
6457 4854 8529322 1 1490 590 796
6457 4854 8529332 1 1490 590 697
6467 4875 8529342 1 1490 590 578
6512 4905 8529352 1 1490 590 399
7501 5697 8529574 0 1640 580 699
7501 5697 8529584 1 1640 580 721
7501 5697 8529594 1 1640 580 736
7501 5697 8529604 1 1640 580 752
7501 5697 8529614 1 1630 590 753
7627 5682 8529624 1 1630 590 777
7678 5691 8529634 1 1630 590 794
7724 5697 8529644 1 1630 590 812
7766 5702 8529654 1 1630 590 830
7811 5702 8529664 1 1620 600 825
7861 5708 8529674 1 1620 600 828
7912 5708 8529684 1 1620 600 828
7957 5708 8529694 1 1620 610 833
8000 5696 8529704 1 1620 610 834
8038 5687 8529715 1 1630 610 839
8038 5687 8529725 1 1630 610 837
8038 5687 8529735 1 1630 610 833
8134 5638 8529745 1 1630 610 823
8150 5620 8529755 1 1630 610 750
8157 5598 8529765 1 1630 610 600
8149 5557 8529775 1 1630 610 212
7564 4917 8529855 0 1630 620 702
7468 4763 8529865 1 1630 620 748
7421 4724 8529875 1 1600 630 755
7382 4688 8529885 1 1600 630 788
7402 4679 8529895 1 1600 630 811
7418 4679 8529905 1 1600 630 824
7430 4679 8529915 1 1590 640 836
7457 4687 8529925 1 1590 640 833
7503 4713 8529935 1 1570 630 818
7561 4750 8529945 1 1560 640 790
7643 4825 8529955 1 1560 640 727
7751 4922 8529965 1 1560 640 583
7875 5033 8529975 1 1560 640 366
8002 5175 8529985 1 1580 640 242
8116 5322 8529995 1 1580 640 279
8222 5472 8530005 1 1580 640 337
8322 5530 8530015 1 1590 640 394
8397 5542 8530025 1 1590 640 497
8456 5524 8530035 1 1590 640 599
8489 5464 8530045 1 1590 640 666
8489 5354 8530055 1 1600 630 724
8476 5211 8530065 1 1620 630 763
8430 5074 8530075 1 1620 630 796
8381 4942 8530085 1 1620 630 828
8330 4814 8530095 1 1620 630 858
8293 4752 8530105 1 1620 630 861
8280 4727 8530115 1 1620 630 857
8280 4727 8530125 1 1610 640 836
8291 4739 8530135 1 1610 640 829
8318 4799 8530145 1 1610 640 803
8358 4890 8530155 1 1590 640 780
8431 5019 8530165 1 1590 640 742
8523 5164 8530175 1 1610 640 739
8627 5321 8530185 1 1610 640 743
8756 5449 8530195 1 1610 640 754
8908 5539 8530205 1 1610 640 756
9074 5605 8530215 1 1610 640 777
9243 5657 8530225 1 1630 640 783
9414 5686 8530235 1 1630 640 800
9558 5701 8530245 1 1630 640 821
9684 5701 8530255 1 1650 640 822
9777 5691 8530265 1 1650 640 834
9844 5669 8530275 1 1650 640 840
9894 5636 8530285 1 1670 640 842
9910 5603 8530295 1 1690 650 840
9882 5545 8530305 1 1700 640 836
9825 5470 8530315 1 1700 640 829
9706 5370 8530325 1 1690 650 796
9539 5254 8530335 1 1710 650 793
9339 5127 8530345 1 1710 650 782
9126 4992 8530355 1 1710 650 760
8913 4857 8530365 1 1710 650 787
8739 4723 8530375 1 1710 660 794
8590 4591 8530385 1 1690 660 797
8476 4490 8530395 1 1690 660 817
8401 4422 8530405 1 1690 660 827
8353 4376 8530415 1 1690 660 830
8353 4366 8530425 1 1690 660 837
8353 4371 8530435 1 1670 650 842
8423 4387 8530445 1 1660 660 860
8528 4423 8530455 1 1660 660 864
8632 4489 8530465 1 1640 660 866
8759 4576 8530475 1 1640 660 863
8900 4675 8530485 1 1640 660 858
9046 4791 8530495 1 1640 660 857
9185 4918 8530505 1 1640 660 849
9297 5061 8530515 1 1660 660 828
9393 5223 8530525 1 1660 660 817
9453 5397 8530535 1 1660 660 793
9467 5592 8530545 1 1660 660 763
9450 5786 8530555 1 1660 660 728
9382 5975 8530565 1 1660 660 731
9312 6161 8530575 1 1670 650 736
9241 6279 8530585 1 1690 660 736
9184 6372 8530595 1 1690 650 736
9128 6448 8530605 1 1690 650 737
9073 6518 8530615 1 1700 640 740
9024 6588 8530625 1 1700 640 742
8975 6655 8530635 1 1700 630 748
8933 6715 8530645 1 1700 630 754
8902 6765 8530655 1 1710 620 761
8883 6795 8530665 1 1710 620 750
8873 6813 8530675 1 1710 610 763
8873 6813 8530685 1 1710 610 750
8873 6813 8530695 1 1710 610 760
8859 6755 8530705 1 1710 600 811
8838 6658 8530715 1 1710 600 864
8803 6398 8530725 1 1710 600 884
8740 5984 8530735 1 1710 600 872
8658 5468 8530745 1 1710 600 884
8568 4903 8530755 1 1710 610 884
8467 4428 8530765 1 1710 610 853
8359 4014 8530775 1 1690 620 845
8265 3732 8530785 1 1680 630 790
8209 3555 8530795 1 1660 630 491
