340
3799 4738 52969405 0 1310 460 22
3799 4738 52969415 1 1310 460 183
3799 4738 52969425 1 1310 460 265
3799 4738 52969435 1 1310 470 311
3799 4738 52969445 1 1310 470 312
3799 4738 52969455 1 1310 470 322
3799 4738 52969465 1 1310 480 340
3799 4738 52969475 1 1310 480 346
3718 4670 52969485 1 1310 480 359
3675 4601 52969495 1 1300 500 372
3631 4564 52969505 1 1300 500 404
3594 4549 52969515 1 1320 500 448
3565 4532 52969525 1 1300 510 494
3540 4532 52969535 1 1300 510 515
3533 4544 52969545 1 1320 510 524
3527 4562 52969555 1 1320 510 522
3547 4607 52969565 1 1320 510 519
3585 4670 52969575 1 1320 510 521
3657 4749 52969585 1 1320 510 516
3746 4840 52969595 1 1320 510 522
3847 4939 52969605 1 1320 510 527
3965 5029 52969615 1 1320 510 540
4106 5092 52969625 1 1340 510 540
4261 5137 52969635 1 1340 510 543
4384 5148 52969645 1 1340 510 546
4489 5155 52969655 1 1350 520 553
4583 5155 52969665 1 1350 520 557
4660 5155 52969675 1 1360 510 556
4712 5142 52969685 1 1360 510 554
4748 5121 52969695 1 1360 510 559
4754 5076 52969705 1 1370 520 559
4732 5015 52969715 1 1370 520 559
4692 4916 52969725 1 1380 510 562
4630 4812 52969735 1 1400 520 562
4556 4714 52969745 1 1400 520 565
4473 4622 52969755 1 1400 520 567
4381 4526 52969765 1 1400 520 570
4292 4428 52969775 1 1390 520 570
4206 4361 52969785 1 1390 520 560
4185 4315 52969795 1 1390 520 568
4197 4315 52969805 1 1390 520 570
4232 4300 52969815 1 1390 520 595
4335 4281 52969825 1 1390 520 600
4452 4276 52969835 1 1390 520 606
4578 4269 52969845 1 1390 540 605
4675 4258 52969855 1 1390 540 606
4738 4239 52969865 1 1390 540 606
4777 4200 52969875 1 1390 540 611
4788 4150 52969885 1 1390 540 619
4770 4091 52969895 1 1400 540 622
4733 4030 52969905 1 1400 540 631
4673 3966 52969915 1 1410 550 639
4597 3902 52969925 1 1410 550 638
4510 3837 52969935 1 1430 550 649
4423 3783 52969945 1 1430 550 655
4372 3736 52969955 1 1430 550 655
4345 3714 52969965 1 1410 560 653
4357 3694 52969975 1 1410 560 658
4375 3676 52969985 1 1410 560 658
4432 3658 52969995 1 1400 560 667
4514 3658 52970005 1 1400 560 670
4631 3665 52970015 1 1400 560 663
4737 3675 52970025 1 1400 560 667
4835 3675 52970035 1 1390 570 667
4886 3660 52970045 1 1390 570 669
4913 3638 52970055 1 1390 570 670
4923 3611 52970065 1 1380 580 673
4911 3576 52970075 1 1390 580 675
4869 3522 52970085 1 1380 590 675
4808 3457 52970095 1 1380 590 676
4722 3384 52970105 1 1380 590 694
4641 3313 52970115 1 1380 590 711
4590 3244 52970125 1 1380 590 719
4556 3199 52970135 1 1390 600 721
4545 3173 52970145 1 1390 600 719
4545 3160 52970155 1 1390 600 724
4564 3153 52970165 1 1390 600 728
4595 3153 52970175 1 1410 600 731
4631 3153 52970185 1 1410 600 731
4655 3158 52970195 1 1410 600 731
4670 3158 52970205 1 1410 600 730
4679 3158 52970215 1 1410 600 730
4688 3129 52970225 1 1410 600 730
4695 3082 52970235 1 1420 590 731
4682 3002 52970245 1 1410 590 731
4656 2885 52970255 1 1420 590 731
4606 2744 52970265 1 1420 590 728
4529 2585 52970275 1 1420 590 728
4434 2424 52970285 1 1410 600 697
4341 2258 52970295 1 1410 600 630
4258 2137 52970305 1 1410 600 466
4999 4190 52971288 0 1320 440 212
4999 4190 52971298 1 1320 440 235
4951 4328 52971308 1 1320 440 255
4942 4367 52971318 1 1320 440 255
4954 4400 52971328 1 1330 440 262
4979 4429 52971338 1 1330 440 277
5026 4474 52971348 1 1330 440 334
5078 4532 52971358 1 1340 450 372
5161 4598 52971368 1 1340 450 417
5263 4669 52971378 1 1340 450 443
5398 4742 52971388 1 1350 450 460
5555 4817 52971398 1 1350 450 477
5726 4867 52971408 1 1360 460 480
5881 4892 52971418 1 1360 460 483
5987 4901 52971428 1 1370 460 467
6061 4891 52971438 1 1380 470 472
6115 4877 52971448 1 1390 470 475
6154 4855 52971458 1 1400 470 488
6182 4831 52971468 1 1420 470 490
6190 4803 52971478 1 1420 470 485
6180 4770 52971488 1 1430 480 488
6158 4728 52971498 1 1430 480 490
6112 4677 52971508 1 1430 480 490
6056 4622 52971518 1 1440 480 490
5993 4554 52971528 1 1440 480 488
5926 4479 52971538 1 1440 480 491
5853 4399 52971548 1 1440 480 491
5777 4322 52971558 1 1440 480 496
5710 4273 52971568 1 1440 480 488
5660 4243 52971578 1 1440 480 492
5622 4216 52971588 1 1440 480 497
5597 4188 52971598 1 1440 480 507
5570 4156 52971608 1 1440 480 515
5542 4114 52971618 1 1430 490 513
5520 4065 52971628 1 1420 480 516
5503 4029 52971638 1 1420 480 521
5496 4010 52971648 1 1420 480 522
5496 4002 52971658 1 1420 480 526
5496 3996 52971668 1 1420 480 530
5491 3989 52971678 1 1400 480 532
5491 3983 52971688 1 1420 470 533
5491 3977 52971698 1 1420 470 540
5491 3971 52971708 1 1420 470 536
5491 3971 52971718 1 1400 470 545
5491 3971 52971728 1 1400 470 554
5491 3971 52971739 1 1400 470 561
5491 3971 52971749 1 1400 470 565
5491 3971 52971759 1 1400 470 560
5491 3971 52971769 1 1400 470 567
5491 3971 52971779 1 1400 470 570
5491 3971 52971789 1 1400 470 575
5491 3971 52971799 1 1400 470 578
5491 3971 52971809 1 1400 470 586
5491 3971 52971819 1 1400 470 586
5491 3971 52971829 1 1400 470 595
5491 3971 52971839 1 1400 470 594
5491 3971 52971849 1 1400 470 597
5491 3971 52971859 1 1400 470 600
5491 3971 52971869 1 1400 470 605
5491 3971 52971879 1 1400 470 606
5491 3971 52971889 1 1400 470 609
5491 3971 52971899 1 1400 470 613
5491 3971 52971909 1 1400 470 614
5491 3971 52971919 1 1400 470 617
5491 3971 52971929 1 1400 470 619
5491 3971 52971939 1 1400 470 620
5491 3971 52971949 1 1400 470 619
5491 3971 52971959 1 1400 470 617
5491 3971 52971969 1 1390 460 620
5439 3911 52971979 1 1390 460 617
5439 3911 52971989 1 1390 460 619
5434 3903 52971999 1 1390 460 617
5426 3890 52972009 1 1390 460 619
5416 3865 52972019 1 1390 460 619
5403 3832 52972029 1 1390 460 619
5391 3802 52972039 1 1390 460 619
5380 3775 52972049 1 1400 470 617
5380 3761 52972059 1 1400 470 617
5380 3749 52972069 1 1400 470 616
5380 3739 52972079 1 1390 470 619
5395 3708 52972089 1 1390 470 619
5430 3662 52972099 1 1390 470 613
5480 3607 52972109 1 1380 480 620
5549 3570 52972119 1 1380 480 630
5636 3550 52972129 1 1380 480 636
5735 3541 52972139 1 1370 480 662
5860 3551 52972149 1 1370 480 670
5990 3583 52972159 1 1380 490 681
6175 3629 52972169 1 1380 490 687
6395 3689 52972179 1 1380 490 685
6613 3759 52972189 1 1380 500 679
6802 3835 52972199 1 1380 500 679
6972 3917 52972209 1 1400 510 684
7097 4011 52972219 1 1410 510 681
7206 4114 52972229 1 1420 520 675
7304 4217 52972239 1 1420 520 666
7364 4299 52972249 1 1430 520 670
7373 4368 52972259 1 1450 530 652
7347 4418 52972269 1 1460 530 638
7282 4468 52972279 1 1470 520 647
7196 4513 52972289 1 1480 530 645
7095 4551 52972299 1 1490 530 645
7026 4561 52972309 1 1500 520 638
6961 4553 52972319 1 1500 520 631
6899 4505 52972329 1 1520 530 628
6800 4409 52972339 1 1530 520 624
6679 4281 52972349 1 1530 520 624
6542 4125 52972359 1 1530 520 622
6400 3952 52972369 1 1530 510 622
6258 3769 52972379 1 1530 510 620
6151 3610 52972389 1 1520 510 625
6067 3463 52972399 1 1520 510 625
6002 3325 52972409 1 1510 510 630
5943 3201 52972419 1 1500 510 633
5898 3102 52972429 1 1500 510 638
5859 3019 52972439 1 1500 510 639
5820 2937 52972449 1 1490 510 639
5782 2862 52972459 1 1480 510 641
5758 2792 52972469 1 1470 510 639
5743 2733 52972479 1 1470 510 639
5743 2691 52972489 1 1440 510 638
5743 2660 52972499 1 1440 510 636
5754 2645 52972509 1 1430 520 634
5762 2639 52972519 1 1410 520 636
5762 2639 52972529 1 1410 520 639
5762 2639 52972539 1 1400 530 641
5784 2625 52972549 1 1390 520 652
5838 2582 52972559 1 1370 530 666
5915 2518 52972569 1 1390 540 682
6003 2424 52972579 1 1390 540 699
6094 2342 52972589 1 1390 540 702
6188 2267 52972599 1 1370 540 722
6282 2239 52972609 1 1390 550 725
6355 2255 52972619 1 1390 550 728
6414 2301 52972629 1 1390 550 728
6448 2382 52972639 1 1400 550 728
6459 2470 52972649 1 1400 550 725
6454 2564 52972659 1 1410 560 725
6413 2651 52972669 1 1410 560 722
6358 2742 52972679 1 1410 560 734
6294 2835 52972689 1 1430 560 761
6276 2868 52972699 1 1430 560 754
6271 2880 52972709 1 1440 560 757
6271 2880 52972719 1 1440 560 760
6276 2875 52972729 1 1440 560 767
6276 2875 52972739 1 1440 560 790
6320 2870 52972749 1 1440 560 825
6387 2828 52972759 1 1440 560 870
6526 2761 52972769 1 1440 540 909
6713 2622 52972779 1 1440 540 909
6931 2495 52972789 1 1450 550 911
7140 2377 52972799 1 1450 550 903
7380 2341 52972809 1 1450 550 821
7650 2364 52972819 1 1460 550 600
7287 4000 52973802 0 1400 460 221
7287 4000 52973812 1 1400 460 254
7287 4000 52973822 1 1400 460 257
7287 4000 52973832 1 1400 460 255
7287 4000 52973842 1 1400 460 264
7287 4000 52973852 1 1410 460 314
7398 4014 52973862 1 1410 460 369
7458 4037 52973872 1 1410 460 391
7519 4092 52973882 1 1420 450 422
7580 4159 52973892 1 1420 450 420
7627 4233 52973902 1 1420 450 431
7667 4320 52973912 1 1420 450 449
7697 4412 52973922 1 1420 450 463
7723 4508 52973932 1 1420 450 472
7747 4568 52973942 1 1420 450 481
7763 4595 52973952 1 1420 450 475
7771 4600 52973962 1 1420 450 478
7771 4588 52973972 1 1420 450 485
7800 4572 52973982 1 1420 450 498
7829 4551 52973992 1 1420 450 512
7892 4544 52974002 1 1440 460 535
7977 4544 52974012 1 1440 460 538
8080 4567 52974022 1 1430 460 540
8205 4599 52974032 1 1440 470 557
8345 4640 52974042 1 1440 470 565
8505 4678 52974052 1 1440 470 564
8666 4713 52974062 1 1450 470 569
8806 4740 52974072 1 1450 470 574
8933 4757 52974082 1 1460 470 575
9004 4763 52974092 1 1470 470 575
9050 4763 52974102 1 1480 470 574
9079 4750 52974112 1 1480 470 570
9100 4729 52974122 1 1490 480 572
9100 4681 52974132 1 1500 480 570
9082 4617 52974142 1 1510 480 570
9029 4532 52974152 1 1510 480 569
8945 4445 52974162 1 1510 480 572
8840 4344 52974172 1 1510 480 574
8721 4234 52974182 1 1510 480 574
8586 4119 52974192 1 1530 490 577
8439 3992 52974202 1 1530 490 577
8268 3856 52974212 1 1530 490 575
8123 3715 52974222 1 1530 490 580
7996 3613 52974232 1 1530 490 581
7902 3538 52974242 1 1520 490 583
7846 3476 52974252 1 1520 490 581
7815 3436 52974262 1 1520 490 578
7815 3410 52974272 1 1510 490 580
7825 3390 52974282 1 1510 490 583
7863 3370 52974292 1 1500 500 583
7921 3351 52974302 1 1480 500 589
8002 3332 52974312 1 1480 500 594
8108 3313 52974322 1 1480 500 585
8231 3313 52974332 1 1480 500 589
8386 3320 52974342 1 1480 500 595
8533 3340 52974352 1 1480 500 600
8675 3362 52974362 1 1470 510 603
8796 3386 52974372 1 1470 510 603
8886 3405 52974382 1 1480 510 602
8955 3421 52974392 1 1480 510 595
8960 3421 52974402 1 1480 510 585
8928 3421 52974412 1 1490 520 583
8871 3389 52974422 1 1490 520 570
8749 3326 52974432 1 1490 520 570
8614 3240 52974442 1 1500 520 567
8469 3143 52974452 1 1500 520 572
8324 3051 52974462 1 1500 520 577
8222 2978 52974472 1 1500 520 586
8148 2916 52974482 1 1500 520 595
8099 2867 52974492 1 1500 520 588
8084 2841 52974502 1 1500 520 600
8091 2830 52974512 1 1490 520 611
8119 2822 52974522 1 1490 520 638
8225 2831 52974532 1 1500 510 646
8384 2852 52974542 1 1500 510 647
8560 2874 52974552 1 1500 510 647
8706 2874 52974562 1 1500 510 647
8832 2874 52974572 1 1500 510 650
8899 2853 52974582 1 1500 510 647
8925 2829 52974592 1 1500 510 643
8925 2795 52974602 1 1510 510 647
8877 2742 52974612 1 1510 510 645
8777 2677 52974622 1 1510 510 636
8640 2608 52974632 1 1530 520 644
8495 2536 52974642 1 1520 530 700
8411 2458 52974652 1 1520 530 740
8368 2384 52974662 1 1530 530 790
8406 2313 52974672 1 1530 530 819
8519 2236 52974682 1 1530 530 867
8682 2190 52974692 1 1530 530 875
8866 2164 52974702 1 1540 530 884
9037 2174 52974712 1 1540 530 887
9199 2217 52974722 1 1530 540 863
9353 2281 52974732 1 1550 540 791
9494 2361 52974742 1 1550 540 572
