309
4057 7715 9387788 0 1390 440 344
4057 7715 9387798 1 1390 440 364
3968 7682 9387808 1 1400 450 356
3951 7682 9387818 1 1390 450 327
3912 7610 9387828 1 1400 460 316
3843 7497 9387838 1 1390 460 312
3754 7359 9387848 1 1400 470 309
3634 7232 9387858 1 1390 470 344
3508 7086 9387868 1 1400 480 359
3379 6928 9387878 1 1400 480 387
3252 6760 9387888 1 1410 490 414
3130 6636 9387898 1 1410 490 443
3050 6541 9387908 1 1400 500 453
2997 6472 9387918 1 1410 500 453
2979 6423 9387928 1 1410 500 456
2979 6388 9387938 1 1400 510 455
2995 6377 9387948 1 1400 510 465
3028 6377 9387958 1 1380 510 452
3091 6391 9387968 1 1380 510 446
3173 6436 9387978 1 1380 510 413
3280 6505 9387988 1 1370 520 372
3398 6590 9387998 1 1370 520 341
3524 6672 9388008 1 1370 520 335
3657 6753 9388018 1 1370 520 332
3790 6832 9388028 1 1370 520 334
3906 6910 9388038 1 1370 520 339
4010 6954 9388048 1 1370 520 342
4112 6977 9388058 1 1370 520 344
4191 6970 9388068 1 1370 520 342
4254 6940 9388078 1 1370 520 333
4280 6894 9388088 1 1370 520 334
4263 6829 9388098 1 1370 520 348
4216 6743 9388108 1 1370 520 369
4130 6644 9388118 1 1380 510 396
4026 6528 9388128 1 1380 510 412
3911 6409 9388138 1 1380 510 441
3800 6283 9388148 1 1380 510 490
3713 6193 9388158 1 1380 510 499
3643 6126 9388168 1 1380 510 507
3625 6095 9388178 1 1380 510 510
3633 6086 9388188 1 1380 510 514
3657 6093 9388199 1 1380 510 522
3657 6093 9388209 1 1380 510 491
3795 6131 9388219 1 1370 520 465
3876 6172 9388229 1 1370 520 402
3955 6226 9388239 1 1370 520 324
4020 6274 9388249 1 1370 520 132
3717 5604 9388319 0 1360 520 37
3390 5237 9388329 1 1350 530 196
3214 5078 9388339 1 1350 530 368
3081 4945 9388349 1 1350 530 396
3007 4861 9388359 1 1340 540 400
2972 4817 9388369 1 1340 540 413
2985 4801 9388379 1 1340 540 441
3059 4839 9388389 1 1310 540 447
3174 4940 9388399 1 1310 540 453
3335 5083 9388409 1 1310 540 463
3541 5262 9388419 1 1300 540 468
3777 5468 9388429 1 1300 540 468
3997 5693 9388439 1 1300 540 433
4194 5884 9388449 1 1300 540 374
4375 6041 9388459 1 1300 540 344
4477 6176 9388469 1 1300 540 286
4522 6284 9388479 1 1300 540 212
4529 6375 9388489 1 1300 540 71
3854 6817 9388580 0 1340 510 51
3780 6921 9388590 1 1340 510 137
3766 6944 9388600 1 1350 510 215
3766 6950 9388610 1 1360 500 220
3766 6950 9388620 1 1360 500 220
3772 6942 9388630 1 1370 510 212
3788 6901 9388640 1 1380 500 221
3810 6835 9388650 1 1380 500 235
3837 6755 9388660 1 1380 500 239
3861 6624 9388670 1 1380 500 247
3875 6458 9388680 1 1380 500 254
3884 6194 9388690 1 1380 500 259
3893 5824 9388700 1 1380 500 274
3903 5383 9388710 1 1400 510 294
3914 4864 9388720 1 1380 510 371
3945 4462 9388730 1 1380 510 439
3989 4139 9388740 1 1370 520 535
4041 3970 9388750 1 1360 520 616
4099 3904 9388760 1 1350 530 666
4167 3904 9388770 1 1340 540 693
4250 3977 9388780 1 1330 540 669
4342 4153 9388790 1 1310 550 603
4454 4400 9388800 1 1300 550 461
5801 7308 9389110 0 1370 510 371
5884 7350 9389120 1 1380 510 402
5895 7398 9389130 1 1400 520 407
5895 7466 9389140 1 1420 520 400
5931 7475 9389150 1 1420 520 379
5966 7486 9389160 1 1430 520 358
5997 7500 9389170 1 1450 530 339
6027 7506 9389180 1 1450 530 336
6040 7506 9389190 1 1460 530 338
6040 7506 9389200 1 1470 520 338
6040 7506 9389210 1 1470 520 343
6040 7500 9389220 1 1470 520 346
6045 7491 9389230 1 1470 520 349
6040 7448 9389240 1 1460 520 348
6030 7385 9389250 1 1450 530 348
6005 7277 9389260 1 1450 530 348
5974 7108 9389270 1 1450 530 356
5938 6898 9389280 1 1450 530 364
5907 6621 9389290 1 1450 530 368
5874 6258 9389300 1 1450 530 373
5838 5838 9389310 1 1430 530 396
5799 5471 9389320 1 1430 530 418
5762 5147 9389330 1 1420 540 488
5727 4851 9389340 1 1420 540 577
5698 4649 9389350 1 1410 550 641
5673 4510 9389360 1 1400 550 658
5665 4413 9389370 1 1390 560 669
5665 4320 9389380 1 1380 570 675
5683 4270 9389390 1 1350 570 676
5719 4248 9389400 1 1340 570 662
5770 4268 9389410 1 1320 580 591
5847 4378 9389420 1 1320 580 496
5929 4549 9389430 1 1320 580 309
6278 7301 9389591 0 1420 540 407
6278 7301 9389601 1 1430 530 490
6125 7336 9389611 1 1450 530 521
6115 7359 9389621 1 1450 530 512
6138 7359 9389631 1 1460 520 502
6183 7387 9389641 1 1460 520 492
6282 7438 9389651 1 1460 520 496
6395 7505 9389661 1 1460 520 495
6518 7564 9389671 1 1460 520 496
6644 7619 9389681 1 1460 520 495
6775 7663 9389691 1 1470 520 498
6913 7697 9389701 1 1470 520 488
7026 7716 9389711 1 1470 520 498
7124 7725 9389721 1 1470 520 488
7218 7731 9389731 1 1460 530 498
7296 7737 9389741 1 1470 530 495
7364 7737 9389751 1 1470 530 490
7398 7744 9389761 1 1470 530 477
7404 7739 9389771 1 1470 530 475
7392 7697 9389781 1 1470 530 488
7326 7630 9389791 1 1480 540 496
7220 7460 9389801 1 1480 540 496
7088 7237 9389811 1 1480 540 493
6942 6978 9389821 1 1470 550 488
6786 6727 9389831 1 1470 550 480
6623 6541 9389841 1 1470 550 485
6490 6399 9389851 1 1470 550 483
6368 6300 9389861 1 1470 550 485
6253 6238 9389871 1 1470 550 485
6151 6202 9389881 1 1470 550 483
6070 6195 9389891 1 1460 540 485
6002 6209 9389901 1 1460 540 496
6002 6209 9389911 1 1460 540 494
6002 6209 9389921 1 1460 540 497
5977 6326 9389931 1 1450 550 505
6043 6390 9389941 1 1450 550 512
6168 6473 9389951 1 1450 550 512
6332 6557 9389961 1 1440 540 512
6540 6643 9389971 1 1430 550 488
6749 6699 9389981 1 1430 550 418
6954 6709 9389991 1 1430 550 325
7084 6689 9390001 1 1430 550 279
7166 6611 9390011 1 1430 550 274
7178 6484 9390021 1 1430 550 296
7126 6325 9390031 1 1440 560 361
7031 6175 9390041 1 1430 560 465
6911 6047 9390051 1 1430 560 516
6797 5933 9390061 1 1430 560 535
6746 5859 9390071 1 1430 560 522
6734 5824 9390081 1 1430 560 522
6792 5816 9390091 1 1430 560 512
6905 5852 9390101 1 1430 560 507
7054 5903 9390111 1 1430 560 510
7207 5965 9390121 1 1440 570 489
7333 5980 9390131 1 1440 570 492
7442 5961 9390141 1 1440 570 491
7501 5919 9390151 1 1440 570 491
7521 5819 9390161 1 1430 570 495
7516 5727 9390171 1 1430 570 461
7483 5640 9390181 1 1430 570 447
7435 5547 9390191 1 1420 580 447
7378 5456 9390201 1 1420 580 448
7315 5362 9390211 1 1410 590 447
7231 5256 9390221 1 1420 590 452
7134 5143 9390231 1 1420 590 477
7029 5014 9390241 1 1420 590 515
6921 4875 9390251 1 1410 600 580
6811 4715 9390261 1 1410 600 622
6741 4614 9390271 1 1410 600 645
6729 4553 9390281 1 1390 610 643
6756 4528 9390291 1 1390 610 661
6858 4563 9390301 1 1360 610 662
7010 4638 9390311 1 1360 610 650
7195 4811 9390321 1 1360 610 636
7400 5008 9390331 1 1360 610 616
7553 5222 9390341 1 1360 610 546
7672 5409 9390351 1 1360 610 448
7729 5576 9390361 1 1360 610 399
7743 5729 9390371 1 1360 610 374
7729 5865 9390381 1 1360 610 348
7681 5964 9390391 1 1360 610 334
7610 6038 9390401 1 1380 600 327
7524 6074 9390411 1 1360 600 332
7438 6106 9390421 1 1390 600 345
7360 6139 9390431 1 1410 590 333
7309 6176 9390441 1 1410 590 336
7272 6213 9390451 1 1420 580 343
7258 6255 9390461 1 1430 570 348
7258 6300 9390471 1 1430 570 351
7264 6316 9390481 1 1440 570 353
7273 6326 9390491 1 1440 570 353
7287 6326 9390501 1 1450 560 358
7303 6326 9390511 1 1450 560 363
7319 6301 9390521 1 1460 550 369
7335 6269 9390531 1 1460 550 369
7342 6221 9390541 1 1480 560 374
7342 6149 9390551 1 1490 550 425
7342 6060 9390561 1 1490 550 488
7334 5901 9390571 1 1490 550 540
7334 5678 9390581 1 1480 560 566
7334 5412 9390591 1 1480 560 588
7342 5057 9390601 1 1480 560 588
7365 4649 9390611 1 1470 560 605
7396 4206 9390621 1 1470 560 622
7450 3733 9390631 1 1460 570 637
7503 3323 9390641 1 1440 580 653
7556 2955 9390651 1 1450 590 670
7575 2640 9390661 1 1440 600 697
7575 2446 9390671 1 1420 610 702
7549 2333 9390681 1 1410 610 667
7514 2244 9390691 1 1400 620 472
9868 6959 9390953 0 1530 460 22
9792 6846 9390963 1 1530 460 24
9473 6671 9391013 0 1490 510 32
9253 6572 9391023 1 1490 520 115
9135 6526 9391033 1 1490 530 181
9021 6481 9391043 1 1490 530 244
8906 6437 9391053 1 1500 540 282
8828 6412 9391063 1 1490 550 335
8775 6399 9391073 1 1500 550 368
8770 6399 9391083 1 1500 550 362
8803 6428 9391093 1 1500 550 384
8862 6477 9391103 1 1490 560 407
8993 6580 9391113 1 1480 560 423
9171 6720 9391123 1 1480 560 417
9381 6885 9391133 1 1480 560 418
9637 7091 9391133 1 1490 550 425
9874 7309 9391143 1 1490 550 392
10099 7535 9391153 1 1490 550 394
10247 7735 9391163 1 1500 540 396
10346 7895 9391173 1 1500 540 391
10413 8028 9391183 1 1500 540 418
10443 8087 9391193 1 1500 540 440
10443 8103 9391203 1 1520 540 448
10431 8090 9391213 1 1520 540 440
10374 8060 9391223 1 1520 540 440
10278 7964 9391233 1 1520 540 441
10156 7825 9391243 1 1530 530 446
10031 7681 9391253 1 1540 530 444
9882 7462 9391263 1 1540 530 449
9718 7193 9391273 1 1540 530 439
9562 6877 9391283 1 1550 520 440
9401 6576 9391293 1 1550 520 449
9236 6286 9391303 1 1550 520 450
9115 6059 9391313 1 1550 520 492
9043 5904 9391323 1 1540 530 533
9003 5798 9391333 1 1540 530 580
9024 5758 9391343 1 1530 540 620
9119 5758 9391353 1 1530 540 625
9263 5788 9391363 1 1530 550 616
9495 5903 9391373 1 1530 550 566
9729 6052 9391383 1 1530 550 507
9964 6224 9391393 1 1530 560 466
10123 6396 9391403 1 1530 560 442
10234 6554 9391413 1 1530 560 439
10284 6702 9391423 1 1520 570 447
10284 6794 9391433 1 1520 570 465
10245 6821 9391443 1 1520 570 469
10175 6804 9391453 1 1520 570 464
10077 6730 9391463 1 1520 570 465
9959 6618 9391473 1 1510 580 467
9847 6481 9391483 1 1510 580 475
9791 6340 9391493 1 1510 580 485
9771 6227 9391503 1 1520 570 501
9810 6133 9391513 1 1520 570 519
9894 6019 9391523 1 1520 570 557
10009 5836 9391533 1 1520 570 560
10127 5608 9391543 1 1520 570 564
10246 5292 9391553 1 1520 570 570
10365 4942 9391563 1 1530 580 565
10458 4570 9391573 1 1530 580 546
10534 4230 9391583 1 1530 580 535
10584 3977 9391593 1 1520 590 532
10576 3782 9391603 1 1520 590 533
10529 3643 9391613 1 1510 600 538
10412 3556 9391623 1 1500 600 541
10258 3505 9391633 1 1500 600 540
10078 3487 9391643 1 1500 620 538
9867 3506 9391653 1 1500 620 533
9662 3549 9391663 1 1490 630 544
9516 3635 9391673 1 1490 630 589
9406 3764 9391683 1 1480 630 644
9423 3922 9391694 1 1480 630 699
9584 4129 9391704 1 1480 630 754
9840 4401 9391714 1 1480 630 754
10271 4716 9391724 1 1460 630 760
10806 5047 9391734 1 1480 630 681
11411 5373 9391744 1 1480 630 463
