198
2542 6256 1550279 0 1440 490 3
2406 6261 1550289 1 1440 490 75
2349 6272 1550299 1 1440 490 132
2300 6284 1550309 1 1450 500 213
2266 6294 1550319 1 1450 500 270
2242 6304 1550329 1 1450 500 319
2237 6314 1550339 1 1450 500 344
2237 6325 1550349 1 1450 500 353
2276 6344 1550359 1 1450 500 371
2339 6391 1550369 1 1450 500 371
2449 6457 1550379 1 1450 500 376
2598 6517 1550389 1 1450 500 379
2774 6574 1550399 1 1450 500 382
2935 6625 1550409 1 1450 500 381
3095 6660 1550419 1 1450 500 382
3254 6684 1550429 1 1450 500 381
3371 6684 1550439 1 1450 500 376
3462 6669 1550449 1 1450 500 367
3522 6634 1550459 1 1450 500 368
3540 6569 1550469 1 1450 500 364
3529 6457 1550479 1 1440 490 359
3468 6314 1550489 1 1440 490 359
3371 6154 1550499 1 1440 490 356
3249 5990 1550509 1 1440 490 356
3104 5820 1550519 1 1440 490 354
2961 5693 1550529 1 1430 500 361
2863 5596 1550539 1 1430 500 369
2795 5544 1550549 1 1430 500 363
2789 5519 1550559 1 1430 500 363
2825 5513 1550569 1 1420 500 371
2889 5513 1550579 1 1420 500 373
3033 5558 1550589 1 1420 500 362
3222 5625 1550599 1 1410 510 373
3441 5694 1550609 1 1410 510 371
3637 5733 1550619 1 1410 510 364
3768 5753 1550629 1 1380 510 356
3856 5732 1550639 1 1380 510 353
3879 5689 1550649 1 1380 510 351
3841 5631 1550659 1 1370 520 354
3761 5526 1550669 1 1370 520 366
3617 5409 1550679 1 1370 520 382
3478 5285 1550689 1 1370 520 391
3407 5226 1550699 1 1360 510 388
3380 5206 1550709 1 1360 510 391
3401 5213 1550719 1 1360 510 391
3494 5236 1550729 1 1360 510 391
3634 5274 1550739 1 1360 510 392
3788 5323 1550749 1 1360 510 392
3924 5341 1550759 1 1360 510 388
3994 5317 1550769 1 1360 510 399
4025 5264 1550779 1 1370 520 399
3995 5170 1550789 1 1380 510 388
3902 5022 1550799 1 1380 510 399
3767 4838 1550809 1 1380 510 397
3583 4661 1550819 1 1370 520 418
3405 4522 1550829 1 1370 520 450
3290 4409 1550839 1 1370 520 460
3214 4334 1550849 1 1370 520 456
3214 4299 1550859 1 1370 520 456
3264 4292 1550869 1 1370 520 458
3351 4306 1550879 1 1360 520 463
3472 4323 1550889 1 1360 520 461
3595 4343 1550899 1 1360 520 465
3674 4315 1550909 1 1360 520 468
3722 4218 1550919 1 1360 520 468
3696 4074 1550929 1 1360 520 469
3605 3840 1550939 1 1360 520 473
3471 3590 1550949 1 1350 530 475
3325 3330 1550959 1 1340 520 501
3210 3087 1550969 1 1340 520 515
3116 2913 1550979 1 1350 530 513
3123 2784 1550989 1 1350 530 505
3210 2728 1550999 1 1350 530 452
3349 2741 1551009 1 1350 530 335
4453 5529 1551300 0 1420 410 392
4453 5529 1551310 1 1430 420 397
4434 5628 1551320 1 1440 420 398
4403 5692 1551330 1 1450 420 382
4480 5719 1551340 1 1450 430 384
4584 5762 1551350 1 1450 430 387
4707 5816 1551360 1 1450 440 397
4829 5870 1551370 1 1450 440 413
4932 5905 1551380 1 1470 450 420
5021 5927 1551390 1 1460 460 423
5111 5927 1551400 1 1460 460 420
5183 5917 1551410 1 1460 460 420
5183 5917 1551420 1 1450 460 399
5256 5820 1551430 1 1460 470 398
5192 5686 1551440 1 1460 470 382
5075 5511 1551450 1 1450 470 377
4933 5236 1551460 1 1440 480 374
4778 4957 1551470 1 1440 480 369
4613 4671 1551480 1 1430 490 377
4473 4445 1551490 1 1430 490 396
4390 4261 1551500 1 1440 490 417
4344 4147 1551510 1 1440 490 425
4351 4077 1551520 1 1430 500 440
4407 4037 1551530 1 1430 500 447
4495 4028 1551540 1 1430 500 460
4645 4097 1551550 1 1420 500 461
4838 4219 1551560 1 1410 500 463
5059 4445 1551570 1 1400 510 463
5291 4706 1551580 1 1400 510 460
5487 4991 1551590 1 1380 510 463
5660 5295 1551600 1 1380 510 458
5805 5611 1551610 1 1380 510 455
5904 5934 1551620 1 1400 520 460
5971 6219 1551630 1 1400 520 466
6012 6452 1551640 1 1410 510 471
6005 6651 1551650 1 1420 520 466
5966 6733 1551660 1 1430 510 443
5892 6755 1551670 1 1440 510 417
5769 6736 1551680 1 1450 510 396
5614 6664 1551690 1 1450 510 391
5434 6535 1551700 1 1480 500 389
5251 6369 1551710 1 1480 500 397
5066 6194 1551720 1 1480 500 407
4935 5969 1551730 1 1480 500 409
4821 5712 1551740 1 1490 490 413
4719 5358 1551750 1 1490 490 409
4633 4897 1551760 1 1500 480 376
4565 4366 1551770 1 1500 480 314
4509 3828 1551780 1 1490 490 233
4469 3392 1551790 1 1490 490 214
4457 3024 1551800 1 1470 490 279
4464 2789 1551810 1 1470 490 376
4505 2672 1551820 1 1450 500 470
4580 2634 1551830 1 1440 500 556
4678 2625 1551840 1 1420 500 611
4837 2696 1551850 1 1410 510 625
5043 2821 1551860 1 1410 510 639
5279 3044 1551870 1 1380 510 641
5566 3315 1551880 1 1370 520 628
5837 3617 1551890 1 1360 520 611
6097 3940 1551900 1 1360 520 613
6311 4233 1551910 1 1360 540 602
6461 4506 1551920 1 1360 540 592
6568 4689 1551930 1 1360 540 591
6608 4806 1551940 1 1360 540 543
6592 4879 1551950 1 1370 540 443
6539 4912 1551960 1 1370 540 389
6419 4905 1551970 1 1370 540 367
6248 4872 1551980 1 1400 540 348
6042 4781 1551990 1 1400 540 343
5841 4688 1552000 1 1410 530 346
5639 4589 1552010 1 1410 530 362
5472 4459 1552020 1 1420 530 399
5327 4309 1552030 1 1420 530 439
5225 4131 1552040 1 1420 530 490
5185 3924 1552050 1 1430 520 517
5185 3697 1552060 1 1430 520 522
5261 3504 1552070 1 1430 520 529
5409 3356 1552080 1 1430 520 538
5606 3238 1552090 1 1430 520 543
5904 3238 1552100 1 1430 520 548
6206 3311 1552110 1 1420 530 561
6558 3427 1552120 1 1420 530 560
6942 3540 1552130 1 1420 530 572
7292 3647 1552140 1 1410 530 567
7669 3746 1552150 1 1410 530 540
8064 3844 1552160 1 1420 540 351
7873 5194 1552342 0 1510 510 353
7873 5194 1552352 1 1510 500 361
7977 5333 1552362 1 1510 490 363
8050 5363 1552372 1 1500 480 363
8173 5369 1552382 1 1500 480 359
8338 5359 1552392 1 1500 480 361
8532 5346 1552402 1 1510 470 361
8689 5332 1552412 1 1510 470 363
8791 5294 1552422 1 1500 480 363
8855 5241 1552432 1 1500 480 364
8843 5149 1552442 1 1500 480 366
8763 5005 1552452 1 1510 490 366
8637 4826 1552462 1 1520 490 369
8481 4635 1552472 1 1520 510 371
8319 4453 1552482 1 1520 510 369
8154 4277 1552492 1 1530 510 396
8058 4135 1552502 1 1540 520 396
8049 4049 1552512 1 1540 520 422
8098 4000 1552522 1 1540 520 440
8245 3970 1552532 1 1540 520 448
8454 3947 1552542 1 1540 520 456
8703 3928 1552552 1 1540 520 466
8923 3861 1552562 1 1530 530 466
9051 3754 1552572 1 1530 530 468
9117 3621 1552582 1 1530 530 465
9100 3464 1552592 1 1520 540 465
9007 3289 1552602 1 1520 540 493
8862 3102 1552612 1 1520 540 548
8729 2959 1552622 1 1520 540 586
8683 2850 1552632 1 1520 540 638
8694 2763 1552642 1 1510 540 699
8899 2747 1552652 1 1510 540 728
9236 2805 1552662 1 1510 540 730
9660 2913 1552672 1 1530 550 728
10120 3055 1552682 1 1530 550 730
10565 3226 1552692 1 1530 560 637
10999 3417 1552702 1 1530 560 108
