192
4075 5890 1694997 0 1400 460 115
4154 5856 1695007 1 1400 460 179
4169 5910 1695017 1 1410 460 216
4187 5980 1695027 1 1410 460 262
4211 6052 1695037 1 1410 460 307
4237 6136 1695047 1 1430 460 367
4260 6228 1695057 1 1430 460 397
4266 6321 1695067 1 1430 460 417
4266 6409 1695077 1 1430 460 428
4238 6493 1695087 1 1430 460 422
4189 6539 1695097 1 1440 470 394
4124 6539 1695107 1 1440 470 358
4023 6519 1695117 1 1450 460 339
3905 6434 1695127 1 1450 460 334
3775 6316 1695137 1 1450 460 344
3623 6175 1695147 1 1460 470 333
3509 6040 1695157 1 1460 470 338
3421 5945 1695167 1 1460 470 339
3399 5878 1695177 1 1460 470 348
3422 5853 1695187 1 1460 470 376
3475 5853 1695197 1 1450 470 399
3595 5869 1695207 1 1450 470 391
3763 5947 1695217 1 1450 470 392
3964 6049 1695227 1 1450 470 392
4180 6168 1695237 1 1450 470 392
4366 6283 1695247 1 1450 470 392
4531 6392 1695257 1 1450 470 389
4645 6473 1695267 1 1450 470 398
4714 6537 1695277 1 1450 470 394
4753 6567 1695287 1 1450 470 394
4753 6576 1695297 1 1450 470 371
4714 6571 1695307 1 1450 470 369
4653 6549 1695317 1 1440 470 367
4571 6511 1695327 1 1440 470 371
4491 6463 1695337 1 1450 460 371
4433 6411 1695347 1 1450 460 371
4390 6367 1695357 1 1450 460 371
4371 6308 1695367 1 1450 460 371
4357 6236 1695377 1 1460 460 376
4348 6128 1695387 1 1460 460 382
4338 5965 1695397 1 1450 460 382
4315 5765 1695407 1 1460 470 384
4284 5565 1695417 1 1460 470 386
4236 5332 1695427 1 1450 470 389
4170 5076 1695437 1 1450 470 389
4093 4846 1695447 1 1450 470 393
3989 4660 1695457 1 1440 480 389
3848 4503 1695467 1 1440 480 409
3682 4368 1695477 1 1440 480 422
3470 4279 1695487 1 1430 490 440
3249 4221 1695497 1 1430 490 469
3022 4221 1695507 1 1420 490 483
2839 4263 1695517 1 1420 490 496
2692 4337 1695527 1 1410 500 498
2570 4454 1695537 1 1410 500 486
2513 4598 1695547 1 1410 500 455
2545 4761 1695557 1 1400 500 399
2635 4986 1695567 1 1400 500 257
5067 5783 1695708 0 1460 480 61
5185 5800 1695718 1 1460 480 63
5199 5825 1695728 1 1460 480 65
5230 5846 1695738 1 1480 470 68
5263 5886 1695748 1 1480 470 115
5284 5940 1695758 1 1480 470 202
5297 6000 1695768 1 1490 480 257
5297 6057 1695778 1 1490 480 279
5278 6109 1695788 1 1500 470 287
5250 6136 1695798 1 1510 470 276
5196 6146 1695808 1 1510 470 276
5111 6109 1695818 1 1500 480 281
5006 6019 1695828 1 1500 480 301
4900 5895 1695838 1 1500 480 342
4817 5760 1695848 1 1500 480 351
4748 5665 1695858 1 1500 480 356
4728 5598 1695868 1 1500 480 351
4756 5573 1695878 1 1490 480 358
4816 5584 1695888 1 1490 480 358
4930 5618 1695898 1 1490 480 335
5079 5706 1695908 1 1490 480 304
5250 5811 1695918 1 1480 480 292
5384 5928 1695928 1 1480 480 297
5467 6014 1695938 1 1480 480 306
5517 6046 1695948 1 1480 480 314
5517 6046 1695958 1 1480 480 349
5504 6025 1695968 1 1470 480 415
5472 5950 1695978 1 1470 480 442
5408 5838 1695988 1 1470 480 463
5349 5747 1695998 1 1470 480 463
5343 5690 1696008 1 1480 480 460
5369 5657 1696018 1 1480 480 460
5435 5643 1696028 1 1480 480 418
5542 5658 1696038 1 1480 480 287
6097 5790 1696229 0 1530 470 219
6078 5600 1696239 1 1530 470 335
6045 5593 1696249 1 1530 470 349
6045 5644 1696259 1 1520 480 348
6087 5661 1696269 1 1520 480 338
6154 5727 1696279 1 1520 480 314
6211 5827 1696289 1 1510 480 304
6303 5978 1696299 1 1510 480 302
6419 6129 1696309 1 1510 480 301
6515 6277 1696319 1 1510 480 297
6606 6442 1696329 1 1510 480 289
6693 6619 1696339 1 1510 480 286
6761 6765 1696349 1 1530 490 302
6795 6857 1696359 1 1530 490 324
6806 6914 1696369 1 1530 490 324
6793 6914 1696379 1 1530 490 324
6746 6868 1696389 1 1530 490 325
6676 6792 1696399 1 1530 490 334
6594 6688 1696409 1 1530 480 337
6517 6540 1696419 1 1530 480 342
6448 6362 1696429 1 1530 480 336
6398 6176 1696439 1 1540 470 344
6359 6011 1696449 1 1540 470 364
6352 5859 1696459 1 1540 470 376
6377 5772 1696469 1 1540 470 409
6423 5719 1696479 1 1530 480 425
6493 5689 1696489 1 1530 480 436
6589 5676 1696499 1 1530 490 441
6702 5685 1696509 1 1530 490 431
6812 5708 1696519 1 1530 490 405
6881 5745 1696529 1 1520 490 386
6922 5791 1696539 1 1520 490 329
6906 5842 1696549 1 1520 490 259
6828 5903 1696559 1 1520 490 203
6708 5964 1696569 1 1520 490 170
6567 6023 1696579 1 1520 490 170
6422 6077 1696589 1 1520 490 173
6275 6101 1696599 1 1520 490 171
6134 6107 1696609 1 1520 490 187
5999 6081 1696619 1 1520 490 171
5906 6051 1696629 1 1520 490 240
5838 6038 1696639 1 1530 490 320
5823 6038 1696649 1 1530 490 338
5832 6038 1696659 1 1530 490 368
5858 6059 1696669 1 1530 480 397
5944 6089 1696679 1 1530 480 415
6084 6148 1696689 1 1530 480 417
6259 6211 1696699 1 1540 470 417
6459 6278 1696709 1 1540 470 400
6653 6338 1696719 1 1540 470 291
6842 6374 1696729 1 1540 470 76
6883 5894 1696889 0 1550 470 221
6883 5894 1696899 1 1560 460 242
6988 5954 1696909 1 1560 460 253
7077 6004 1696919 1 1560 460 256
7186 6060 1696929 1 1560 460 242
7309 6126 1696939 1 1570 470 247
7410 6197 1696949 1 1570 480 255
7495 6256 1696959 1 1570 480 259
7546 6314 1696969 1 1570 480 260
7578 6370 1696979 1 1580 480 259
7573 6424 1696989 1 1580 480 254
7533 6473 1696999 1 1580 480 259
7469 6486 1697009 1 1580 480 265
7384 6476 1697019 1 1590 480 277
7293 6420 1697029 1 1590 480 289
7198 6336 1697040 1 1590 480 319
7134 6233 1697050 1 1590 480 346
7103 6134 1697060 1 1590 480 367
7093 6051 1697070 1 1590 480 396
7116 5978 1697080 1 1590 480 422
7177 5938 1697090 1 1590 480 453
7262 5932 1697100 1 1590 480 461
7402 5949 1697110 1 1590 480 463
7562 6008 1697120 1 1590 480 448
7736 6088 1697130 1 1590 480 422
7927 6183 1697140 1 1590 480 367
8098 6284 1697150 1 1590 480 315
8238 6385 1697160 1 1600 480 284
8363 6483 1697170 1 1600 480 274
8458 6579 1697180 1 1600 480 284
8490 6618 1697190 1 1600 480 277
8481 6611 1697200 1 1610 480 294
8406 6573 1697210 1 1610 480 322
8306 6499 1697220 1 1610 480 361
8190 6424 1697230 1 1610 480 382
8133 6350 1697240 1 1610 480 393
8125 6304 1697250 1 1610 480 420
8150 6275 1697260 1 1610 480 443
8259 6262 1697270 1 1620 490 461
8416 6257 1697280 1 1620 490 474
8605 6257 1697290 1 1620 500 480
8753 6236 1697300 1 1620 500 489
8835 6197 1697310 1 1620 500 512
8874 6146 1697320 1 1620 500 567
8874 6146 1697330 1 1620 490 570
8671 5987 1697340 1 1620 490 574
8472 5874 1697350 1 1610 480 569
8251 5771 1697360 1 1610 490 518
8088 5691 1697370 1 1610 490 312
