533
1653 6149 2546121 0 1330 520 29
1773 6284 2546131 1 1330 520 48
1837 6359 2546141 1 1340 520 80
1904 6438 2546151 1 1340 520 104
1973 6505 2546161 1 1340 520 106
2041 6567 2546171 1 1350 530 106
2108 6617 2546181 1 1350 530 94
2163 6655 2546191 1 1360 540 71
2211 6682 2546201 1 1350 540 44
1190 4383 2546381 0 1290 550 13
1123 4064 2546391 1 1280 540 49
1077 4019 2546401 1 1250 540 65
1055 3971 2546411 1 1240 530 47
1049 3948 2546421 1 1230 530 60
1072 3941 2546431 1 1220 530 91
1100 3954 2546441 1 1200 520 100
1153 3995 2546451 1 1180 530 127
1222 4056 2546461 1 1180 530 139
1309 4157 2546471 1 1160 520 144
1422 4292 2546481 1 1160 520 144
1553 4451 2546491 1 1160 530 146
1691 4600 2546501 1 1160 530 148
1818 4752 2546511 1 1160 530 146
1938 4911 2546521 1 1170 540 161
2074 5073 2546531 1 1170 540 170
2211 5214 2546541 1 1170 550 172
2334 5353 2546551 1 1190 540 172
2447 5464 2546561 1 1200 550 165
2543 5557 2546571 1 1200 550 148
2623 5617 2546581 1 1200 550 95
2692 5649 2546591 1 1210 560 51
1940 3945 2546732 0 1240 570 5
1873 3695 2546742 1 1240 570 22
1860 3617 2546752 1 1240 570 48
1867 3574 2546762 1 1230 580 61
1884 3557 2546772 1 1230 580 99
1917 3557 2546782 1 1230 580 122
1972 3572 2546792 1 1200 570 139
2041 3611 2546802 1 1200 570 156
2134 3667 2546812 1 1200 570 173
2229 3753 2546822 1 1200 570 170
2326 3856 2546832 1 1200 570 183
2424 3970 2546842 1 1200 570 200
2523 4086 2546852 1 1200 570 207
2623 4210 2546862 1 1190 580 215
2724 4339 2546872 1 1190 580 222
2801 4457 2546882 1 1190 580 211
2862 4569 2546892 1 1190 580 212
2917 4670 2546902 1 1190 580 214
2956 4775 2546912 1 1190 580 214
2984 4882 2546922 1 1190 580 218
2999 4990 2546932 1 1190 580 218
2999 5097 2546942 1 1200 570 211
2990 5219 2546952 1 1200 570 217
2967 5351 2546962 1 1200 570 203
2932 5500 2546972 1 1220 570 203
2888 5628 2546982 1 1220 570 203
2839 5743 2546992 1 1230 580 203
2789 5852 2547002 1 1230 580 203
2739 5936 2547012 1 1240 570 208
2698 6004 2547022 1 1240 570 208
2658 6040 2547032 1 1260 570 205
2623 6057 2547042 1 1260 570 205
2593 6062 2547052 1 1270 560 203
2563 6054 2547062 1 1290 560 200
2533 6023 2547072 1 1300 550 202
2502 5978 2547082 1 1300 550 205
2468 5891 2547092 1 1300 550 205
2431 5771 2547102 1 1310 550 210
2399 5628 2547112 1 1310 550 218
2367 5455 2547122 1 1310 550 209
2336 5258 2547132 1 1310 550 223
2308 5045 2547142 1 1310 550 240
2285 4822 2547152 1 1310 550 245
2272 4614 2547162 1 1300 550 259
2264 4415 2547172 1 1300 550 269
2264 4199 2547182 1 1290 550 275
2264 4000 2547192 1 1270 550 282
2272 3813 2547202 1 1270 550 273
2287 3633 2547212 1 1260 560 276
2309 3484 2547222 1 1250 560 277
2337 3356 2547232 1 1230 560 282
2373 3220 2547242 1 1220 570 289
2419 3107 2547252 1 1220 570 294
2477 3010 2547262 1 1200 570 294
2554 2937 2547272 1 1200 570 299
2642 2883 2547282 1 1200 570 302
2749 2842 2547292 1 1200 570 304
2860 2834 2547302 1 1190 580 309
2973 2850 2547312 1 1190 580 314
3113 2881 2547322 1 1190 580 317
3264 2936 2547332 1 1180 570 305
3423 3012 2547342 1 1180 570 307
3594 3101 2547352 1 1160 570 312
3771 3208 2547362 1 1160 570 315
3953 3322 2547372 1 1160 570 325
4141 3441 2547382 1 1160 570 332
4331 3556 2547392 1 1160 560 335
4512 3671 2547402 1 1140 570 339
4685 3786 2547412 1 1140 570 339
4851 3901 2547422 1 1140 570 339
4981 3993 2547432 1 1140 570 340
5088 4084 2547442 1 1140 570 342
5187 4175 2547452 1 1140 570 342
5261 4267 2547462 1 1140 570 344
5317 4358 2547472 1 1140 570 333
5343 4437 2547482 1 1140 570 348
5336 4512 2547492 1 1140 570 359
5308 4581 2547502 1 1150 580 368
5261 4650 2547512 1 1150 580 361
5194 4730 2547522 1 1150 580 373
5114 4817 2547532 1 1160 580 373
5030 4918 2547542 1 1170 580 353
4946 5026 2547552 1 1170 580 309
4862 5140 2547562 1 1170 580 244
4772 5277 2547572 1 1190 580 173
4677 5425 2547582 1 1190 580 76
4594 5581 2547592 1 1190 580 12
5151 7010 2547853 0 1280 500 103
5151 7010 2547863 1 1290 510 63
5151 7010 2547873 1 1290 510 17
5151 7010 2547883 1 1290 510 10
5151 7010 2547893 1 1300 520 6
5259 6998 2547903 1 1300 520 12
5313 7039 2547913 1 1310 520 22
5377 7082 2547923 1 1310 520 37
5449 7114 2547933 1 1310 520 54
5519 7163 2547943 1 1330 530 63
5588 7228 2547953 1 1330 530 51
5651 7256 2547963 1 1330 530 55
5703 7261 2547973 1 1330 530 56
5748 7250 2547983 1 1340 520 78
5778 7219 2547993 1 1350 530 98
5797 7156 2548003 1 1350 530 132
5809 7071 2548013 1 1350 530 141
5804 6945 2548023 1 1350 530 173
5787 6803 2548033 1 1360 540 185
5763 6650 2548043 1 1350 540 220
5734 6493 2548053 1 1350 540 233
5707 6316 2548063 1 1350 540 242
5686 6127 2548073 1 1340 540 252
5670 5930 2548083 1 1330 540 265
5663 5730 2548093 1 1330 540 280
5668 5527 2548103 1 1330 540 281
5681 5318 2548113 1 1310 550 291
5692 5114 2548123 1 1310 550 296
5704 4913 2548133 1 1300 550 301
5718 4711 2548143 1 1300 550 307
5732 4528 2548153 1 1290 560 312
5748 4359 2548163 1 1270 560 316
5763 4170 2548173 1 1260 570 309
5771 3999 2548183 1 1240 570 315
5771 3841 2548193 1 1230 560 317
5771 3698 2548203 1 1220 570 324
5771 3598 2548213 1 1200 570 332
5766 3527 2548223 1 1190 580 337
5760 3475 2548233 1 1190 580 344
5760 3454 2548243 1 1180 590 358
5760 3454 2548253 1 1180 590 372
5760 3454 2548263 1 1170 590 371
5751 3474 2548273 1 1170 590 374
5745 3505 2548283 1 1150 600 372
5738 3578 2548293 1 1150 600 374
5738 3687 2548303 1 1130 600 374
5747 3819 2548313 1 1130 600 371
5766 3966 2548323 1 1130 600 367
5791 4132 2548333 1 1130 600 358
5818 4312 2548343 1 1140 610 340
5845 4510 2548353 1 1140 610 307
5872 4707 2548363 1 1140 610 291
5892 4912 2548373 1 1140 610 280
5907 5122 2548383 1 1140 610 267
5915 5326 2548393 1 1170 610 269
5915 5530 2548403 1 1170 610 270
5915 5734 2548413 1 1170 610 285
5920 5934 2548423 1 1170 610 289
5929 6126 2548433 1 1190 610 301
5948 6306 2548443 1 1220 610 304
5989 6492 2548453 1 1220 610 302
6044 6662 2548463 1 1220 610 301
6113 6818 2548473 1 1230 610 302
6186 6972 2548483 1 1230 610 297
6269 7097 2548493 1 1250 600 294
6350 7204 2548503 1 1260 600 291
6430 7300 2548513 1 1280 590 286
6512 7383 2548523 1 1280 590 284
6596 7458 2548533 1 1290 590 284
6690 7531 2548543 1 1290 590 282
6795 7592 2548553 1 1310 580 281
6905 7646 2548563 1 1310 580 286
7012 7695 2548573 1 1310 580 286
7113 7740 2548583 1 1320 580 287
7219 7768 2548593 1 1320 580 286
7325 7785 2548603 1 1320 580 286
7413 7790 2548613 1 1320 580 287
7487 7775 2548623 1 1320 580 291
7540 7746 2548633 1 1320 580 294
7575 7700 2548643 1 1320 580 301
7597 7630 2548653 1 1320 580 316
7597 7544 2548663 1 1320 580 312
7581 7432 2548673 1 1340 580 320
7550 7303 2548683 1 1340 580 329
7497 7162 2548693 1 1340 580 337
7428 7017 2548703 1 1350 580 345
7348 6868 2548713 1 1350 580 346
7254 6717 2548723 1 1350 580 358
7160 6584 2548733 1 1350 580 369
7067 6465 2548743 1 1360 580 361
6984 6355 2548753 1 1360 580 367
6904 6268 2548763 1 1360 580 366
6830 6206 2548773 1 1360 580 366
6758 6162 2548783 1 1360 580 371
6702 6137 2548793 1 1360 580 372
6656 6137 2548803 1 1360 580 377
6623 6142 2548813 1 1360 580 374
6594 6161 2548823 1 1360 580 371
6572 6202 2548833 1 1360 580 367
6566 6258 2548843 1 1340 580 362
6571 6336 2548853 1 1340 580 373
6599 6428 2548863 1 1340 580 369
6633 6530 2548873 1 1340 580 369
6686 6617 2548883 1 1320 580 363
6750 6699 2548893 1 1320 580 361
6832 6771 2548903 1 1320 580 358
6915 6835 2548913 1 1320 580 351
6998 6895 2548923 1 1320 580 349
7085 6951 2548933 1 1320 580 349
7172 6989 2548943 1 1320 580 344
7259 7015 2548953 1 1320 580 343
7350 7030 2548963 1 1320 580 344
7428 7030 2548973 1 1340 570 339
7496 7010 2548983 1 1350 580 338
7553 6970 2548993 1 1350 580 333
7595 6896 2549003 1 1350 580 344
7626 6800 2549013 1 1350 580 337
7635 6689 2549023 1 1350 580 335
7615 6550 2549033 1 1380 580 327
7576 6392 2549043 1 1380 580 324
7523 6222 2549053 1 1380 580 320
7459 6056 2549063 1 1380 580 314
7388 5893 2549073 1 1380 580 312
7319 5737 2549083 1 1380 580 305
7252 5608 2549093 1 1360 580 314
7190 5498 2549103 1 1360 580 314
7136 5391 2549113 1 1360 580 312
7088 5304 2549123 1 1340 580 312
7064 5230 2549133 1 1340 580 312
7055 5186 2549143 1 1320 590 312
7055 5161 2549153 1 1320 590 316
7077 5149 2549163 1 1310 600 317
7107 5149 2549173 1 1310 600 309
7155 5168 2549183 1 1310 600 314
7227 5201 2549193 1 1310 600 317
7316 5263 2549203 1 1290 600 325
7417 5347 2549213 1 1290 600 329
7520 5445 2549223 1 1290 600 334
7624 5533 2549233 1 1280 610 334
7730 5616 2549243 1 1280 610 332
7836 5689 2549253 1 1280 610 329
7920 5739 2549263 1 1280 610 327
7990 5775 2549273 1 1280 610 314
8030 5786 2549283 1 1280 610 316
8045 5769 2549293 1 1280 610 312
8045 5734 2549303 1 1290 610 312
8017 5666 2549313 1 1270 620 309
7960 5560 2549323 1 1270 620 299
7882 5429 2549333 1 1270 620 292
7772 5259 2549343 1 1270 620 292
7658 5087 2549353 1 1270 620 294
7541 4911 2549363 1 1270 620 294
7424 4732 2549373 1 1290 630 302
7309 4551 2549383 1 1290 630 304
7201 4380 2549393 1 1290 630 320
7129 4214 2549403 1 1290 630 332
7078 4091 2549413 1 1290 630 332
7069 3996 2549423 1 1300 620 334
7086 3929 2549433 1 1300 620 334
7120 3891 2549443 1 1300 620 334
7177 3873 2549453 1 1300 620 337
7257 3884 2549463 1 1290 610 339
7351 3926 2549473 1 1290 610 334
7459 3990 2549483 1 1290 610 339
7570 4087 2549493 1 1290 610 348
7687 4212 2549503 1 1280 610 349
7806 4356 2549513 1 1280 610 351
7931 4510 2549523 1 1280 610 351
8028 4662 2549533 1 1280 610 346
8107 4825 2549543 1 1280 610 342
8176 4998 2549553 1 1290 610 312
8223 5162 2549563 1 1290 610 306
8254 5325 2549573 1 1290 610 291
8261 5480 2549583 1 1290 610 287
8246 5630 2549593 1 1290 610 270
8215 5754 2549603 1 1290 610 250
8168 5879 2549613 1 1290 610 254
8115 6005 2549623 1 1290 610 249
8057 6105 2549633 1 1300 620 253
8000 6186 2549643 1 1300 620 254
7942 6255 2549653 1 1320 610 245
7884 6297 2549663 1 1320 610 249
7829 6315 2549673 1 1340 610 252
7778 6315 2549683 1 1340 610 255
7733 6295 2549693 1 1350 600 257
7693 6249 2549703 1 1350 600 255
7657 6187 2549713 1 1350 590 257
7626 6104 2549723 1 1350 590 260
7599 5989 2549733 1 1350 590 267
7574 5853 2549743 1 1360 580 274
7553 5696 2549753 1 1360 580 285
7538 5538 2549763 1 1360 580 287
7525 5345 2549773 1 1360 570 301
7514 5130 2549783 1 1360 570 314
7507 4907 2549793 1 1350 580 307
7507 4676 2549803 1 1350 580 317
7507 4439 2549813 1 1350 580 324
7507 4177 2549823 1 1320 580 329
7514 3914 2549833 1 1320 580 332
7520 3652 2549843 1 1310 580 339
7525 3391 2549853 1 1310 580 336
7525 3108 2549863 1 1290 590 349
7531 2825 2549873 1 1280 590 356
7531 2543 2549883 1 1280 590 373
7538 2293 2549893 1 1260 600 372
7550 2063 2549903 1 1250 600 382
7575 1850 2549913 1 1230 610 387
7609 1671 2549923 1 1220 610 399
7655 1515 2549933 1 1210 630 389
7704 1399 2549943 1 1190 630 394
7754 1304 2549953 1 1170 630 397
7805 1222 2549963 1 1140 640 396
7855 1154 2549973 1 1120 640 397
7903 1113 2549983 1 1100 660 402
7940 1090 2549993 1 1060 660 409
7969 1090 2550003 1 1040 660 415
8003 1118 2550013 1 1020 670 422
8039 1170 2550023 1 1000 680 418
8079 1277 2550033 1 970 680 433
8128 1423 2550043 1 950 680 444
8185 1594 2550053 1 950 680 439
8252 1810 2550063 1 950 680 445
8332 2043 2550073 1 950 680 442
8420 2287 2550083 1 950 680 442
8507 2543 2550093 1 950 680 439
8590 2810 2550103 1 950 680 449
8670 3084 2550113 1 970 680 448
8757 3380 2550123 1 1000 680 444
8846 3676 2550133 1 1020 680 443
8938 3977 2550143 1 1050 670 446
9031 4295 2550153 1 1070 670 444
9120 4621 2550163 1 1090 670 443
9216 4944 2550173 1 1100 660 446
9319 5247 2550183 1 1130 650 444
9432 5536 2550193 1 1150 650 444
9544 5797 2550203 1 1170 650 443
9654 6056 2550213 1 1170 650 443
9776 6304 2550223 1 1190 640 441
9902 6546 2550233 1 1190 640 430
10034 6759 2550243 1 1200 640 420
10147 6972 2550253 1 1200 640 423
10248 7147 2550263 1 1220 630 410
10341 7298 2550273 1 1240 630 394
10421 7434 2550283 1 1240 630 399
10492 7538 2550293 1 1260 620 396
10543 7622 2550303 1 1260 620 393
10583 7685 2550313 1 1270 620 381
10615 7742 2550323 1 1270 620 369
10640 7788 2550333 1 1270 620 369
10656 7825 2550343 1 1290 610 351
10667 7854 2550353 1 1290 610 333
10662 7873 2550363 1 1290 610 329
10646 7885 2550373 1 1310 610 309
10622 7895 2550383 1 1320 610 306
10589 7901 2550393 1 1320 610 296
10552 7901 2550403 1 1320 610 292
10511 7907 2550413 1 1320 610 289
10469 7913 2550423 1 1320 610 292
10429 7919 2550433 1 1320 610 294
10394 7919 2550443 1 1320 610 296
10359 7910 2550453 1 1320 610 296
10328 7888 2550463 1 1320 610 294
10294 7844 2550473 1 1320 610 294
10253 7774 2550483 1 1320 610 296
10206 7688 2550493 1 1320 610 296
10153 7583 2550503 1 1320 610 306
10093 7453 2550513 1 1340 610 304
10028 7306 2550523 1 1340 610 325
9950 7138 2550533 1 1340 610 340
9865 6938 2550543 1 1340 610 344
9774 6716 2550553 1 1340 610 369
9687 6491 2550563 1 1340 610 374
9594 6236 2550573 1 1350 600 398
9498 5962 2550583 1 1340 610 400
9402 5701 2550593 1 1340 610 413
9310 5471 2550603 1 1340 610 418
9237 5263 2550613 1 1320 610 423
9176 5075 2550623 1 1320 610 422
9131 4912 2550633 1 1320 610 425
9092 4767 2550643 1 1300 620 415
9063 4668 2550653 1 1300 620 415
9044 4592 2550663 1 1290 630 417
9032 4532 2550673 1 1290 630 420
9032 4494 2550683 1 1270 630 420
9032 4475 2550693 1 1270 630 433
9042 4469 2550703 1 1250 640 442
9068 4484 2550713 1 1250 640 461
9105 4533 2550723 1 1240 640 465
9172 4604 2550733 1 1240 640 473
9264 4721 2550743 1 1220 650 481
9373 4876 2550753 1 1220 650 488
9506 5057 2550763 1 1220 650 486
9642 5241 2550773 1 1220 650 488
9786 5433 2550783 1 1220 650 488
9936 5631 2550793 1 1220 650 486
10081 5819 2550803 1 1220 650 488
10214 6003 2550813 1 1220 650 490
10341 6185 2550823 1 1220 650 488
10470 6352 2550833 1 1220 650 486
10580 6516 2550843 1 1200 640 473
10678 6653 2550853 1 1220 630 463
10755 6772 2550863 1 1220 630 441
10811 6881 2550873 1 1220 630 405
10854 6965 2550883 1 1240 630 361
10872 7033 2550893 1 1250 640 335
10872 7075 2550903 1 1270 630 307
10852 7102 2550913 1 1270 630 279
10818 7120 2550923 1 1290 630 274
10775 7120 2550933 1 1290 630 276
10727 7120 2550943 1 1290 630 281
10677 7105 2550953 1 1300 620 287
10630 7087 2550963 1 1300 620 296
10589 7055 2550973 1 1300 620 307
10555 7012 2550983 1 1320 610 316
10527 6959 2550993 1 1320 610 310
10507 6899 2551003 1 1320 610 315
10492 6827 2551013 1 1350 620 325
10486 6749 2551023 1 1350 620 334
10486 6669 2551033 1 1350 620 333
10486 6570 2551043 1 1350 620 351
10495 6450 2551053 1 1350 620 368
10502 6317 2551063 1 1350 620 372
10511 6172 2551073 1 1350 620 396
10521 6025 2551083 1 1350 620 404
10535 5858 2551093 1 1350 620 414
10552 5678 2551103 1 1330 620 431
10578 5518 2551113 1 1330 620 443
10608 5348 2551123 1 1330 620 440
10638 5171 2551133 1 1320 630 440
10672 5001 2551143 1 1320 630 443
10707 4827 2551153 1 1300 630 447
10744 4657 2551163 1 1300 630 455
10781 4491 2551173 1 1290 640 463
10813 4312 2551183 1 1290 640 469
10843 4125 2551193 1 1290 640 464
10868 3933 2551203 1 1270 640 477
10890 3736 2551213 1 1270 640 485
10911 3574 2551223 1 1250 650 493
10935 3435 2551233 1 1230 650 489
10958 3318 2551243 1 1240 660 488
10981 3229 2551253 1 1220 670 489
11002 3160 2551263 1 1220 670 492
11022 3129 2551273 1 1200 670 496
11031 3122 2551283 1 1200 670 490
11031 3131 2551293 1 1200 670 485
11031 3151 2551303 1 1220 680 469
11022 3199 2551313 1 1220 680 430
10992 3266 2551323 1 1220 680 363
10949 3324 2551333 1 1190 680 287
10890 3377 2551343 1 1190 680 183
10821 3421 2551353 1 1190 680 83
10276 3919 2551408 0 1250 700 15
10206 4022 2551418 1 1270 690 42
10174 4053 2551428 1 1270 690 50
10142 4069 2551438 1 1270 690 89
10108 4075 2551448 1 1290 680 107
10074 4058 2551458 1 1290 680 149
10038 4010 2551468 1 1290 680 190
10000 3942 2551478 1 1290 680 214
9951 3845 2551488 1 1310 680 241
9898 3733 2551498 1 1310 680 269
9842 3612 2551508 1 1310 680 285
9792 3502 2551518 1 1310 680 279
9745 3405 2551528 1 1310 680 284
9715 3317 2551538 1 1310 680 286
9696 3246 2551548 1 1290 680 282
9696 3207 2551558 1 1290 680 276
9710 3190 2551568 1 1290 680 284
9733 3190 2551578 1 1290 680 274
9769 3201 2551588 1 1250 680 267
9809 3225 2551598 1 1250 680 257
9853 3260 2551608 1 1250 680 241
9898 3298 2551618 1 1250 680 228
9946 3337 2551628 1 1250 680 208
9994 3382 2551638 1 1230 690 178
10040 3426 2551648 1 1230 690 172
10085 3481 2551658 1 1230 690 139
10137 3545 2551668 1 1230 690 132
10193 3615 2551678 1 1250 700 107
10254 3691 2551688 1 1250 700 108
10322 3770 2551698 1 1250 700 99
10395 3845 2551708 1 1250 700 91
10470 3916 2551718 1 1250 700 93
10543 3981 2551728 1 1270 690 94
10612 4043 2551738 1 1290 700 98
10680 4104 2551748 1 1290 700 108
10754 4169 2551758 1 1290 700 105
10835 4236 2551768 1 1290 700 130
10928 4310 2551779 1 1310 710 134
11032 4383 2551789 1 1310 710 153
11134 4455 2551799 1 1310 710 173
11233 4520 2551809 1 1310 710 176
11331 4579 2551819 1 1310 710 198
11429 4628 2551829 1 1330 700 218
11520 4667 2551839 1 1330 700 228
11607 4699 2551849 1 1330 700 249
11678 4713 2551859 1 1310 710 279
11736 4713 2551869 1 1330 710 314
11785 4708 2551879 1 1330 710 336
11820 4685 2551889 1 1330 710 372
11849 4652 2551899 1 1330 710 405
11875 4613 2551909 1 1330 710 430
11897 4573 2551919 1 1330 710 448
11919 4531 2551929 1 1330 710 468
11941 4497 2551939 1 1330 710 473
11964 4467 2551949 1 1330 710 478
11988 4446 2551959 1 1330 710 483
12011 4430 2551969 1 1330 710 485
12027 4417 2551979 1 1330 710 483
12037 4409 2551989 1 1350 720 483
12044 4409 2551999 1 1350 720 483
12044 4409 2552009 1 1350 720 473
12044 4409 2552019 1 1350 720 443
12044 4409 2552029 1 1350 720 344
12038 4404 2552039 1 1350 720 148
