396
2738 3923 52953142 0 1320 470 129
2818 3876 52953152 1 1320 470 195
2789 3904 52953162 1 1330 470 207
2777 3904 52953172 1 1330 470 213
2777 3888 52953182 1 1340 480 217
2758 3857 52953192 1 1350 470 240
2731 3825 52953202 1 1350 470 287
2698 3791 52953212 1 1360 480 322
2645 3764 52953222 1 1360 480 344
2595 3742 52953232 1 1370 480 384
2551 3728 52953242 1 1370 480 420
2514 3733 52953252 1 1380 490 449
2480 3751 52953262 1 1380 490 463
2453 3779 52953272 1 1380 490 465
2446 3811 52953282 1 1380 490 465
2446 3847 52953292 1 1390 480 467
2480 3899 52953302 1 1390 480 468
2572 3981 52953312 1 1390 480 470
2705 4082 52953322 1 1390 480 475
2854 4192 52953332 1 1390 480 477
3025 4300 52953342 1 1390 480 478
3211 4404 52953352 1 1390 480 481
3367 4475 52953362 1 1390 480 483
3507 4524 52953372 1 1390 480 488
3637 4549 52953382 1 1390 480 488
3764 4569 52953392 1 1410 490 492
3859 4569 52953402 1 1410 490 491
3933 4555 52953412 1 1410 490 496
3973 4524 52953422 1 1410 490 502
3973 4468 52953432 1 1410 490 510
3957 4395 52953442 1 1420 490 510
3898 4288 52953452 1 1420 490 512
3807 4178 52953462 1 1420 490 509
3694 4063 52953472 1 1430 500 507
3536 3926 52953482 1 1430 500 509
3383 3775 52953492 1 1430 500 514
3232 3640 52953502 1 1430 500 515
3151 3563 52953512 1 1430 500 512
3144 3526 52953522 1 1440 500 516
3186 3498 52953532 1 1440 500 519
3284 3477 52953542 1 1440 500 519
3405 3462 52953552 1 1440 500 522
3541 3462 52953562 1 1430 510 522
3677 3462 52953572 1 1440 510 521
3787 3462 52953582 1 1440 510 519
3879 3448 52953592 1 1440 510 522
3947 3434 52953602 1 1430 520 522
3989 3413 52953612 1 1430 520 524
4013 3386 52953622 1 1430 520 526
4005 3330 52953632 1 1430 520 532
3949 3256 52953642 1 1430 530 532
3861 3145 52953652 1 1430 530 541
3725 3028 52953662 1 1430 530 563
3598 2916 52953672 1 1430 530 599
3478 2810 52953682 1 1430 530 613
3416 2731 52953692 1 1450 540 603
3392 2689 52953702 1 1450 540 602
3392 2671 52953712 1 1450 540 605
3412 2671 52953722 1 1450 540 609
3495 2666 52953732 1 1450 540 619
3622 2666 52953742 1 1450 540 613
3784 2683 52953752 1 1460 540 625
3912 2694 52953762 1 1450 550 616
4017 2701 52953772 1 1450 550 619
4072 2682 52953782 1 1450 550 617
4103 2658 52953792 1 1450 550 630
4119 2626 52953802 1 1450 550 647
4126 2590 52953812 1 1450 550 655
4126 2554 52953822 1 1450 550 670
4121 2514 52953832 1 1440 560 666
4113 2470 52953842 1 1450 560 673
4088 2409 52953852 1 1450 560 679
4052 2339 52953862 1 1450 560 688
4009 2267 52953872 1 1450 560 690
3967 2197 52953882 1 1470 560 705
3926 2129 52953892 1 1470 560 710
3880 2048 52953902 1 1480 560 713
3820 1936 52953912 1 1480 560 705
3751 1803 52953922 1 1480 570 684
3656 1657 52953932 1 1480 570 616
3593 1562 52953942 1 1470 580 486
4909 3068 52954534 0 1340 460 280
4916 2962 52954544 1 1330 450 249
4896 2991 52954554 1 1330 450 257
4847 2991 52954564 1 1350 450 257
4838 2998 52954574 1 1350 450 272
4850 2998 52954584 1 1350 450 284
4859 3043 52954594 1 1360 460 301
4893 3112 52954604 1 1350 460 327
4944 3209 52954614 1 1350 460 349
5009 3317 52954624 1 1360 470 372
5094 3432 52954634 1 1360 470 396
5193 3534 52954644 1 1370 470 428
5312 3637 52954654 1 1370 470 450
5432 3748 52954664 1 1380 480 463
5551 3865 52954674 1 1380 480 465
5654 3950 52954684 1 1390 480 469
5746 4007 52954694 1 1400 480 474
5818 4046 52954704 1 1420 480 464
5875 4076 52954714 1 1420 480 473
5921 4104 52954724 1 1430 490 478
5967 4129 52954734 1 1440 480 478
6000 4134 52954744 1 1440 480 478
6023 4128 52954754 1 1450 480 478
6030 4103 52954764 1 1450 480 485
6021 4050 52954774 1 1460 490 490
6000 3979 52954784 1 1470 480 495
5954 3873 52954794 1 1470 480 491
5895 3756 52954804 1 1470 480 496
5826 3631 52954814 1 1480 480 488
5760 3540 52954824 1 1480 480 489
5701 3455 52954834 1 1480 480 489
5645 3375 52954844 1 1480 480 491
5588 3306 52954854 1 1480 480 494
5539 3261 52954864 1 1470 490 489
5495 3232 52954874 1 1470 490 491
5462 3220 52954884 1 1470 490 492
5436 3213 52954894 1 1470 490 494
5414 3213 52954904 1 1470 490 488
5390 3202 52954914 1 1460 500 488
5366 3194 52954924 1 1450 500 488
5347 3184 52954934 1 1450 500 489
5331 3179 52954944 1 1440 500 497
5331 3179 52954954 1 1440 500 501
5331 3179 52954964 1 1430 500 496
5336 3179 52954974 1 1430 500 499
5347 3173 52954984 1 1430 500 520
5388 3151 52954994 1 1430 500 521
5447 3127 52955004 1 1430 500 526
5515 3099 52955014 1 1420 490 537
5586 3072 52955024 1 1420 490 537
5662 3058 52955034 1 1420 490 545
5755 3051 52955044 1 1430 500 557
5859 3069 52955054 1 1430 500 568
5965 3112 52955064 1 1430 500 570
6094 3173 52955074 1 1440 500 570
6238 3245 52955084 1 1440 500 561
6380 3322 52955094 1 1440 500 567
6487 3403 52955104 1 1450 510 567
6570 3469 52955114 1 1450 510 574
6614 3514 52955124 1 1450 510 583
6634 3545 52955134 1 1470 510 591
6639 3571 52955144 1 1470 510 589
6630 3596 52955154 1 1470 510 589
6605 3618 52955164 1 1480 510 591
6569 3637 52955174 1 1480 510 589
6507 3649 52955184 1 1490 520 591
6428 3649 52955194 1 1490 520 588
6338 3637 52955204 1 1490 520 591
6250 3614 52955214 1 1490 520 586
6166 3581 52955224 1 1490 520 594
6100 3544 52955234 1 1490 520 594
6043 3489 52955244 1 1500 510 599
5995 3424 52955254 1 1500 510 600
5948 3338 52955264 1 1500 510 600
5890 3235 52955274 1 1500 510 605
5825 3121 52955284 1 1500 510 605
5751 3000 52955294 1 1500 510 613
5681 2876 52955304 1 1500 510 614
5620 2741 52955314 1 1490 510 617
5567 2599 52955324 1 1480 510 613
5520 2484 52955334 1 1480 510 617
5481 2384 52955344 1 1480 510 628
5456 2293 52955354 1 1480 510 633
5440 2226 52955364 1 1480 510 639
5426 2176 52955374 1 1470 510 641
5411 2138 52955384 1 1470 510 639
5386 2095 52955394 1 1470 510 644
5356 2057 52955404 1 1470 510 642
5334 2022 52955414 1 1470 510 645
5318 1998 52955424 1 1470 510 647
5310 1987 52955434 1 1470 510 647
5310 1987 52955444 1 1470 510 640
5310 1987 52955454 1 1470 510 641
5310 1982 52955464 1 1470 510 649
5303 1976 52955474 1 1470 510 655
5296 1968 52955484 1 1480 510 656
5285 1960 52955494 1 1480 510 661
5276 1954 52955504 1 1480 510 664
5271 1954 52955514 1 1480 510 667
5266 1942 52955524 1 1480 510 667
5250 1929 52955534 1 1480 510 664
5228 1906 52955544 1 1480 510 661
5210 1876 52955554 1 1480 510 665
5195 1849 52955564 1 1480 510 664
5187 1825 52955574 1 1470 510 665
5187 1818 52955584 1 1470 510 668
5187 1812 52955594 1 1470 510 671
5195 1812 52955604 1 1470 510 663
5202 1799 52955614 1 1470 510 667
5211 1788 52955624 1 1470 510 669
5222 1772 52955634 1 1470 510 672
5234 1754 52955644 1 1470 510 673
5243 1738 52955654 1 1470 510 676
5250 1728 52955664 1 1470 510 681
5255 1721 52955674 1 1460 520 690
5261 1706 52955684 1 1470 520 700
5278 1690 52955694 1 1460 530 694
5302 1670 52955704 1 1450 540 697
5323 1650 52955714 1 1440 540 699
5334 1639 52955724 1 1430 550 703
5334 1634 52955734 1 1410 560 711
5334 1634 52955744 1 1400 560 719
5334 1634 52955754 1 1390 570 724
5334 1634 52955764 1 1360 580 731
5334 1634 52955774 1 1350 590 730
5334 1634 52955784 1 1340 600 730
5339 1634 52955794 1 1320 600 731
5339 1634 52955804 1 1310 610 730
5344 1634 52955814 1 1290 610 731
5344 1627 52955824 1 1270 620 733
5344 1627 52955834 1 1260 620 733
5344 1627 52955844 1 1260 620 733
5344 1627 52955854 1 1240 630 720
5344 1622 52955864 1 1240 630 721
5344 1622 52955874 1 1240 630 721
5344 1622 52955884 1 1240 630 725
5344 1622 52955894 1 1240 630 725
5344 1622 52955904 1 1240 630 727
5344 1622 52955914 1 1240 630 728
5344 1622 52955924 1 1240 630 728
5344 1622 52955934 1 1240 630 727
5344 1622 52955944 1 1240 630 725
5344 1622 52955954 1 1240 630 727
5350 1622 52955964 1 1240 630 725
5350 1610 52955974 1 1240 630 728
5358 1599 52955984 1 1240 630 728
5366 1591 52955994 1 1240 630 728
5366 1585 52956004 1 1240 630 731
5366 1577 52956014 1 1240 630 736
5374 1570 52956024 1 1240 630 739
5381 1562 52956034 1 1240 630 746
5395 1542 52956044 1 1240 630 755
5415 1514 52956054 1 1240 630 750
5440 1492 52956064 1 1240 630 760
5466 1475 52956074 1 1240 630 770
5497 1461 52956084 1 1240 630 780
5533 1449 52956094 1 1240 630 794
5578 1444 52956104 1 1240 630 787
5627 1444 52956114 1 1240 630 793
5678 1451 52956124 1 1240 630 793
5724 1468 52956134 1 1240 630 794
5768 1491 52956144 1 1250 640 797
5818 1532 52956154 1 1240 640 799
5870 1578 52956164 1 1240 640 797
5927 1628 52956174 1 1250 650 797
5986 1682 52956184 1 1250 650 797
6044 1739 52956186 1 1270 640 802
6044 1739 52956196 1 1290 640 803
6159 1847 52956206 1 1320 640 806
6207 1891 52956216 1 1330 630 806
6266 1927 52956226 1 1370 620 808
6321 1961 52956236 1 1380 610 811
6373 1993 52956246 1 1410 610 811
6414 2022 52956256 1 1420 610 812
6436 2045 52956266 1 1440 600 818
6445 2062 52956276 1 1460 600 823
6445 2076 52956286 1 1470 590 824
6445 2106 52956296 1 1490 580 823
6439 2146 52956306 1 1500 570 823
6422 2202 52956316 1 1510 560 818
6386 2266 52956326 1 1520 560 809
6338 2336 52956336 1 1530 550 806
6271 2401 52956346 1 1530 550 806
6205 2436 52956356 1 1530 550 799
6162 2452 52956366 1 1530 550 791
6133 2444 52956376 1 1530 550 787
6087 2404 52956386 1 1530 540 787
6040 2343 52956396 1 1520 540 787
5993 2240 52956406 1 1520 540 788
5976 2132 52956416 1 1520 540 797
5992 2022 52956426 1 1520 540 808
6029 1913 52956436 1 1510 530 832
6103 1819 52956446 1 1500 540 828
6195 1747 52956456 1 1490 550 852
6298 1689 52956466 1 1480 560 860
6410 1642 52956476 1 1470 560 876
6517 1614 52956486 1 1470 580 887
6644 1599 52956496 1 1460 580 882
6785 1599 52956506 1 1450 590 812
6966 1612 52956516 1 1450 600 404
7328 2703 52957358 0 1400 500 15
7328 2703 52957368 1 1410 490 94
7328 2703 52957378 1 1410 490 180
7328 2703 52957388 1 1420 490 272
7328 2703 52957398 1 1420 490 322
7328 2703 52957408 1 1420 490 353
7328 2703 52957418 1 1420 490 371
7328 2703 52957428 1 1420 490 394
7328 2703 52957438 1 1420 490 415
7328 2703 52957448 1 1420 490 440
7361 2786 52957458 1 1420 490 442
7381 2823 52957468 1 1420 490 452
7399 2859 52957478 1 1420 490 455
7415 2903 52957488 1 1420 490 456
7430 2953 52957498 1 1430 490 463
7443 3006 52957508 1 1430 490 465
7443 3065 52957518 1 1430 490 467
7450 3129 52957528 1 1430 490 480
7450 3203 52957538 1 1440 480 496
7437 3275 52957548 1 1440 480 509
7444 3343 52957558 1 1440 480 532
7453 3379 52957568 1 1440 480 546
7466 3395 52957578 1 1440 480 536
7483 3395 52957588 1 1450 470 546
7509 3383 52957598 1 1450 470 562
7545 3362 52957608 1 1450 470 570
7586 3341 52957618 1 1450 470 588
7663 3341 52957628 1 1450 470 609
7765 3356 52957638 1 1450 470 616
7930 3406 52957648 1 1450 470 622
8106 3463 52957658 1 1460 480 630
8288 3525 52957668 1 1460 480 647
8512 3559 52957678 1 1460 480 641
8694 3575 52957688 1 1460 480 637
8847 3575 52957698 1 1470 480 638
8961 3582 52957708 1 1470 480 647
9036 3582 52957718 1 1480 480 649
9084 3597 52957728 1 1490 490 647
9134 3615 52957738 1 1490 490 649
9166 3628 52957748 1 1510 490 650
9187 3636 52957758 1 1520 490 647
9187 3636 52957768 1 1520 490 636
9161 3609 52957778 1 1530 500 645
9118 3568 52957788 1 1540 500 641
9051 3498 52957798 1 1550 500 639
8984 3428 52957808 1 1550 500 644
8917 3366 52957818 1 1550 500 642
8862 3311 52957828 1 1550 500 645
8803 3243 52957838 1 1550 500 645
8741 3172 52957848 1 1550 500 644
8668 3094 52957858 1 1550 500 647
8578 2999 52957868 1 1550 500 647
8476 2894 52957878 1 1550 500 645
8359 2780 52957888 1 1550 500 647
8242 2666 52957898 1 1550 500 645
8146 2583 52957908 1 1550 500 645
8064 2522 52957918 1 1550 500 647
8014 2479 52957928 1 1550 500 647
7993 2457 52957938 1 1550 500 645
7993 2448 52957948 1 1540 500 647
7993 2448 52957958 1 1540 500 647
8023 2438 52957968 1 1540 500 637
8068 2430 52957978 1 1540 500 637
8127 2425 52957988 1 1540 500 641
8204 2425 52957998 1 1540 500 646
8292 2420 52958008 1 1540 500 646
8398 2420 52958018 1 1530 510 650
8504 2427 52958028 1 1530 510 656
8611 2432 52958038 1 1550 510 655
8707 2432 52958048 1 1550 510 655
8795 2427 52958058 1 1550 510 659
8863 2410 52958068 1 1550 510 652
8902 2386 52958078 1 1560 510 652
8921 2357 52958088 1 1560 510 655
8916 2320 52958098 1 1560 510 658
8888 2279 52958108 1 1570 520 662
8844 2231 52958118 1 1570 520 667
8776 2180 52958128 1 1570 520 665
8687 2125 52958138 1 1570 520 667
8585 2069 52958148 1 1570 520 667
8469 2009 52958158 1 1570 520 659
8345 1943 52958168 1 1570 520 659
8215 1873 52958178 1 1570 520 661
8114 1819 52958188 1 1570 520 658
8046 1777 52958198 1 1580 510 658
8001 1757 52958208 1 1580 510 659
7993 1750 52958218 1 1580 510 655
7993 1750 52958228 1 1580 510 659
7993 1750 52958238 1 1570 510 659
8031 1750 52958248 1 1570 510 661
8085 1750 52958258 1 1570 510 664
8165 1755 52958268 1 1550 500 673
8268 1765 52958278 1 1550 500 666
8386 1771 52958288 1 1550 500 673
8514 1779 52958298 1 1550 500 676
8639 1788 52958308 1 1570 510 681
8763 1794 52958318 1 1570 510 688
8887 1786 52958328 1 1570 510 693
8993 1769 52958338 1 1580 510 697
9054 1750 52958348 1 1580 510 694
9085 1732 52958358 1 1580 510 700
9093 1713 52958368 1 1580 520 713
9093 1698 52958378 1 1580 520 722
9084 1685 52958388 1 1600 520 727
9064 1671 52958398 1 1590 530 728
9037 1656 52958408 1 1600 540 728
9006 1648 52958418 1 1590 550 722
8987 1648 52958428 1 1600 560 730
8982 1648 52958438 1 1600 560 730
8987 1648 52958448 1 1590 570 737
8993 1648 52958458 1 1580 580 739
9001 1653 52958468 1 1570 590 762
9076 1663 52958478 1 1590 590 774
9195 1707 52958488 1 1590 590 774
9373 1763 52958498 1 1590 590 662
