345
3800 5113 2506614 0 1420 470 289
3962 5166 2506624 1 1400 470 296
3954 5272 2506634 1 1400 470 345
3943 5315 2506644 1 1390 470 396
3930 5331 2506654 1 1390 470 453
3930 5331 2506664 1 1390 470 529
3923 5331 2506674 1 1390 470 574
3905 5331 2506684 1 1390 470 585
3877 5320 2506694 1 1390 470 595
3758 5231 2506704 1 1400 470 588
3569 5088 2506714 1 1400 470 589
3334 4854 2506724 1 1400 470 570
3099 4604 2506734 1 1400 470 478
2959 4344 2506744 1 1400 470 244
3563 3574 2507205 0 1330 460 108
3527 3436 2507215 1 1330 460 241
3466 3429 2507225 1 1340 470 254
3433 3421 2507235 1 1330 470 221
3433 3421 2507245 1 1340 480 213
3443 3421 2507255 1 1330 480 213
3457 3427 2507265 1 1340 490 215
3493 3447 2507275 1 1340 490 218
3543 3476 2507285 1 1330 500 220
3619 3523 2507295 1 1340 500 222
3705 3585 2507305 1 1340 500 239
3797 3657 2507315 1 1340 500 287
3877 3753 2507325 1 1350 510 346
3936 3835 2507335 1 1350 510 381
3981 3909 2507345 1 1350 510 443
3981 3919 2507355 1 1350 510 474
3968 3913 2507365 1 1350 510 480
3940 3896 2507375 1 1360 510 488
3853 3824 2507385 1 1360 510 527
3739 3716 2507395 1 1360 510 570
3608 3584 2507405 1 1360 510 613
3493 3437 2507415 1 1370 510 647
3407 3290 2507425 1 1370 510 673
3341 3181 2507435 1 1370 510 669
3307 3097 2507445 1 1370 510 675
3298 3072 2507455 1 1370 510 673
3305 3072 2507465 1 1370 510 663
3314 3079 2507475 1 1370 510 650
3385 3135 2507485 1 1370 510 619
3498 3285 2507495 1 1370 510 588
3673 3499 2507505 1 1370 510 567
3804 3685 2507515 1 1360 510 554
3905 3793 2507525 1 1360 510 561
3905 3848 2507535 1 1360 510 570
3876 3854 2507545 1 1360 510 574
3828 3826 2507555 1 1360 510 589
3758 3776 2507565 1 1360 510 609
3685 3693 2507575 1 1360 510 619
3609 3605 2507585 1 1360 510 627
3556 3503 2507595 1 1360 510 631
3545 3392 2507605 1 1360 510 631
3562 3279 2507615 1 1360 510 634
3616 3175 2507625 1 1370 520 611
3700 3112 2507635 1 1370 520 589
3805 3073 2507645 1 1370 520 574
3907 3073 2507655 1 1370 520 564
3992 3109 2507665 1 1380 510 548
4066 3161 2507675 1 1370 520 537
4097 3212 2507685 1 1390 520 536
4086 3238 2507695 1 1390 520 540
4047 3248 2507705 1 1370 530 559
4008 3217 2507715 1 1370 530 620
3969 3127 2507725 1 1370 530 676
3930 2997 2507735 1 1390 540 737
3921 2822 2507745 1 1390 540 785
3940 2630 2507755 1 1390 540 824
3978 2426 2507765 1 1400 540 866
3998 2254 2507775 1 1400 540 866
4050 2133 2507785 1 1400 540 872
4122 2046 2507795 1 1390 550 875
4228 1983 2507805 1 1400 550 881
4335 1957 2507815 1 1400 550 876
4445 1957 2507825 1 1400 550 878
4560 1992 2507835 1 1410 560 867
4650 2053 2507845 1 1410 560 861
4722 2130 2507855 1 1410 560 858
4775 2214 2507865 1 1430 560 861
4821 2295 2507875 1 1420 570 863
4862 2375 2507885 1 1420 570 870
4911 2434 2507895 1 1430 570 878
4957 2492 2507905 1 1430 570 894
5005 2552 2507915 1 1430 570 896
5055 2613 2507925 1 1440 580 894
5101 2672 2507935 1 1440 580 879
5143 2743 2507945 1 1460 580 818
5186 2823 2507955 1 1460 580 690
5214 2903 2507965 1 1470 590 277
5496 3992 2508547 0 1300 470 307
5395 4009 2508557 1 1310 460 334
5273 4064 2508567 1 1320 460 369
5248 4131 2508577 1 1340 460 371
5267 4165 2508587 1 1340 460 373
5315 4237 2508597 1 1360 460 384
5410 4334 2508607 1 1360 460 410
5532 4437 2508617 1 1370 460 425
5673 4513 2508627 1 1370 460 435
5798 4571 2508637 1 1360 460 435
5879 4576 2508647 1 1360 460 433
5930 4536 2508657 1 1370 460 441
5973 4467 2508667 1 1370 460 447
6007 4296 2508677 1 1370 460 455
6036 4078 2508687 1 1380 470 465
6056 3828 2508697 1 1370 470 469
6056 3569 2508707 1 1380 480 478
6050 3314 2508717 1 1380 480 505
6021 3058 2508727 1 1380 480 545
5985 2783 2508737 1 1380 490 588
5944 2499 2508747 1 1380 490 609
5910 2258 2508757 1 1400 500 616
5916 2095 2508767 1 1380 500 625
5948 1983 2508777 1 1400 510 634
5990 1949 2508787 1 1400 520 647
6032 1965 2508797 1 1400 520 637
6074 2015 2508807 1 1410 520 637
6113 2144 2508817 1 1400 530 638
6150 2308 2508827 1 1400 530 614
6173 2495 2508837 1 1400 540 585
6165 2669 2508847 1 1400 540 569
6135 2869 2508857 1 1400 540 564
6087 3087 2508867 1 1400 540 569
6044 3278 2508877 1 1400 540 563
6055 3402 2508887 1 1390 550 563
6099 3481 2508897 1 1390 550 561
6167 3557 2508907 1 1390 550 561
6264 3645 2508917 1 1390 550 570
6381 3751 2508927 1 1370 540 584
6487 3865 2508937 1 1390 540 594
6596 3963 2508947 1 1390 540 616
6711 4056 2508957 1 1390 540 619
6831 4137 2508967 1 1400 530 625
6928 4212 2508977 1 1390 520 636
7008 4288 2508987 1 1410 520 641
7085 4366 2508997 1 1410 520 642
7154 4424 2509007 1 1420 520 642
7217 4460 2509017 1 1430 520 628
7266 4482 2509027 1 1430 520 605
7294 4482 2509037 1 1440 510 570
7307 4463 2509047 1 1460 520 564
7302 4435 2509057 1 1460 520 562
7274 4367 2509067 1 1460 520 556
7230 4270 2509077 1 1480 510 556
7171 4154 2509087 1 1480 510 556
7111 4035 2509097 1 1490 520 556
7051 3973 2509107 1 1500 510 562
7044 3948 2509117 1 1510 510 575
7044 3948 2509127 1 1510 510 581
7093 3994 2509137 1 1510 510 595
7176 4062 2509147 1 1510 510 614
7340 4142 2509157 1 1530 520 624
7506 4221 2509167 1 1530 520 638
7672 4267 2509177 1 1530 520 636
7780 4291 2509187 1 1530 520 640
7836 4285 2509197 1 1540 520 644
7856 4257 2509207 1 1540 520 647
7840 4215 2509217 1 1540 520 646
7785 4140 2509227 1 1540 520 644
7705 4059 2509237 1 1540 520 641
7611 3968 2509247 1 1540 520 641
7516 3870 2509257 1 1540 530 638
7420 3768 2509267 1 1540 530 638
7341 3669 2509277 1 1540 530 638
7267 3581 2509287 1 1530 540 647
7203 3499 2509297 1 1530 540 639
7149 3418 2509307 1 1530 540 631
7102 3352 2509317 1 1530 540 620
7082 3296 2509327 1 1530 550 605
7082 3278 2509337 1 1530 550 602
7107 3278 2509347 1 1530 550 603
7173 3278 2509357 1 1520 560 608
7263 3291 2509367 1 1500 550 613
7359 3299 2509377 1 1500 550 616
7413 3267 2509387 1 1490 560 614
7438 3211 2509397 1 1490 560 630
7449 3130 2509407 1 1490 560 641
7449 3046 2509417 1 1510 560 645
7440 2957 2509427 1 1510 560 645
7429 2883 2509437 1 1510 560 647
7409 2818 2509447 1 1510 560 638
7382 2743 2509457 1 1510 560 620
7330 2669 2509467 1 1510 560 616
7284 2599 2509477 1 1510 580 613
7242 2568 2509487 1 1510 580 619
7237 2561 2509497 1 1510 580 614
7248 2561 2509507 1 1510 580 616
7270 2568 2509517 1 1510 580 619
7291 2575 2509527 1 1510 580 610
7321 2575 2509537 1 1510 580 620
7357 2580 2509547 1 1510 580 620
7389 2562 2509557 1 1510 580 620
7420 2530 2509567 1 1500 580 610
7440 2489 2509577 1 1500 580 610
7453 2432 2509587 1 1500 580 613
7453 2364 2509597 1 1500 580 614
7453 2274 2509607 1 1500 580 616
7453 2158 2509617 1 1500 580 619
7466 2026 2509627 1 1500 580 619
7507 1893 2509637 1 1510 600 617
7563 1755 2509647 1 1510 600 616
7603 1626 2509657 1 1500 600 613
7622 1505 2509667 1 1480 610 613
7628 1468 2509677 1 1490 630 614
7628 1461 2509687 1 1490 630 611
7600 1475 2509697 1 1480 630 613
7559 1506 2509707 1 1460 640 611
7512 1547 2509717 1 1450 650 611
7454 1596 2509727 1 1440 660 620
7389 1664 2509737 1 1440 660 614
7361 1700 2509747 1 1440 660 619
7361 1716 2509757 1 1440 660 619
7380 1721 2509767 1 1440 660 620
7393 1727 2509777 1 1440 660 625
7408 1732 2509787 1 1440 660 636
7423 1758 2509797 1 1440 660 666
7469 1797 2509807 1 1450 650 691
7535 1857 2509817 1 1460 640 714
7615 1926 2509827 1 1480 630 733
7719 2002 2509837 1 1490 630 754
7809 2081 2509847 1 1500 620 757
7889 2158 2509857 1 1510 610 765
7946 2234 2509867 1 1520 600 767
7992 2313 2509877 1 1530 590 771
8031 2394 2509887 1 1540 580 774
8065 2484 2509897 1 1550 580 776
8099 2580 2509907 1 1550 580 784
8133 2681 2509917 1 1550 580 785
8167 2795 2509927 1 1550 580 797
8202 2908 2509937 1 1550 580 791
8243 3016 2509947 1 1550 580 797
8303 3130 2509957 1 1550 580 800
8373 3247 2509967 1 1550 580 800
8449 3387 2509977 1 1550 580 797
8524 3522 2509987 1 1550 580 797
8600 3654 2509997 1 1550 580 794
8664 3762 2510007 1 1560 570 796
8720 3843 2510017 1 1560 570 796
8771 3906 2510027 1 1560 570 796
8822 3962 2510037 1 1560 570 797
8872 4031 2510047 1 1570 560 790
8943 4109 2510057 1 1580 560 790
9003 4197 2510067 1 1590 550 787
9055 4295 2510077 1 1590 550 785
9107 4401 2510087 1 1590 550 785
9163 4489 2510097 1 1600 540 784
9226 4554 2510107 1 1610 550 797
9303 4605 2510117 1 1610 550 796
9388 4644 2510127 1 1610 550 796
9432 4665 2510137 1 1620 540 797
9460 4675 2510147 1 1630 540 797
9478 4685 2510157 1 1630 540 783
9478 4691 2510167 1 1630 540 783
9478 4691 2510177 1 1630 540 797
9473 4691 2510187 1 1640 540 784
9465 4691 2510197 1 1640 540 767
9409 4691 2510207 1 1640 540 760
9321 4631 2510217 1 1640 540 759
9199 4537 2510227 1 1640 540 760
9066 4410 2510237 1 1640 540 760
8925 4254 2510247 1 1640 540 762
8818 4080 2510257 1 1640 540 763
8729 3916 2510267 1 1630 540 765
8653 3751 2510277 1 1630 540 771
8581 3586 2510287 1 1630 540 776
8510 3447 2510297 1 1630 540 784
8445 3332 2510307 1 1620 540 790
8414 3233 2510317 1 1610 550 791
8403 3160 2510327 1 1610 550 788
8410 3096 2510337 1 1610 550 808
8419 3039 2510347 1 1600 540 830
8446 2972 2510357 1 1590 550 833
8483 2890 2510367 1 1590 550 837
8542 2798 2510377 1 1590 550 842
8601 2762 2510387 1 1570 560 846
8687 2777 2510397 1 1570 560 851
8792 2826 2510407 1 1570 560 852
8938 2939 2510417 1 1570 570 858
9102 3070 2510427 1 1570 570 860
9278 3213 2510437 1 1570 570 858
9489 3357 2510447 1 1590 570 858
9661 3460 2510457 1 1590 570 839
9808 3537 2510467 1 1590 570 820
9866 3550 2510477 1 1590 570 790
9879 3537 2510487 1 1610 570 796
9861 3508 2510497 1 1610 570 794
9808 3456 2510507 1 1610 570 797
9742 3380 2510517 1 1610 570 784
9668 3289 2510527 1 1620 580 787
9602 3191 2510537 1 1620 580 788
9556 3091 2510547 1 1620 580 784
9522 2986 2510557 1 1640 580 785
9488 2841 2510567 1 1640 580 787
9452 2669 2510577 1 1640 570 794
9393 2495 2510587 1 1640 580 803
9319 2297 2510597 1 1640 580 811
9245 2083 2510607 1 1640 580 815
9216 1957 2510617 1 1640 580 817
9216 1878 2510627 1 1650 580 817
9225 1830 2510637 1 1650 580 818
9232 1797 2510647 1 1650 580 814
9232 1774 2510657 1 1650 580 814
9222 1758 2510667 1 1650 580 802
9212 1747 2510677 1 1650 590 785
9166 1726 2510687 1 1650 590 793
9097 1677 2510697 1 1640 600 790
9018 1614 2510707 1 1630 610 791
8941 1560 2510717 1 1630 620 794
8864 1528 2510727 1 1620 630 787
8832 1511 2510737 1 1610 640 799
8804 1516 2510747 1 1580 640 802
8778 1552 2510757 1 1570 650 802
8751 1609 2510767 1 1560 660 802
8732 1680 2510777 1 1560 660 800
8732 1766 2510787 1 1560 660 803
8732 1861 2510797 1 1560 660 805
8788 1947 2510807 1 1570 650 808
8884 2036 2510817 1 1550 650 809
9008 2126 2510827 1 1550 650 811
9133 2207 2510837 1 1550 650 815
9233 2245 2510847 1 1550 650 815
9316 2254 2510857 1 1560 640 812
9382 2254 2510867 1 1570 630 811
9411 2225 2510877 1 1580 620 812
9411 2185 2510887 1 1590 610 815
9369 2119 2510897 1 1620 610 814
9300 2049 2510907 1 1620 600 814
9216 1969 2510917 1 1630 590 820
9167 1918 2510927 1 1640 580 818
9153 1887 2510937 1 1640 580 822
9162 1887 2510947 1 1660 570 849
9225 1912 2510957 1 1660 570 857
9338 1948 2510967 1 1660 570 884
9485 2006 2510977 1 1670 570 909
9638 2073 2510987 1 1670 570 933
9812 2146 2510997 1 1690 580 967
10001 2208 2511007 1 1690 580 1006
10198 2264 2511017 1 1700 580 1023
10404 2264 2511027 1 1720 580 1023
10605 2236 2511037 1 1720 580 1023
10799 2135 2511047 1 1740 580 1023
10960 1996 2511057 1 1730 590 1023
11056 1833 2511067 1 1730 590 945
11109 1675 2511077 1 1730 590 613
