265
3367 4235 2645193 0 1360 450 218
3367 4235 2645203 1 1360 450 218
3367 4235 2645213 1 1380 450 247
3367 4235 2645223 1 1370 450 247
3367 4235 2645233 1 1370 450 257
3332 4313 2645243 1 1360 450 279
3389 4381 2645253 1 1360 450 287
3469 4476 2645263 1 1360 450 302
3570 4573 2645273 1 1350 450 314
3671 4673 2645283 1 1340 450 310
3772 4776 2645293 1 1340 450 327
3828 4876 2645303 1 1340 450 344
3857 4952 2645313 1 1340 450 371
3864 5013 2645323 1 1340 450 382
3849 5059 2645333 1 1340 450 398
3819 5082 2645343 1 1340 450 398
3761 5089 2645353 1 1340 450 394
3663 5072 2645363 1 1340 450 398
3537 5032 2645373 1 1350 440 399
3430 4977 2645383 1 1350 440 397
3353 4918 2645393 1 1360 450 413
3296 4836 2645403 1 1360 450 420
3262 4738 2645413 1 1360 450 430
3231 4626 2645423 1 1360 450 443
3206 4476 2645433 1 1360 450 443
3196 4301 2645443 1 1360 450 448
3196 4152 2645453 1 1370 440 452
3223 4035 2645463 1 1370 440 456
3273 3940 2645473 1 1370 440 468
3340 3876 2645483 1 1370 440 475
3438 3853 2645493 1 1370 440 491
3569 3853 2645503 1 1350 440 496
3721 3913 2645513 1 1350 440 498
3852 3986 2645523 1 1360 450 492
3968 4070 2645533 1 1360 450 499
4075 4146 2645543 1 1360 450 501
4167 4219 2645553 1 1360 450 499
4219 4262 2645563 1 1360 450 501
4244 4286 2645573 1 1360 450 489
4244 4286 2645583 1 1360 450 496
4244 4286 2645593 1 1370 450 489
4238 4286 2645603 1 1360 460 494
4223 4261 2645613 1 1360 460 492
4189 4228 2645623 1 1360 460 501
4141 4155 2645633 1 1370 460 517
4080 4044 2645643 1 1370 460 515
4022 3909 2645653 1 1370 460 526
3969 3750 2645663 1 1370 460 535
3903 3598 2645673 1 1360 470 538
3828 3450 2645683 1 1360 470 541
3734 3272 2645693 1 1360 470 541
3628 3105 2645703 1 1360 470 541
3515 2946 2645713 1 1360 470 544
3433 2818 2645723 1 1350 470 536
3369 2716 2645733 1 1350 470 537
3318 2631 2645743 1 1350 470 536
3265 2559 2645753 1 1330 470 543
3214 2507 2645763 1 1330 470 545
3169 2469 2645773 1 1330 470 548
3129 2450 2645783 1 1320 480 559
3105 2450 2645793 1 1320 480 567
3091 2466 2645803 1 1310 480 564
3091 2504 2645813 1 1310 480 566
3141 2602 2645823 1 1310 480 572
3225 2741 2645833 1 1310 480 580
3346 2920 2645843 1 1310 480 584
3488 3080 2645853 1 1310 480 588
3643 3227 2645863 1 1290 490 580
3801 3354 2645873 1 1290 490 524
3946 3454 2645883 1 1290 490 296
5771 3687 2647386 0 1320 450 93
5872 3734 2647396 1 1330 450 131
5872 3774 2647406 1 1330 450 195
5872 3807 2647416 1 1340 460 253
5872 3837 2647426 1 1340 460 299
5857 3869 2647436 1 1350 460 334
5833 3905 2647446 1 1350 460 387
5801 3938 2647456 1 1350 460 420
5748 3967 2647466 1 1350 460 444
5683 3973 2647476 1 1360 460 455
5610 3966 2647486 1 1360 460 473
5521 3921 2647496 1 1360 460 492
5437 3849 2647506 1 1360 460 513
5356 3759 2647516 1 1370 450 544
5293 3655 2647526 1 1360 450 556
5247 3536 2647536 1 1360 450 557
5213 3408 2647546 1 1360 450 561
5213 3297 2647556 1 1340 450 562
5237 3238 2647566 1 1340 450 564
5281 3213 2647576 1 1340 450 562
5346 3219 2647586 1 1330 440 564
5437 3286 2647596 1 1320 450 561
5546 3394 2647606 1 1320 450 557
5638 3506 2647616 1 1320 450 562
5697 3610 2647626 1 1310 450 562
5734 3680 2647636 1 1310 450 561
5746 3732 2647646 1 1310 450 578
5746 3744 2647656 1 1300 460 578
5746 3744 2647666 1 1300 460 592
5746 3728 2647676 1 1310 460 619
5740 3687 2647686 1 1310 460 633
5740 3620 2647696 1 1310 460 647
5732 3537 2647706 1 1310 460 646
5726 3440 2647716 1 1310 460 653
5726 3340 2647726 1 1310 460 658
5737 3236 2647736 1 1310 460 665
5753 3153 2647746 1 1320 470 662
5778 3083 2647756 1 1320 470 664
5808 3032 2647766 1 1320 470 665
5843 3003 2647776 1 1330 470 670
5880 2988 2647786 1 1330 470 662
5921 2982 2647796 1 1330 470 663
5971 2990 2647806 1 1330 480 669
6027 3008 2647816 1 1330 480 670
6091 3047 2647826 1 1340 490 675
6161 3114 2647836 1 1340 490 676
6247 3201 2647846 1 1340 490 678
6344 3335 2647856 1 1340 490 681
6435 3467 2647866 1 1340 490 678
6527 3598 2647876 1 1340 490 679
6605 3728 2647886 1 1340 490 676
6674 3869 2647896 1 1350 500 675
6722 4017 2647906 1 1350 500 675
6766 4150 2647916 1 1350 500 675
6807 4298 2647926 1 1360 490 675
6845 4455 2647936 1 1360 490 675
6883 4543 2647946 1 1360 490 672
6900 4572 2647956 1 1370 480 666
6900 4561 2647966 1 1370 480 669
6905 4497 2647976 1 1380 490 670
6879 4372 2647986 1 1390 480 670
6835 4206 2647996 1 1390 480 681
6761 4029 2648006 1 1390 480 697
6688 3848 2648016 1 1400 480 708
6615 3657 2648026 1 1400 480 733
6573 3460 2648036 1 1400 480 757
6552 3258 2648046 1 1400 480 753
6545 3076 2648056 1 1390 480 759
6570 2956 2648066 1 1410 490 760
6614 2871 2648076 1 1410 490 760
6671 2814 2648086 1 1400 500 759
6741 2784 2648096 1 1400 500 753
6817 2771 2648106 1 1400 510 752
6886 2771 2648116 1 1400 510 699
6949 2796 2648126 1 1380 510 584
6994 2832 2648136 1 1380 510 317
6384 3754 2648237 0 1400 520 431
6384 3754 2648247 1 1400 520 450
6384 3754 2648257 1 1400 510 474
6267 3711 2648267 1 1380 500 467
6278 3711 2648277 1 1380 500 515
6320 3695 2648287 1 1380 490 575
6383 3695 2648297 1 1380 490 613
6469 3695 2648307 1 1370 480 617
6577 3708 2648317 1 1380 480 616
6700 3708 2648327 1 1380 480 613
6822 3708 2648337 1 1380 480 535
6920 3679 2648347 1 1380 480 344
7002 3521 2648798 0 1390 480 180
7002 3521 2648808 1 1390 480 246
7002 3521 2648818 1 1390 480 304
6908 3596 2648828 1 1390 480 373
6894 3603 2648838 1 1380 490 415
6884 3603 2648848 1 1380 490 448
6884 3603 2648858 1 1380 490 439
6884 3603 2648868 1 1380 490 448
6889 3595 2648878 1 1380 490 458
6913 3579 2648888 1 1370 500 465
6940 3558 2648898 1 1370 500 496
6970 3538 2648908 1 1380 500 502
7003 3516 2648918 1 1380 500 505
7041 3494 2648928 1 1380 500 512
7081 3475 2648938 1 1380 500 520
7137 3459 2648948 1 1380 500 522
7201 3454 2648958 1 1380 500 544
7284 3460 2648968 1 1370 500 548
7369 3473 2648978 1 1370 500 556
7454 3490 2648988 1 1370 500 556
7518 3514 2648998 1 1380 500 562
7570 3542 2649008 1 1380 500 559
7612 3579 2649018 1 1380 500 561
7648 3618 2649028 1 1380 500 557
7680 3659 2649038 1 1380 500 556
7703 3701 2649048 1 1380 500 554
7721 3754 2649058 1 1380 500 550
7735 3814 2649068 1 1380 500 546
7730 3869 2649078 1 1380 500 545
7710 3923 2649088 1 1400 500 543
7679 3973 2649098 1 1400 500 542
7653 3999 2649108 1 1390 480 540
7616 4009 2649118 1 1390 480 539
7571 3993 2649128 1 1390 480 537
7501 3945 2649138 1 1400 480 540
7413 3877 2649148 1 1400 480 537
7314 3775 2649158 1 1400 480 545
7224 3671 2649168 1 1400 480 550
7158 3562 2649178 1 1420 470 560
7109 3423 2649188 1 1420 470 583
7085 3263 2649198 1 1420 470 595
7085 3113 2649208 1 1420 470 613
7100 2991 2649218 1 1400 480 645
7136 2889 2649228 1 1400 480 668
7187 2802 2649238 1 1420 480 681
7248 2743 2649248 1 1410 490 700
7334 2704 2649258 1 1410 490 716
7450 2696 2649268 1 1410 500 731
7585 2729 2649278 1 1410 500 746
7736 2790 2649288 1 1400 510 748
7887 2843 2649298 1 1410 510 749
7999 2896 2649308 1 1400 520 754
8085 2946 2649318 1 1410 520 760
8148 2995 2649328 1 1410 520 757
8203 3040 2649338 1 1420 530 760
8253 3082 2649348 1 1420 530 761
8313 3121 2649358 1 1420 530 760
8373 3154 2649368 1 1430 530 761
8423 3180 2649378 1 1430 530 761
8465 3202 2649388 1 1430 530 761
8484 3189 2649398 1 1450 540 761
8490 3152 2649408 1 1450 540 763
8490 3201 2649418 1 1450 540 757
8490 3190 2649428 1 1470 530 768
8474 3138 2649438 1 1470 530 776
8450 3080 2649448 1 1470 530 776
8416 3021 2649458 1 1470 530 779
8374 2962 2649468 1 1480 530 780
8326 2913 2649478 1 1480 530 782
8279 2870 2649488 1 1470 530 777
8236 2838 2649498 1 1480 540 777
8201 2824 2649508 1 1480 540 777
8175 2824 2649518 1 1480 540 777
8146 2834 2649528 1 1480 540 774
8114 2859 2649538 1 1480 540 767
8068 2892 2649548 1 1480 540 763
8017 2938 2649558 1 1480 540 761
7963 2981 2649568 1 1480 540 758
7938 3015 2649578 1 1480 540 757
7917 3042 2649588 1 1480 540 752
7902 3067 2649598 1 1480 540 751
7888 3091 2649608 1 1480 540 749
7874 3113 2649618 1 1470 530 751
7860 3130 2649628 1 1470 530 749
7845 3142 2649638 1 1470 530 749
7833 3150 2649648 1 1460 530 749
7821 3157 2649658 1 1460 530 751
7810 3163 2649668 1 1470 520 751
7800 3168 2649678 1 1460 520 748
7800 3168 2649688 1 1460 520 746
7800 3168 2649698 1 1460 520 746
7800 3154 2649708 1 1440 510 745
7800 3136 2649718 1 1450 510 746
7800 3123 2649728 1 1450 510 746
7800 3114 2649738 1 1440 500 745
7800 3114 2649748 1 1440 500 746
7800 3114 2649758 1 1440 500 746
7805 3114 2649768 1 1440 500 746
7805 3114 2649778 1 1440 500 746
7805 3114 2649788 1 1440 500 746
7805 3120 2649798 1 1440 500 746
7805 3120 2649808 1 1440 500 743
7805 3126 2649818 1 1440 500 736
7799 3134 2649828 1 1440 500 719
7799 3134 2649838 1 1430 510 672
7799 3142 2649848 1 1430 510 591
7799 3142 2649858 1 1430 510 415
