589
1330 6192 2576915 0 1250 500 1
1330 6192 2576925 1 1240 490 30
1330 6192 2576935 1 1240 490 53
1330 6192 2576945 1 1240 490 71
1330 6192 2576955 1 1240 490 93
1330 6192 2576965 1 1240 490 90
1330 6192 2576975 1 1240 490 95
1425 6270 2576985 1 1240 490 113
1472 6310 2576995 1 1240 490 134
1540 6366 2577005 1 1250 500 132
1620 6437 2577015 1 1250 500 146
1710 6519 2577025 1 1260 500 153
1800 6598 2577035 1 1260 500 163
1890 6674 2577045 1 1260 510 170
1984 6746 2577055 1 1270 520 180
2078 6812 2577065 1 1270 520 184
2173 6876 2577075 1 1280 530 175
2250 6933 2577085 1 1290 530 180
2315 6982 2577095 1 1290 530 181
2365 7008 2577105 1 1310 540 181
2396 7020 2577115 1 1310 540 176
2415 7020 2577125 1 1330 540 180
2415 7015 2577135 1 1330 540 180
2415 6986 2577145 1 1340 550 179
2396 6942 2577155 1 1340 550 170
2365 6863 2577165 1 1350 540 144
2322 6780 2577175 1 1350 540 117
2270 6672 2577185 1 1350 540 103
2200 6549 2577195 1 1350 540 75
2118 6392 2577205 1 1350 540 55
2027 6224 2577215 1 1350 540 50
1932 6049 2577225 1 1350 540 48
1841 5860 2577235 1 1350 540 55
1759 5688 2577245 1 1350 540 58
1680 5528 2577255 1 1350 540 58
1604 5349 2577265 1 1340 550 56
1530 5169 2577275 1 1330 540 55
1464 4997 2577285 1 1310 550 56
1406 4832 2577295 1 1300 540 56
1355 4680 2577305 1 1290 550 58
1312 4556 2577315 1 1260 540 61
1278 4452 2577325 1 1260 540 66
1259 4355 2577335 1 1250 540 65
1248 4280 2577345 1 1240 540 70
1248 4221 2577355 1 1230 530 70
1253 4191 2577365 1 1220 530 85
1266 4178 2577375 1 1210 530 101
1284 4178 2577385 1 1200 520 103
1310 4178 2577395 1 1180 530 119
1342 4209 2577405 1 1170 520 136
1391 4252 2577415 1 1170 520 137
1450 4323 2577425 1 1170 510 165
1526 4411 2577435 1 1170 520 171
1620 4511 2577445 1 1160 520 183
1725 4620 2577455 1 1160 520 193
1826 4738 2577465 1 1170 530 196
1930 4862 2577475 1 1170 530 200
2039 4981 2577485 1 1180 540 205
2152 5087 2577495 1 1190 530 203
2250 5185 2577505 1 1200 540 207
2338 5273 2577515 1 1200 540 205
2414 5360 2577525 1 1200 540 207
2478 5439 2577535 1 1210 550 205
2535 5509 2577545 1 1210 550 205
2581 5568 2577555 1 1210 550 203
2611 5617 2577565 1 1220 560 205
2630 5659 2577575 1 1220 560 205
2638 5694 2577585 1 1220 560 202
2633 5727 2577595 1 1220 560 202
2620 5759 2577605 1 1220 560 200
2605 5788 2577615 1 1220 560 193
2586 5811 2577625 1 1220 560 186
2564 5830 2577635 1 1220 560 115
2548 5842 2577645 1 1220 560 1
1988 4218 2577886 0 1190 580 41
2084 4274 2577896 1 1190 580 53
2146 4323 2577906 1 1190 580 89
2218 4390 2577916 1 1190 580 105
2298 4470 2577926 1 1190 580 141
2384 4555 2577936 1 1190 580 149
2479 4646 2577946 1 1190 580 173
2578 4742 2577956 1 1190 580 176
2682 4843 2577966 1 1190 580 186
2770 4940 2577976 1 1190 580 193
2847 5031 2577986 1 1190 580 193
2914 5114 2577996 1 1190 580 195
2964 5191 2578006 1 1200 570 196
3002 5267 2578016 1 1200 570 196
3019 5339 2578026 1 1190 560 196
3019 5409 2578036 1 1190 560 196
3008 5478 2578046 1 1190 560 195
2984 5546 2578056 1 1190 560 193
2949 5614 2578066 1 1190 560 190
2907 5688 2578076 1 1190 560 185
2861 5765 2578086 1 1200 570 181
2815 5861 2578096 1 1200 570 180
2768 5955 2578106 1 1220 570 181
2721 6042 2578116 1 1220 570 185
2676 6119 2578126 1 1220 570 188
2636 6173 2578136 1 1230 560 190
2601 6213 2578146 1 1230 560 183
2575 6232 2578156 1 1230 560 178
2550 6232 2578166 1 1230 560 186
2524 6223 2578176 1 1250 560 179
2499 6192 2578186 1 1250 560 179
2473 6138 2578196 1 1260 560 184
2446 6070 2578206 1 1260 560 170
2417 5971 2578216 1 1260 560 180
2396 5847 2578226 1 1270 550 196
2377 5706 2578236 1 1270 550 212
2362 5569 2578246 1 1270 550 209
2353 5413 2578256 1 1270 550 216
2348 5244 2578266 1 1270 550 228
2348 5075 2578276 1 1270 550 237
2354 4906 2578286 1 1260 560 246
2363 4734 2578296 1 1250 550 241
2374 4561 2578306 1 1250 550 247
2386 4385 2578316 1 1240 550 250
2398 4196 2578326 1 1240 550 259
2410 3999 2578336 1 1240 550 269
2423 3801 2578346 1 1220 560 280
2438 3619 2578356 1 1220 560 277
2455 3448 2578366 1 1210 560 286
2479 3288 2578376 1 1200 550 289
2513 3159 2578386 1 1180 560 292
2558 3052 2578396 1 1180 560 297
2619 2978 2578406 1 1180 560 297
2690 2932 2578416 1 1180 560 299
2765 2905 2578426 1 1180 560 304
2843 2898 2578436 1 1180 560 306
2937 2907 2578446 1 1180 560 307
3040 2928 2578456 1 1180 560 316
3163 2970 2578466 1 1170 550 304
3290 3027 2578476 1 1170 550 310
3424 3094 2578486 1 1170 550 317
3564 3176 2578496 1 1170 550 329
3707 3264 2578506 1 1170 550 330
3852 3357 2578516 1 1170 550 337
3981 3438 2578526 1 1170 550 342
4103 3515 2578536 1 1170 550 336
4219 3587 2578546 1 1170 540 339
4309 3659 2578556 1 1170 540 348
4371 3735 2578566 1 1170 540 359
4413 3808 2578576 1 1170 540 371
4426 3879 2578586 1 1170 540 389
4417 3931 2578596 1 1170 540 404
4394 3992 2578606 1 1170 540 417
4355 4058 2578616 1 1160 530 417
4303 4129 2578626 1 1160 530 417
4241 4216 2578636 1 1160 530 418
4170 4313 2578646 1 1160 530 407
4093 4429 2578656 1 1160 530 394
4011 4549 2578666 1 1160 530 384
3942 4673 2578676 1 1170 540 363
3878 4815 2578686 1 1170 540 315
3824 4958 2578696 1 1170 540 250
3786 5102 2578706 1 1180 540 161
3758 5226 2578716 1 1180 540 34
4641 6725 2579028 0 1270 510 39
4641 6725 2579038 1 1260 510 67
4732 6771 2579048 1 1260 510 68
4781 6795 2579058 1 1260 510 99
4836 6825 2579068 1 1270 520 105
4898 6867 2579078 1 1250 530 130
4964 6917 2579088 1 1250 530 131
5042 6977 2579098 1 1250 530 148
5128 7037 2579108 1 1250 530 156
5221 7097 2579118 1 1270 530 165
5313 7125 2579128 1 1280 530 170
5393 7163 2579138 1 1280 530 172
5466 7208 2579148 1 1280 530 177
5523 7208 2579158 1 1280 530 179
5565 7189 2579168 1 1290 530 175
5597 7152 2579178 1 1300 530 207
5619 7086 2579188 1 1300 530 216
5630 6988 2579198 1 1300 530 230
5630 6869 2579208 1 1300 530 244
5630 6737 2579218 1 1300 530 247
5614 6579 2579228 1 1310 520 274
5595 6404 2579238 1 1310 520 284
5574 6196 2579248 1 1310 520 302
5554 5969 2579258 1 1310 520 312
5540 5730 2579268 1 1300 530 304
5532 5520 2579278 1 1300 530 312
5532 5300 2579288 1 1300 530 315
5532 5073 2579298 1 1290 530 322
5532 4863 2579308 1 1290 530 322
5540 4672 2579318 1 1270 530 324
5545 4493 2579328 1 1270 530 324
5545 4317 2579338 1 1250 540 329
5545 4143 2579348 1 1250 540 329
5545 4000 2579358 1 1240 540 329
5538 3876 2579368 1 1240 540 330
5531 3775 2579378 1 1230 550 332
5524 3716 2579388 1 1230 550 335
5519 3685 2579398 1 1210 550 359
5519 3685 2579408 1 1200 550 377
5519 3696 2579418 1 1200 550 381
5519 3720 2579428 1 1170 550 381
5511 3809 2579438 1 1170 550 384
5511 3925 2579448 1 1170 550 384
5524 4059 2579458 1 1170 550 393
5540 4219 2579468 1 1170 550 393
5562 4401 2579478 1 1170 550 394
5585 4597 2579488 1 1170 550 389
5609 4795 2579498 1 1160 550 382
5632 5005 2579508 1 1160 550 384
5652 5223 2579518 1 1160 550 382
5670 5453 2579528 1 1160 550 381
5687 5683 2579538 1 1160 550 379
5705 5916 2579548 1 1160 550 384
5738 6156 2579558 1 1170 560 396
5781 6391 2579568 1 1180 560 387
5844 6624 2579578 1 1180 560 389
5914 6832 2579588 1 1200 550 387
5994 7025 2579598 1 1210 560 387
6085 7189 2579608 1 1220 560 384
6183 7330 2579618 1 1220 560 384
6289 7457 2579628 1 1240 550 382
6394 7561 2579638 1 1240 550 382
6498 7637 2579648 1 1250 560 367
6600 7694 2579658 1 1260 560 373
6702 7729 2579668 1 1260 560 371
6807 7742 2579678 1 1260 560 373
6894 7742 2579688 1 1290 560 373
6969 7715 2579698 1 1290 560 361
7032 7664 2579708 1 1290 560 362
7087 7596 2579718 1 1300 550 369
7136 7503 2579728 1 1300 550 371
7173 7386 2579738 1 1300 550 372
7193 7253 2579748 1 1320 550 372
7201 7113 2579758 1 1320 550 379
7192 6969 2579768 1 1320 550 382
7172 6818 2579778 1 1320 550 386
7145 6665 2579788 1 1320 550 386
7102 6517 2579798 1 1350 550 389
7049 6368 2579808 1 1350 550 386
6988 6222 2579818 1 1350 550 386
6916 6096 2579828 1 1350 550 387
6832 5980 2579838 1 1360 560 386
6739 5880 2579848 1 1360 560 381
6646 5802 2579858 1 1360 560 382
6553 5739 2579868 1 1360 560 376
6461 5700 2579878 1 1350 550 381
6370 5677 2579888 1 1340 560 384
6282 5666 2579898 1 1340 560 386
6199 5673 2579908 1 1320 570 393
6141 5694 2579918 1 1320 570 388
6100 5725 2579928 1 1300 560 398
6081 5769 2579938 1 1300 560 389
6081 5831 2579948 1 1300 560 387
6098 5905 2579958 1 1300 560 384
6140 5990 2579968 1 1300 560 381
6206 6078 2579978 1 1300 560 389
6288 6169 2579988 1 1290 560 382
6385 6260 2579998 1 1290 560 379
6483 6349 2580008 1 1290 560 379
6581 6435 2580018 1 1270 550 377
6678 6495 2580028 1 1270 550 372
6776 6538 2580038 1 1270 550 369
6859 6554 2580048 1 1270 550 371
6933 6554 2580058 1 1300 550 369
6988 6534 2580068 1 1300 550 367
7032 6497 2580078 1 1310 550 369
7068 6436 2580088 1 1310 550 369
7087 6360 2580098 1 1330 540 371
7087 6259 2580108 1 1340 550 371
7076 6135 2580118 1 1340 550 369
7040 5997 2580128 1 1350 540 371
6989 5837 2580138 1 1350 540 369
6927 5690 2580148 1 1350 540 371
6857 5553 2580158 1 1350 550 372
6782 5411 2580168 1 1350 550 376
6703 5265 2580178 1 1350 550 377
6644 5142 2580188 1 1350 550 379
6590 5035 2580198 1 1350 550 377
6561 4948 2580208 1 1350 550 376
6546 4889 2580218 1 1350 550 376
6546 4850 2580228 1 1340 550 369
6572 4833 2580238 1 1340 550 367
6608 4840 2580248 1 1320 550 366
6669 4862 2580258 1 1310 550 366
6764 4925 2580268 1 1310 550 369
6882 5010 2580278 1 1300 550 367
7000 5109 2580288 1 1300 550 371
7124 5208 2580298 1 1290 550 371
7255 5303 2580308 1 1290 550 369
7383 5373 2580318 1 1290 550 369
7477 5427 2580328 1 1290 550 371
7550 5445 2580338 1 1290 550 364
7591 5436 2580348 1 1290 550 361
7603 5410 2580358 1 1290 550 361
7596 5343 2580368 1 1290 550 359
7564 5247 2580378 1 1300 550 361
7503 5131 2580388 1 1300 550 361
7423 4987 2580398 1 1300 550 358
7324 4822 2580408 1 1300 550 359
7212 4642 2580418 1 1300 560 361
7092 4483 2580428 1 1300 560 369
6989 4322 2580438 1 1300 560 362
6902 4162 2580448 1 1300 560 369
6826 4042 2580458 1 1300 560 367
6779 3945 2580468 1 1300 560 367
6765 3883 2580478 1 1300 560 367
6774 3844 2580488 1 1300 560 364
6804 3821 2580498 1 1300 560 361
6852 3814 2580508 1 1300 560 364
6913 3828 2580518 1 1300 560 364
6990 3857 2580528 1 1300 560 362
7072 3907 2580538 1 1300 560 366
7166 3965 2580548 1 1300 560 367
7269 4028 2580558 1 1300 560 367
7362 4084 2580568 1 1300 560 371
7447 4123 2580578 1 1300 560 369
7505 4150 2580588 1 1300 560 366
7541 4150 2580598 1 1300 560 362
7562 4127 2580608 1 1300 560 361
7562 4084 2580618 1 1300 560 373
7533 4017 2580628 1 1300 560 363
7494 3928 2580638 1 1300 560 358
7434 3825 2580648 1 1300 560 358
7354 3713 2580658 1 1280 570 358
7261 3615 2580668 1 1280 570 361
7173 3527 2580678 1 1280 570 386
7105 3449 2580688 1 1270 570 394
7051 3392 2580698 1 1270 570 402
7027 3349 2580708 1 1270 570 402
7027 3343 2580718 1 1260 580 396
7034 3355 2580728 1 1260 580 399
7069 3378 2580738 1 1260 580 407
7111 3442 2580748 1 1240 580 399
7166 3552 2580758 1 1240 580 396
7237 3694 2580768 1 1240 580 388
7318 3881 2580778 1 1230 590 382
7399 4077 2580788 1 1230 590 363
7468 4280 2580798 1 1230 590 335
7529 4484 2580808 1 1230 590 301
7564 4675 2580818 1 1230 590 267
7575 4858 2580828 1 1230 590 244
7570 5036 2580838 1 1230 590 216
7543 5202 2580848 1 1230 590 222
7500 5360 2580858 1 1230 590 206
7446 5510 2580868 1 1230 590 209
7381 5633 2580878 1 1230 590 218
7310 5739 2580888 1 1240 600 226
7236 5832 2580898 1 1240 600 225
7177 5905 2580908 1 1250 590 226
7123 5966 2580918 1 1270 590 226
7076 5996 2580928 1 1280 580 228
7032 6020 2580938 1 1280 580 226
6988 6020 2580948 1 1300 580 228
6946 6020 2580958 1 1310 580 240
6912 5992 2580968 1 1320 580 247
6887 5965 2580978 1 1320 580 247
6868 5930 2580988 1 1320 580 247
6856 5876 2580998 1 1340 570 249
6861 5810 2581008 1 1340 570 251
6876 5740 2581018 1 1340 570 253
6896 5666 2581028 1 1350 570 245
6921 5583 2581038 1 1350 570 255
6954 5478 2581048 1 1350 570 262
6990 5360 2581058 1 1340 570 267
7028 5221 2581068 1 1340 570 275
7068 5080 2581078 1 1340 570 285
7107 4932 2581088 1 1320 580 289
7148 4775 2581098 1 1320 580 311
7192 4614 2581108 1 1320 580 307
7238 4451 2581118 1 1310 580 317
7285 4274 2581128 1 1300 580 327
7334 4087 2581138 1 1300 580 337
7382 3902 2581148 1 1280 580 344
7425 3717 2581158 1 1280 580 336
7467 3532 2581168 1 1270 570 351
7505 3354 2581178 1 1270 570 363
7540 3166 2581188 1 1270 570 368
7572 2972 2581198 1 1270 570 361
7601 2788 2581208 1 1260 580 371
7627 2622 2581218 1 1260 580 361
7652 2469 2581228 1 1260 580 366
7674 2334 2581238 1 1230 580 364
7696 2207 2581248 1 1230 580 367
7721 2085 2581258 1 1230 580 367
7747 1985 2581268 1 1240 580 371
7774 1900 2581278 1 1260 580 374
7799 1825 2581288 1 1260 580 372
7824 1760 2581298 1 1260 580 376
7847 1699 2581308 1 1240 580 376
7871 1642 2581318 1 1240 580 377
7890 1610 2581328 1 1240 600 381
7906 1586 2581338 1 1220 600 382
7918 1567 2581348 1 1200 600 376
7924 1559 2581358 1 1190 610 374
7924 1559 2581368 1 1200 620 384
7924 1559 2581378 1 1180 620 386
7929 1559 2581388 1 1160 630 389
7929 1559 2581398 1 1160 640 396
7929 1559 2581408 1 1140 640 388
7936 1571 2581418 1 1120 640 391
7936 1582 2581428 1 1100 650 388
7944 1597 2581438 1 1080 650 389
7949 1616 2581448 1 1060 660 389
7949 1635 2581458 1 1040 660 389
7954 1661 2581468 1 1040 660 399
7954 1691 2581478 1 1040 660 391
7963 1724 2581488 1 1050 650 388
7968 1761 2581498 1 1080 650 391
7979 1801 2581508 1 1100 650 391
7992 1845 2581518 1 1120 640 389
8006 1898 2581528 1 1140 640 389
8024 1957 2581538 1 1130 630 389
8046 2027 2581548 1 1150 630 388
8073 2095 2581558 1 1160 630 389
8101 2206 2581568 1 1180 620 388
8135 2346 2581578 1 1200 620 389
8169 2472 2581588 1 1200 620 398
8207 2615 2581598 1 1200 600 393
8248 2770 2581608 1 1200 600 391
8293 2938 2581618 1 1220 600 389
8340 3120 2581628 1 1220 600 386
8388 3311 2581638 1 1220 600 386
8434 3503 2581648 1 1220 600 382
8480 3696 2581658 1 1220 600 376
8529 3911 2581668 1 1220 600 374
8580 4139 2581678 1 1210 590 367
8636 4373 2581688 1 1210 590 369
8697 4602 2581698 1 1210 590 359
8760 4831 2581708 1 1210 590 354
8826 5061 2581718 1 1210 590 353
8895 5276 2581728 1 1210 590 353
8961 5479 2581738 1 1210 590 353
9017 5675 2581748 1 1210 590 351
9067 5854 2581758 1 1210 590 351
9116 6031 2581768 1 1230 590 351
9164 6191 2581778 1 1230 590 353
9212 6340 2581788 1 1240 580 351
9263 6496 2581798 1 1240 580 349
9313 6631 2581808 1 1260 580 351
9363 6752 2581818 1 1260 580 349
9406 6855 2581828 1 1270 590 349
9445 6954 2581838 1 1280 580 348
9471 7029 2581848 1 1280 580 344
9489 7089 2581858 1 1300 580 333
9501 7136 2581868 1 1300 580 337
9506 7180 2581878 1 1320 580 334
9506 7218 2581888 1 1320 580 330
9506 7253 2581898 1 1320 580 327
9501 7283 2581908 1 1340 570 329
9491 7312 2581918 1 1340 570 325
9477 7338 2581928 1 1340 570 325
9461 7360 2581938 1 1340 570 324
9446 7380 2581948 1 1340 570 322
9433 7396 2581958 1 1340 570 315
9421 7409 2581968 1 1340 570 315
9410 7416 2581978 1 1340 570 315
9404 7421 2581988 1 1350 570 314
9399 7421 2581998 1 1350 570 312
9393 7413 2582008 1 1350 570 309
9381 7385 2582018 1 1350 570 309
9366 7342 2582028 1 1350 570 314
9344 7275 2582038 1 1350 570 315
9316 7191 2582048 1 1350 570 317
9285 7095 2582058 1 1350 570 325
9250 6977 2582068 1 1350 570 335
9212 6842 2582078 1 1350 570 334
9172 6695 2582088 1 1350 570 341
9130 6542 2582098 1 1340 560 349
9088 6373 2582108 1 1340 560 356
9049 6194 2582118 1 1350 570 359
9008 6018 2582128 1 1350 570 363
8968 5841 2582138 1 1350 570 364
8924 5668 2582148 1 1350 570 362
8877 5503 2582158 1 1340 570 372
8835 5340 2582168 1 1340 570 382
8795 5163 2582178 1 1340 570 386
8760 4996 2582188 1 1340 570 393
8730 4835 2582198 1 1310 570 399
8707 4689 2582208 1 1310 570 397
8695 4584 2582218 1 1300 580 402
8695 4506 2582228 1 1280 580 402
8709 4455 2582238 1 1280 580 407
8738 4434 2582248 1 1260 580 410
8772 4434 2582258 1 1260 580 420
8827 4461 2582268 1 1260 580 420
8894 4512 2582278 1 1240 580 425
8972 4578 2582288 1 1240 580 418
9050 4667 2582298 1 1230 590 420
9147 4787 2582308 1 1230 590 422
9255 4927 2582318 1 1230 590 425
9380 5072 2582328 1 1230 590 425
9505 5223 2582338 1 1230 590 427
9628 5377 2582348 1 1230 590 423
9736 5524 2582358 1 1230 590 420
9835 5654 2582368 1 1230 590 420
9922 5772 2582378 1 1230 590 423
9990 5893 2582388 1 1230 590 415
10045 6003 2582398 1 1240 600 412
10083 6091 2582408 1 1240 600 405
10108 6169 2582418 1 1250 590 405
10125 6229 2582428 1 1250 590 397
10130 6272 2582438 1 1250 590 389
10125 6304 2582448 1 1280 590 398
10113 6321 2582458 1 1280 590 382
10092 6321 2582468 1 1280 590 362
10061 6312 2582478 1 1290 590 369
10023 6284 2582488 1 1290 590 364
9980 6239 2582498 1 1320 590 364
9936 6184 2582508 1 1320 590 364
9890 6121 2582518 1 1340 580 369
9858 6053 2582528 1 1340 580 361
9832 5977 2582538 1 1340 580 366
9817 5887 2582548 1 1350 580 377
9812 5787 2582558 1 1350 580 384
9812 5696 2582568 1 1340 580 394
9831 5602 2582578 1 1320 580 399
9854 5498 2582588 1 1320 580 391
9884 5385 2582598 1 1320 580 404
9919 5265 2582608 1 1310 570 402
9955 5137 2582618 1 1310 570 412
9991 5005 2582628 1 1310 570 414
10027 4856 2582638 1 1300 580 425
10059 4697 2582648 1 1300 580 438
10090 4559 2582658 1 1300 580 439
10125 4419 2582668 1 1280 580 440
10160 4272 2582678 1 1280 580 448
10195 4128 2582688 1 1270 590 453
10227 3987 2582698 1 1270 590 456
10258 3846 2582708 1 1260 600 460
10284 3700 2582718 1 1260 600 466
10306 3574 2582728 1 1260 600 465
10326 3463 2582738 1 1260 600 472
10339 3356 2582748 1 1250 600 478
10350 3259 2582758 1 1250 600 485
10359 3168 2582768 1 1250 600 491
10359 3104 2582778 1 1250 600 490
10366 3067 2582788 1 1230 610 493
10366 3048 2582798 1 1230 610 495
10366 3048 2582808 1 1230 610 498
10366 3055 2582818 1 1230 610 490
10347 3066 2582828 1 1230 610 480
10320 3105 2582838 1 1230 610 477
10285 3150 2582848 1 1220 610 467
10244 3200 2582858 1 1230 620 469
10195 3246 2582868 1 1230 620 452
10140 3291 2582878 1 1230 620 448
10077 3332 2582888 1 1230 620 430
9998 3367 2582898 1 1230 620 423
9907 3392 2582908 1 1230 620 400
9809 3408 2582918 1 1230 620 393
9710 3408 2582928 1 1230 620 372
9611 3408 2582938 1 1230 620 362
9506 3388 2582948 1 1230 620 373
9400 3365 2582958 1 1230 620 373
9294 3333 2582968 1 1230 620 373
9209 3301 2582978 1 1210 630 361
9130 3270 2582988 1 1210 630 362
9072 3244 2582998 1 1210 630 369
9027 3228 2583008 1 1210 630 374
9004 3220 2583018 1 1210 630 371
9004 3220 2583028 1 1210 630 369
9011 3248 2583038 1 1210 630 369
9040 3289 2583048 1 1210 630 371
9090 3345 2583058 1 1210 630 371
9155 3409 2583068 1 1200 620 372
9236 3478 2583078 1 1210 630 371
9338 3550 2583088 1 1210 630 369
9454 3626 2583098 1 1210 630 371
9580 3706 2583108 1 1210 630 371
9705 3798 2583118 1 1210 630 369
9829 3888 2583128 1 1210 630 371
9963 3972 2583138 1 1210 630 371
10081 4050 2583148 1 1210 630 371
10187 4124 2583158 1 1210 630 372
10291 4195 2583168 1 1230 620 374
10396 4259 2583178 1 1230 620 374
10504 4312 2583188 1 1230 620 379
10597 4347 2583198 1 1230 620 382
10681 4371 2583208 1 1230 620 384
10754 4376 2583218 1 1230 620 384
10813 4363 2583228 1 1230 620 382
10863 4338 2583238 1 1240 620 382
10900 4298 2583248 1 1240 620 382
10924 4255 2583258 1 1240 620 386
10940 4207 2583268 1 1240 620 389
10940 4162 2583278 1 1240 620 389
10940 4118 2583288 1 1240 620 389
10940 4081 2583298 1 1240 620 387
10926 4044 2583308 1 1240 620 386
10915 4009 2583318 1 1240 620 344
10899 3973 2583328 1 1240 620 70
