367
3723 7592 9399025 0 1450 530 348
3777 7701 9399035 1 1450 530 405
3765 7747 9399045 1 1450 530 447
3723 7812 9399055 1 1450 530 473
3692 7845 9399065 1 1430 530 472
3682 7857 9399075 1 1430 530 448
3682 7857 9399085 1 1430 530 422
3663 7852 9399095 1 1430 530 404
3639 7845 9399105 1 1430 530 397
3587 7787 9399115 1 1410 530 397
3493 7697 9399125 1 1410 530 404
3371 7593 9399135 1 1410 530 402
3234 7407 9399145 1 1400 540 400
3069 7166 9399155 1 1400 540 402
2884 6889 9399165 1 1390 540 402
2694 6611 9399175 1 1390 540 436
2511 6332 9399185 1 1390 540 469
2333 6098 9399195 1 1390 540 473
2219 5894 9399205 1 1390 540 475
2143 5727 9399215 1 1360 540 480
2093 5617 9399225 1 1370 540 480
2074 5545 9399235 1 1370 540 473
2074 5513 9399245 1 1360 550 468
2082 5495 9399255 1 1360 550 447
2101 5487 9399265 1 1360 550 422
2122 5466 9399275 1 1350 550 346
2147 5441 9399285 1 1350 550 200
2034 4608 9399365 0 1280 580 305
2019 4393 9399375 1 1280 580 417
1975 4375 9399385 1 1280 580 490
1956 4365 9399395 1 1280 580 519
1956 4360 9399405 1 1270 590 513
1956 4360 9399415 1 1270 590 524
1982 4386 9399425 1 1270 590 533
2022 4428 9399435 1 1250 590 532
2113 4547 9399445 1 1250 590 526
2246 4750 9399455 1 1250 590 521
2407 5008 9399465 1 1240 580 512
2618 5312 9399475 1 1240 580 499
2845 5629 9399485 1 1240 580 480
3083 5954 9399495 1 1240 580 481
3328 6244 9399505 1 1240 580 480
3535 6486 9399515 1 1240 580 486
3716 6696 9399525 1 1260 580 493
3868 6867 9399535 1 1260 580 496
3997 7010 9399545 1 1260 580 495
4110 7135 9399555 1 1270 570 474
4202 7213 9399565 1 1270 560 392
4247 7249 9399575 1 1290 560 301
4261 7257 9399585 1 1290 560 269
4231 7226 9399595 1 1300 550 257
4149 7138 9399605 1 1310 550 249
4033 7013 9399615 1 1340 550 244
3906 6848 9399625 1 1340 550 247
3763 6699 9399635 1 1350 540 260
3609 6560 9399645 1 1350 540 285
3472 6391 9399655 1 1350 540 306
3348 6171 9399665 1 1360 540 335
3233 5918 9399675 1 1360 540 341
3118 5592 9399685 1 1350 540 346
3031 5228 9399695 1 1350 540 374
2962 4840 9399705 1 1350 540 394
2907 4570 9399715 1 1340 550 415
2873 4444 9399725 1 1320 550 491
2852 4413 9399735 1 1320 550 520
2859 4437 9399745 1 1310 560 509
2907 4553 9399755 1 1300 560 475
2981 4730 9399765 1 1300 560 447
3089 4965 9399775 1 1280 570 427
3208 5201 9399785 1 1270 570 397
3333 5442 9399786 1 1270 570 371
3447 5699 9399796 1 1260 580 336
3549 5963 9399806 1 1260 580 344
3642 6242 9399816 1 1260 580 336
3722 6531 9399826 1 1260 580 366
3779 6826 9399836 1 1260 580 398
3821 7083 9399846 1 1260 580 420
3834 7239 9399856 1 1270 570 428
3828 7329 9399866 1 1270 570 444
3809 7351 9399876 1 1280 570 425
3783 7342 9399886 1 1300 560 415
3738 7312 9399896 1 1320 570 414
3681 7254 9399906 1 1340 560 422
3619 7179 9399916 1 1350 550 425
3560 7093 9399926 1 1360 550 422
3517 7014 9399936 1 1360 550 423
3482 6930 9399946 1 1370 540 423
3455 6836 9399956 1 1370 540 423
3430 6733 9399966 1 1370 540 422
3409 6626 9399976 1 1390 540 414
3394 6444 9399986 1 1390 540 415
3385 6203 9399996 1 1390 540 423
3385 5922 9400006 1 1390 540 422
3385 5616 9400016 1 1390 540 418
3391 5330 9400026 1 1390 540 417
3386 5057 9400036 1 1370 540 417
3375 4787 9400046 1 1370 540 422
3360 4548 9400056 1 1360 550 438
3347 4331 9400066 1 1350 550 491
3347 4019 9400076 1 1340 560 522
3352 3698 9400086 1 1320 570 556
3372 3370 9400096 1 1310 570 567
3404 3052 9400106 1 1300 580 574
3443 2792 9400116 1 1280 580 580
3486 2571 9400126 1 1280 580 591
3534 2422 9400136 1 1270 590 616
3565 2317 9400146 1 1260 600 619
3582 2242 9400156 1 1250 600 641
3602 2191 9400166 1 1230 610 638
3622 2165 9400176 1 1230 610 668
3641 2156 9400186 1 1220 610 687
3669 2156 9400196 1 1220 610 703
3717 2201 9400206 1 1220 610 714
3778 2268 9400216 1 1220 610 721
3863 2424 9400226 1 1220 610 721
3976 2670 9400236 1 1220 610 713
4107 2977 9400246 1 1220 610 705
4266 3380 9400256 1 1220 610 694
4418 3813 9400266 1 1220 610 669
4564 4267 9400276 1 1200 600 638
4696 4726 9400286 1 1220 600 624
4830 5183 9400296 1 1220 600 614
4953 5639 9400306 1 1240 600 616
5069 6094 9400316 1 1230 590 614
5211 6533 9400326 1 1240 580 611
5367 6917 9400336 1 1260 580 614
5533 7264 9400346 1 1270 570 613
5700 7588 9400356 1 1300 560 609
5869 7844 9400366 1 1310 560 575
6010 8056 9400376 1 1320 550 532
6130 8212 9400386 1 1350 550 496
6257 8319 9400396 1 1370 540 444
6354 8393 9400406 1 1390 540 414
6431 8463 9400416 1 1410 530 417
6493 8531 9400426 1 1420 530 413
6537 8576 9400436 1 1420 530 415
6568 8606 9400446 1 1430 520 415
6589 8614 9400456 1 1440 510 412
6605 8620 9400466 1 1460 520 409
6617 8606 9400476 1 1460 520 405
6617 8580 9400486 1 1470 510 405
6606 8524 9400496 1 1470 510 402
6584 8433 9400506 1 1470 510 400
6532 8318 9400516 1 1470 510 400
6471 8187 9400526 1 1470 510 394
6404 8036 9400536 1 1470 510 396
6341 7872 9400546 1 1470 510 382
6278 7723 9400556 1 1470 510 371
6215 7532 9400566 1 1470 510 367
6157 7313 9400576 1 1470 510 367
6104 7064 9400586 1 1470 510 366
6059 6767 9400596 1 1470 510 371
6033 6439 9400606 1 1470 510 377
6020 6073 9400616 1 1460 520 376
6004 5693 9400626 1 1460 520 381
5987 5305 9400636 1 1460 520 382
5963 4886 9400646 1 1450 530 381
5934 4491 9400656 1 1450 530 382
5905 4112 9400666 1 1430 530 381
5878 3733 9400676 1 1420 540 384
5857 3458 9400686 1 1410 550 396
5840 3252 9400696 1 1410 560 397
5840 3119 9400706 1 1400 560 413
5840 3070 9400716 1 1390 570 443
5849 3078 9400726 1 1380 580 450
5876 3131 9400736 1 1360 580 449
5915 3293 9400746 1 1350 590 422
5973 3529 9400756 1 1340 600 404
6035 3855 9400766 1 1340 600 398
6104 4252 9400776 1 1320 600 376
6178 4696 9400786 1 1310 610 367
6253 5156 9400796 1 1310 610 367
6315 5638 9400806 1 1310 610 367
6369 6134 9400816 1 1310 610 371
6414 6623 9400826 1 1320 600 389
6458 7049 9400836 1 1340 600 397
6503 7432 9400846 1 1350 590 425
6574 7795 9400856 1 1350 580 444
6663 8061 9400866 1 1360 570 439
6782 8263 9400876 1 1390 560 449
6913 8403 9400886 1 1390 550 431
7051 8519 9400896 1 1400 540 412
7203 8618 9400906 1 1410 530 393
7355 8700 9400916 1 1420 530 372
7506 8762 9400926 1 1430 520 374
7631 8811 9400936 1 1440 510 374
7740 8835 9400946 1 1450 510 387
7824 8814 9400956 1 1480 500 394
7885 8763 9400966 1 1480 500 410
7930 8646 9400976 1 1480 500 415
7957 8469 9400986 1 1500 500 413
7957 8253 9400996 1 1500 500 397
7946 7990 9401006 1 1510 490 381
7872 7710 9401016 1 1510 500 369
7751 7420 9401026 1 1510 500 366
7599 7149 9401036 1 1510 500 369
7428 6932 9401046 1 1510 500 374
7243 6751 9401056 1 1500 510 386
7048 6643 9401066 1 1500 510 398
6870 6559 9401076 1 1500 510 394
6687 6490 9401086 1 1500 510 407
6546 6455 9401088 1 1500 510 414
6434 6440 9401098 1 1500 510 440
6364 6440 9401108 1 1500 510 461
6333 6445 9401118 1 1500 510 464
6333 6451 9401128 1 1500 510 473
6349 6481 9401138 1 1480 510 474
6439 6528 9401148 1 1480 510 466
6575 6618 9401158 1 1480 510 452
6755 6707 9401168 1 1470 510 438
6940 6795 9401178 1 1470 510 420
7127 6859 9401188 1 1470 510 418
7309 6871 9401198 1 1470 510 417
7437 6848 9401208 1 1450 510 414
7530 6757 9401218 1 1450 510 422
7554 6607 9401228 1 1470 510 414
7506 6418 9401238 1 1470 510 414
7411 6211 9401248 1 1470 510 433
7265 6013 9401258 1 1470 510 450
7158 5881 9401268 1 1460 520 458
7077 5790 9401278 1 1470 520 439
7067 5763 9401288 1 1460 530 405
7126 5763 9401298 1 1460 530 276
7571 5886 9401338 0 1460 540 70
7883 5964 9401348 1 1460 540 221
7959 5976 9401358 1 1460 540 332
7987 5971 9401368 1 1460 540 415
7992 5955 9401378 1 1460 540 465
7985 5932 9401388 1 1460 540 483
7969 5905 9401398 1 1460 540 491
7969 5873 9401408 1 1450 550 474
7993 5843 9401418 1 1460 550 425
8024 5821 9401428 1 1460 550 361
8060 5805 9401438 1 1460 550 335
8092 5794 9401448 1 1460 550 325
8112 5783 9401458 1 1460 550 338
8124 5743 9401468 1 1460 550 405
8109 5684 9401478 1 1460 550 466
8089 5561 9401488 1 1450 560 489
8066 5369 9401498 1 1450 560 520
8052 5132 9401508 1 1450 560 515
8071 4899 9401518 1 1440 570 512
8111 4653 9401528 1 1440 570 512
8185 4409 9401538 1 1460 570 521
8263 4170 9401548 1 1460 570 516
8361 3891 9401558 1 1440 580 513
8470 3598 9401568 1 1440 580 521
8580 3295 9401578 1 1430 590 515
8666 2952 9401588 1 1430 590 516
8737 2633 9401598 1 1420 590 492
8772 2330 9401608 1 1420 590 478
8779 2095 9401618 1 1420 590 474
8767 1907 9401628 1 1410 600 473
8712 1750 9401638 1 1390 610 474
8618 1625 9401648 1 1380 610 467
8498 1546 9401658 1 1380 630 478
8329 1499 9401668 1 1370 630 485
8147 1479 9401678 1 1330 650 478
7956 1489 9401688 1 1330 660 474
7752 1518 9401698 1 1310 670 428
7576 1589 9401708 1 1310 670 339
7419 1713 9401718 1 1310 670 139
7286 1873 9401728 1 1310 670 1
7177 2080 9401738 1 1310 670 12
7084 2335 9401748 1 1310 670 141
7000 2623 9401758 1 1310 670 284
6917 2897 9401768 1 1310 670 442
6873 3112 9401778 1 1300 660 551
6854 3287 9401788 1 1320 650 592
6872 3420 9401798 1 1320 650 603
6930 3521 9401808 1 1320 640 606
7014 3602 9401818 1 1330 630 603
7160 3722 9401828 1 1350 630 578
7362 3878 9401838 1 1350 620 538
7600 4058 9401848 1 1380 600 485
7869 4255 9401858 1 1390 600 439
8128 4457 9401868 1 1380 590 444
8379 4662 9401878 1 1390 580 449
8616 4863 9401888 1 1390 580 463
8850 5059 9401898 1 1410 590 478
9083 5248 9401908 1 1410 590 489
9302 5442 9401918 1 1420 580 492
9539 5646 9401928 1 1420 580 489
9787 5863 9401938 1 1430 590 491
10026 6092 9401948 1 1430 590 489
10219 6330 9401958 1 1430 590 491
10381 6593 9401968 1 1460 580 489
10540 6872 9401978 1 1460 580 496
10676 7163 9401988 1 1470 590 491
10797 7473 9401998 1 1470 590 472
10916 7797 9402008 1 1500 580 465
11039 8114 9402018 1 1500 580 455
11148 8388 9402028 1 1510 580 450
11245 8634 9402038 1 1530 580 452
11339 8769 9402048 1 1540 570 452
11401 8840 9402058 1 1540 570 453
11442 8868 9402068 1 1550 580 455
11429 8868 9402078 1 1560 570 442
11407 8856 9402088 1 1560 570 435
11380 8843 9402098 1 1560 570 418
11331 8790 9402108 1 1570 560 391
11274 8701 9402118 1 1570 560 359
11211 8589 9402128 1 1580 560 338
11140 8424 9402138 1 1580 560 334
11049 8213 9402148 1 1580 560 334
10945 7971 9402158 1 1590 550 353
10835 7660 9402168 1 1590 550 371
10709 7265 9402178 1 1580 560 361
10573 6815 9402188 1 1580 560 371
10436 6392 9402198 1 1580 560 351
10300 5980 9402208 1 1580 560 336
10165 5576 9402218 1 1570 570 334
10033 5286 9402228 1 1570 570 351
9907 5035 9402238 1 1570 570 396
9784 4809 9402248 1 1570 580 438
9712 4657 9402258 1 1550 580 461
9700 4577 9402268 1 1540 580 478
9727 4546 9402278 1 1540 580 488
9824 4561 9402288 1 1530 590 478
9984 4649 9402298 1 1530 590 460
10185 4785 9402308 1 1520 600 420
10403 4987 9402318 1 1510 600 389
10621 5204 9402328 1 1500 600 398
10797 5432 9402338 1 1500 600 394
10946 5653 9402348 1 1500 600 422
11046 5841 9402358 1 1510 610 452
11097 6008 9402368 1 1510 610 472
11115 6050 9402378 1 1510 610 472
11109 6037 9402388 1 1510 610 473
11092 5987 9402398 1 1530 610 475
11068 5861 9402408 1 1540 600 443
11030 5702 9402418 1 1540 600 407
10988 5520 9402428 1 1540 600 393
10943 5314 9402438 1 1550 600 393
10919 5110 9402448 1 1550 600 404
10901 4908 9402458 1 1550 600 453
10909 4663 9402468 1 1550 600 501
10931 4404 9402478 1 1540 600 515
10977 4135 9402488 1 1540 600 526
11023 3792 9402498 1 1540 600 527
11069 3502 9402508 1 1530 610 515
11085 3247 9402518 1 1530 610 512
11085 3054 9402528 1 1530 610 510
11039 2921 9402538 1 1520 620 510
10948 2827 9402548 1 1520 620 512
10823 2776 9402558 1 1510 630 514
10669 2776 9402568 1 1510 630 515
10498 2799 9402578 1 1500 640 515
10316 2874 9402588 1 1500 640 512
10168 2998 9402598 1 1500 640 544
10087 3154 9402608 1 1500 640 591
10051 3307 9402618 1 1500 640 641
10128 3448 9402628 1 1500 640 691
10343 3581 9402638 1 1500 640 748
10651 3722 9402648 1 1500 640 753
11084 3858 9402658 1 1500 640 762
11542 3990 9402668 1 1500 640 757
12016 4058 9402678 1 1500 640 750
12395 4083 9402688 1 1500 640 763
12604 4083 9402698 1 1500 650 760
12699 4055 9402708 1 1500 650 760
12699 3992 9402718 1 1500 650 760
12699 3904 9402728 1 1500 650 760
12699 3791 9402738 1 1500 650 760
12699 3658 9402748 1 1500 650 760
12699 3512 9402758 1 1500 650 760
12699 3445 9402768 1 1500 650 760
