503
2354 6518 644927 0 1490 520 160
2354 6518 644937 1 1490 520 276
2354 6518 644947 1 1490 520 289
2354 6518 644957 1 1470 520 291
2354 6518 644967 1 1470 520 296
2354 6518 644977 1 1470 520 317
2354 6518 644987 1 1460 530 353
2354 6518 644997 1 1460 530 366
2354 6518 645007 1 1460 530 409
2354 6518 645017 1 1450 540 440
2354 6518 645027 1 1430 530 475
2472 6605 645037 1 1430 530 502
2593 6678 645047 1 1430 530 530
2736 6758 645057 1 1430 530 535
2862 6844 645067 1 1430 530 546
2990 6933 645077 1 1430 530 539
3120 7007 645087 1 1430 530 543
3221 7049 645097 1 1430 530 542
3304 7071 645107 1 1430 530 543
3363 7071 645117 1 1430 530 540
3408 7061 645127 1 1450 530 543
3443 7037 645137 1 1450 530 543
3472 6992 645147 1 1450 530 546
3485 6923 645157 1 1460 520 550
3485 6839 645167 1 1460 520 556
3466 6746 645177 1 1470 520 562
3415 6628 645187 1 1470 520 560
3343 6493 645197 1 1470 520 577
3255 6337 645207 1 1470 520 592
3151 6188 645217 1 1470 520 592
3036 6045 645227 1 1470 520 591
2941 5904 645237 1 1470 520 595
2870 5794 645247 1 1460 530 602
2814 5706 645257 1 1460 530 602
2782 5644 645267 1 1430 530 600
2766 5605 645277 1 1420 540 600
2761 5581 645287 1 1420 540 592
2766 5570 645297 1 1410 550 600
2776 5570 645307 1 1410 550 599
2795 5570 645317 1 1400 550 602
2839 5593 645327 1 1400 550 608
2899 5647 645337 1 1390 560 611
2991 5722 645347 1 1390 560 614
3105 5816 645357 1 1390 560 614
3233 5913 645367 1 1390 560 617
3354 6013 645377 1 1390 560 617
3464 6081 645387 1 1390 560 620
3566 6123 645397 1 1390 560 616
3656 6149 645407 1 1400 560 616
3724 6161 645417 1 1400 560 616
3776 6154 645427 1 1410 560 614
3813 6135 645437 1 1410 560 614
3838 6100 645447 1 1430 550 617
3856 6060 645457 1 1430 550 614
3868 6000 645467 1 1430 550 613
3863 5928 645477 1 1440 540 614
3847 5828 645487 1 1440 540 617
3808 5727 645497 1 1440 540 619
3744 5623 645507 1 1450 540 611
3662 5514 645517 1 1450 540 611
3576 5396 645527 1 1440 540 616
3492 5273 645537 1 1440 540 614
3415 5174 645547 1 1440 540 617
3355 5097 645557 1 1440 540 616
3305 5036 645567 1 1430 550 614
3271 4995 645577 1 1410 550 616
3258 4978 645587 1 1410 550 619
3258 4978 645597 1 1410 550 617
3266 4978 645607 1 1400 550 613
3299 4992 645617 1 1400 550 613
3349 5021 645627 1 1400 550 622
3430 5085 645637 1 1400 550 625
3541 5165 645647 1 1400 550 633
3671 5255 645657 1 1400 550 641
3812 5336 645667 1 1400 550 636
3924 5392 645677 1 1400 550 643
4017 5431 645687 1 1400 550 638
4094 5437 645697 1 1400 550 638
4149 5423 645707 1 1400 550 637
4190 5395 645717 1 1400 550 640
4220 5344 645727 1 1400 550 638
4236 5273 645737 1 1410 560 641
4243 5189 645747 1 1410 560 644
4229 5091 645757 1 1410 560 656
4188 4960 645767 1 1400 560 661
4130 4806 645777 1 1400 560 676
4050 4641 645787 1 1400 560 694
3953 4454 645797 1 1400 560 699
3844 4253 645807 1 1390 570 724
3730 4060 645817 1 1390 570 727
3619 3873 645827 1 1390 570 736
3511 3690 645837 1 1380 580 742
3423 3541 645847 1 1380 580 740
3338 3405 645857 1 1360 580 727
3257 3278 645867 1 1360 580 696
3178 3167 645877 1 1350 590 659
3101 3093 645887 1 1340 600 595
3043 3044 645897 1 1340 600 497
2996 3018 645907 1 1320 600 339
2958 3012 645917 1 1320 600 65
4477 6528 647270 0 1500 460 193
4477 6528 647280 1 1480 460 207
4394 6580 647290 1 1480 460 262
4381 6592 647300 1 1460 470 314
4372 6598 647310 1 1460 470 361
4372 6603 647320 1 1450 470 396
4365 6612 647330 1 1440 470 414
4365 6619 647340 1 1440 470 427
4365 6625 647350 1 1440 470 430
4365 6636 647360 1 1430 480 435
4388 6658 647370 1 1420 470 441
4419 6688 647380 1 1420 470 443
4465 6731 647390 1 1420 470 463
4532 6780 647400 1 1420 470 470
4613 6834 647410 1 1420 470 486
4711 6903 647420 1 1430 480 496
4814 6975 647430 1 1430 480 497
4920 7048 647440 1 1430 480 504
5023 7107 647450 1 1440 480 514
5127 7163 647460 1 1440 480 512
5230 7209 647470 1 1440 480 516
5325 7247 647480 1 1460 480 524
5414 7277 647490 1 1460 480 527
5488 7297 647500 1 1470 480 529
5552 7307 647510 1 1470 480 532
5610 7307 647520 1 1480 470 530
5655 7293 647530 1 1490 480 532
5695 7269 647540 1 1490 480 533
5731 7232 647550 1 1500 480 533
5757 7189 647560 1 1500 480 535
5773 7135 647570 1 1510 470 537
5782 7075 647580 1 1520 480 538
5782 7008 647590 1 1520 480 540
5769 6932 647600 1 1520 480 543
5742 6852 647610 1 1520 480 536
5709 6771 647620 1 1520 480 537
5673 6696 647630 1 1510 480 543
5635 6620 647640 1 1510 480 548
5589 6524 647650 1 1510 480 548
5536 6415 647660 1 1510 480 554
5478 6307 647670 1 1490 490 554
5419 6197 647680 1 1490 490 557
5357 6086 647690 1 1490 490 561
5293 5973 647700 1 1490 490 568
5225 5855 647710 1 1480 500 568
5160 5752 647720 1 1480 500 570
5099 5659 647730 1 1480 500 561
5035 5560 647740 1 1480 500 560
4970 5458 647750 1 1470 510 561
4903 5353 647760 1 1470 510 563
4836 5249 647770 1 1460 520 563
4768 5169 647780 1 1460 520 563
4706 5102 647790 1 1450 530 566
4661 5055 647800 1 1450 530 567
4628 5023 647810 1 1450 530 569
4609 5001 647820 1 1420 530 569
4595 4991 647830 1 1420 530 569
4595 4991 647840 1 1420 530 570
4590 4991 647850 1 1400 530 575
4590 4986 647860 1 1400 530 578
4590 4986 647870 1 1400 530 580
4590 4986 647880 1 1400 530 580
4590 4986 647890 1 1390 520 580
4590 4986 647900 1 1390 520 580
4590 4986 647910 1 1390 520 580
4590 4986 647920 1 1370 520 584
4590 4986 647930 1 1370 520 591
4590 4986 647940 1 1370 520 591
4590 4986 647950 1 1370 520 591
4590 4986 647960 1 1360 510 589
4590 4986 647970 1 1360 510 585
4590 4986 647980 1 1360 510 588
4590 4986 647990 1 1360 510 586
4590 4986 648000 1 1360 510 589
4590 4986 648010 1 1360 510 594
4590 4986 648020 1 1360 510 584
4590 4986 648030 1 1360 510 591
4590 4986 648040 1 1360 510 591
4590 4986 648050 1 1360 510 589
4590 4986 648060 1 1360 510 591
4590 4986 648070 1 1360 510 594
4590 4986 648080 1 1360 510 595
4590 4986 648090 1 1360 510 585
4590 4986 648100 1 1360 510 586
4590 4986 648110 1 1360 510 595
4590 4986 648120 1 1360 510 585
4590 4986 648130 1 1360 510 585
4590 4986 648140 1 1360 510 592
4590 4992 648150 1 1360 510 594
4590 4997 648160 1 1360 510 595
4590 5006 648170 1 1360 510 594
4590 5017 648180 1 1360 510 595
4590 5029 648190 1 1350 510 592
4596 5049 648200 1 1350 510 594
4596 5074 648210 1 1350 510 594
4605 5103 648220 1 1350 510 585
4612 5136 648230 1 1360 510 594
4622 5168 648240 1 1360 510 592
4634 5199 648250 1 1360 510 585
4650 5229 648260 1 1360 510 588
4673 5261 648270 1 1360 510 591
4699 5294 648280 1 1360 510 592
4729 5337 648290 1 1360 510 595
4768 5382 648300 1 1360 510 602
4813 5428 648310 1 1360 510 606
4855 5467 648320 1 1370 520 609
4899 5504 648330 1 1370 520 611
4945 5539 648340 1 1370 520 609
4997 5574 648350 1 1370 520 614
5052 5609 648360 1 1370 520 613
5116 5649 648370 1 1370 530 613
5186 5692 648380 1 1370 530 611
5262 5733 648390 1 1370 530 611
5341 5774 648400 1 1370 530 613
5418 5821 648410 1 1390 540 613
5492 5873 648420 1 1390 540 614
5570 5919 648430 1 1400 530 613
5650 5966 648440 1 1400 530 614
5734 6015 648450 1 1410 530 616
5822 6065 648460 1 1420 530 616
5901 6121 648470 1 1420 530 620
5975 6182 648480 1 1430 530 620
6050 6246 648490 1 1450 530 613
6125 6315 648500 1 1450 530 611
6195 6388 648510 1 1470 520 619
6261 6464 648520 1 1470 520 619
6321 6544 648530 1 1480 510 619
6373 6622 648540 1 1490 520 620
6420 6699 648550 1 1490 520 617
6461 6779 648560 1 1500 510 613
6495 6862 648570 1 1510 510 614
6523 6949 648580 1 1510 510 616
6538 7028 648590 1 1520 510 616
6548 7092 648600 1 1530 510 620
6554 7146 648610 1 1530 510 619
6548 7192 648620 1 1540 500 613
6532 7233 648630 1 1540 500 610
6510 7276 648640 1 1540 500 617
6484 7320 648650 1 1550 500 613
6456 7366 648660 1 1560 500 606
6426 7407 648670 1 1560 500 603
6396 7445 648680 1 1560 500 595
6355 7478 648690 1 1560 500 589
6306 7505 648700 1 1570 490 595
6252 7527 648710 1 1570 490 594
6198 7540 648720 1 1570 490 592
6144 7545 648730 1 1570 490 591
6099 7545 648740 1 1580 480 589
6059 7545 648750 1 1580 480 589
6027 7537 648760 1 1580 480 589
5998 7525 648770 1 1580 480 588
5967 7507 648780 1 1580 480 589
5936 7487 648790 1 1580 480 586
5905 7464 648800 1 1580 480 588
5871 7435 648810 1 1580 480 584
5834 7399 648820 1 1580 480 584
5791 7356 648830 1 1580 480 584
5748 7310 648840 1 1580 480 589
5709 7267 648850 1 1580 480 589
5675 7226 648860 1 1580 480 589
5648 7192 648870 1 1570 480 589
5623 7158 648880 1 1570 480 591
5600 7124 648890 1 1570 480 589
5578 7089 648900 1 1550 470 591
5558 7052 648910 1 1550 470 591
5539 7010 648920 1 1550 470 589
5520 6961 648930 1 1540 470 591
5503 6907 648940 1 1540 470 589
5488 6847 648950 1 1540 470 591
5474 6800 648960 1 1530 470 592
5461 6761 648970 1 1530 470 594
5452 6713 648980 1 1520 480 595
5443 6663 648990 1 1520 480 585
5434 6609 649000 1 1510 470 588
5425 6554 649010 1 1500 480 588
5425 6497 649020 1 1500 480 589
5419 6442 649030 1 1500 480 591
5419 6388 649040 1 1500 480 592
5419 6339 649050 1 1490 490 592
5424 6292 649060 1 1490 490 592
5424 6245 649070 1 1490 490 595
5434 6202 649080 1 1480 500 594
5442 6162 649090 1 1480 500 597
5450 6128 649100 1 1480 500 599
5459 6093 649110 1 1480 500 600
5470 6055 649120 1 1480 500 606
5480 6021 649130 1 1480 500 609
5490 5988 649140 1 1480 500 611
5501 5952 649150 1 1470 490 616
5510 5913 649160 1 1470 490 617
5521 5870 649163 1 1460 500 619
5521 5870 649173 1 1460 500 613
5543 5791 649183 1 1460 500 614
5553 5765 649193 1 1450 510 616
5565 5739 649203 1 1450 510 620
5577 5714 649213 1 1440 510 619
5590 5690 649223 1 1440 510 613
5602 5667 649233 1 1430 520 631
5615 5646 649243 1 1430 520 633
5629 5627 649253 1 1420 530 624
5643 5604 649263 1 1420 530 638
5656 5582 649273 1 1410 530 636
5672 5558 649283 1 1410 530 639
5688 5536 649293 1 1400 540 639
5703 5514 649303 1 1390 540 647
5715 5494 649313 1 1370 540 637
5730 5474 649323 1 1370 540 644
5749 5453 649333 1 1370 540 638
5767 5432 649343 1 1370 540 638
5783 5411 649353 1 1370 540 637
5802 5391 649363 1 1390 550 641
5821 5371 649373 1 1390 550 650
5839 5346 649383 1 1390 550 649
5859 5326 649393 1 1400 550 652
5878 5310 649403 1 1400 550 658
5899 5291 649413 1 1400 550 661
5921 5273 649423 1 1410 560 665
5944 5257 649433 1 1410 560 671
5970 5237 649443 1 1410 560 670
5998 5216 649453 1 1430 560 673
6028 5195 649463 1 1430 560 663
6060 5175 649473 1 1430 560 666
6092 5157 649483 1 1430 560 670
6126 5141 649493 1 1440 570 676
6161 5124 649503 1 1440 570 685
6201 5108 649513 1 1440 570 694
6248 5092 649523 1 1440 570 690
6300 5080 649533 1 1440 570 697
6351 5071 649543 1 1440 570 702
6403 5061 649553 1 1440 570 703
6456 5056 649563 1 1430 560 707
6511 5056 649573 1 1430 560 710
6567 5056 649583 1 1430 560 708
6623 5065 649593 1 1430 560 719
6680 5076 649603 1 1430 560 724
6738 5089 649613 1 1430 560 720
6800 5102 649623 1 1430 560 728
6866 5121 649633 1 1430 560 739
6930 5145 649643 1 1440 570 740
6990 5176 649653 1 1440 570 737
7052 5218 649663 1 1440 570 739
7114 5268 649673 1 1460 570 748
7178 5331 649683 1 1460 570 742
7232 5402 649693 1 1460 570 740
7280 5479 649703 1 1460 570 740
7319 5561 649713 1 1470 580 742
7342 5640 649723 1 1470 580 743
7354 5704 649733 1 1470 580 743
7354 5760 649743 1 1490 580 739
7337 5812 649753 1 1490 580 736
7314 5861 649763 1 1500 580 734
7276 5903 649773 1 1500 580 733
7232 5938 649783 1 1500 580 731
7185 5965 649793 1 1510 580 727
7132 5982 649803 1 1510 580 721
7075 5987 649813 1 1520 570 733
7016 5987 649823 1 1520 570 733
6955 5972 649833 1 1540 560 721
6898 5958 649843 1 1540 560 721
6850 5941 649853 1 1540 560 733
6810 5922 649863 1 1550 550 720
6781 5890 649873 1 1550 550 720
6758 5849 649883 1 1540 550 733
6741 5796 649893 1 1550 540 721
6728 5742 649903 1 1550 540 725
6720 5687 649913 1 1530 540 731
6720 5620 649923 1 1530 550 749
6742 5548 649933 1 1530 550 759
6779 5452 649943 1 1510 540 784
6869 5341 649953 1 1500 550 790
6965 5237 649963 1 1500 550 808
7090 5144 649973 1 1480 560 818
7232 5059 649983 1 1480 560 827
7402 4983 649993 1 1490 560 830
7562 4911 650003 1 1480 570 832
7714 4841 650013 1 1480 570 830
7858 4775 650023 1 1470 580 827
7969 4725 650033 1 1490 580 817
8058 4687 650043 1 1470 590 832
8119 4656 650053 1 1490 590 817
8158 4639 650063 1 1490 590 832
8183 4631 650073 1 1500 600 829
8183 4631 650083 1 1510 610 817
8183 4631 650093 1 1510 610 788
8169 4641 650103 1 1520 620 731
8145 4659 650113 1 1520 620 633
8113 4672 650123 1 1540 630 478
8076 4683 650133 1 1540 630 163
8243 7355 651586 0 1580 480 175
8225 7428 651596 1 1580 480 184
8180 7458 651606 1 1570 490 212
8164 7473 651616 1 1580 490 279
8164 7479 651626 1 1580 490 333
8164 7479 651636 1 1580 490 372
8164 7479 651646 1 1580 490 404
8164 7479 651656 1 1590 490 430
8169 7479 651666 1 1590 490 465
8202 7479 651676 1 1590 490 502
8254 7487 651686 1 1600 500 515
8353 7506 651696 1 1600 500 527
8470 7542 651706 1 1600 500 535
8600 7584 651716 1 1600 500 533
8729 7629 651726 1 1600 500 537
8858 7668 651736 1 1610 500 535
8966 7692 651746 1 1610 500 537
9058 7705 651756 1 1610 500 538
9116 7705 651766 1 1620 510 540
9158 7688 651776 1 1620 510 544
9188 7662 651786 1 1620 510 537
9209 7621 651796 1 1620 510 543
9209 7559 651806 1 1620 510 557
9209 7482 651816 1 1640 510 557
9185 7392 651826 1 1640 510 562
9137 7299 651836 1 1630 520 568
9070 7199 651846 1 1630 520 563
8981 7091 651856 1 1630 520 569
8880 6976 651866 1 1630 520 586
8772 6871 651876 1 1630 520 594
8682 6773 651886 1 1630 520 588
8598 6697 651896 1 1620 530 592
8540 6639 651906 1 1620 530 594
8497 6594 651916 1 1620 530 595
8473 6563 651926 1 1620 530 595
8466 6551 651936 1 1620 530 592
8466 6551 651946 1 1620 530 600
8475 6551 651956 1 1620 540 599
8485 6557 651966 1 1600 530 594
8527 6572 651976 1 1600 530 597
8589 6607 651986 1 1600 530 594
8665 6649 651996 1 1600 540 595
8755 6695 652006 1 1600 540 594
8854 6737 652016 1 1580 540 594
8967 6779 652026 1 1580 540 595
9068 6820 652036 1 1580 540 599
9162 6853 652046 1 1580 540 595
9244 6880 652056 1 1580 540 600
9310 6887 652066 1 1600 540 603
9365 6880 652076 1 1600 540 603
9406 6864 652086 1 1600 540 605
9436 6844 652096 1 1600 540 606
9458 6817 652106 1 1600 540 606
9469 6785 652116 1 1610 550 611
9462 6744 652126 1 1610 550 614
9444 6695 652136 1 1610 550 616
9403 6631 652146 1 1610 550 620
9339 6557 652156 1 1610 550 613
9260 6465 652166 1 1630 550 619
9168 6362 652176 1 1630 550 625
9062 6251 652186 1 1630 550 625
8946 6137 652196 1 1630 550 625
8819 6024 652206 1 1630 550 625
8695 5917 652216 1 1620 560 625
8592 5813 652226 1 1620 560 627
8503 5749 652236 1 1620 560 627
8435 5700 652246 1 1600 560 628
8385 5661 652256 1 1600 560 627
8348 5637 652266 1 1590 570 625
8335 5626 652276 1 1590 570 625
8327 5626 652286 1 1580 580 625
8327 5626 652296 1 1570 580 622
8332 5632 652306 1 1570 580 620
8363 5644 652316 1 1560 590 617
8410 5680 652326 1 1560 590 619
8490 5740 652336 1 1530 590 617
8600 5817 652346 1 1530 590 614
8730 5920 652356 1 1530 590 617
8900 6026 652366 1 1530 590 619
9071 6135 652376 1 1530 590 624
9244 6235 652386 1 1530 590 622
9414 6315 652396 1 1530 590 627
9560 6382 652406 1 1560 590 627
9689 6433 652416 1 1560 590 630
9788 6466 652426 1 1560 590 644
9883 6488 652436 1 1580 580 644
9974 6497 652446 1 1580 580 656
10046 6497 652456 1 1590 570 659
10109 6497 652466 1 1610 570 658
10165 6487 652476 1 1610 570 658
10206 6473 652486 1 1630 570 658
10234 6458 652496 1 1630 570 653
10252 6448 652506 1 1650 560 649
10261 6441 652516 1 1650 560 649
10266 6441 652526 1 1660 560 649
10266 6436 652536 1 1660 560 650
10266 6436 652546 1 1680 560 649
10266 6436 652556 1 1680 560 652
10266 6436 652566 1 1680 560 649
10256 6444 652576 1 1690 570 653
10250 6444 652586 1 1690 570 656
10242 6453 652596 1 1690 570 656
10233 6453 652606 1 1690 570 658
10233 6461 652616 1 1690 570 667
10228 6461 652626 1 1690 570 670
10228 6461 652636 1 1690 570 673
10228 6461 652646 1 1690 570 663
10228 6461 652656 1 1690 570 666
10228 6461 652666 1 1690 570 670
10228 6461 652676 1 1690 570 670
10228 6461 652686 1 1690 570 670
10228 6461 652696 1 1690 570 670
10228 6461 652706 1 1690 570 638
10228 6461 652716 1 1690 570 556
10228 6461 652726 1 1690 570 353
