249
2232 6380 81028112 0 1430 480 20
2195 6386 81028122 1 1440 480 29
2185 6392 81028132 1 1440 480 37
2173 6362 81028142 1 1440 480 51
2154 6302 81028152 1 1450 480 60
2129 6222 81028162 1 1450 480 104
2100 6110 81028172 1 1450 480 134
2068 5951 81028182 1 1450 480 155
2034 5761 81028192 1 1440 490 184
1998 5557 81028202 1 1440 490 191
1961 5288 81028212 1 1450 500 203
1916 4976 81028222 1 1440 500 205
1866 4630 81028232 1 1440 500 208
1812 4280 81028242 1 1430 510 208
1760 3927 81028252 1 1420 520 207
1708 3601 81028262 1 1410 520 208
1677 3351 81028272 1 1400 530 213
1652 3152 81028282 1 1390 540 220
1638 2992 81028292 1 1390 540 218
1638 2900 81028302 1 1370 540 215
1644 2854 81028312 1 1360 550 217
1654 2861 81028322 1 1350 550 213
1661 2913 81028332 1 1340 560 178
1670 2995 81028342 1 1320 570 175
1686 3161 81028352 1 1320 570 163
1706 3376 81028362 1 1310 570 165
1732 3623 81028372 1 1310 570 163
1774 3912 81028382 1 1300 560 165
1825 4209 81028392 1 1300 560 168
1894 4512 81028402 1 1300 560 168
1967 4768 81028412 1 1300 560 170
2067 5018 81028422 1 1300 560 173
2184 5264 81028432 1 1300 560 179
2315 5496 81028442 1 1310 560 170
2480 5683 81028452 1 1310 560 170
2667 5840 81028462 1 1310 560 171
2857 5976 81028472 1 1320 550 171
3051 6061 81028482 1 1330 540 171
3251 6113 81028492 1 1340 540 171
3409 6122 81028502 1 1350 530 175
3539 6078 81028512 1 1350 530 180
3633 6000 81028522 1 1360 520 188
3694 5868 81028532 1 1370 520 203
3734 5715 81028542 1 1380 510 207
3745 5547 81028552 1 1380 510 212
3723 5344 81028562 1 1400 510 213
3678 5140 81028572 1 1400 510 215
3596 4930 81028582 1 1400 510 213
3486 4711 81028592 1 1410 500 205
3358 4513 81028602 1 1410 500 185
3199 4329 81028612 1 1410 500 179
3020 4141 81028622 1 1410 500 167
2827 3987 81028632 1 1420 500 161
2632 3855 81028642 1 1410 510 158
2439 3739 81028652 1 1400 520 158
2248 3679 81028662 1 1390 520 161
2081 3656 81028672 1 1360 520 173
1965 3675 81028682 1 1360 520 171
1882 3724 81028692 1 1350 530 178
1852 3794 81028702 1 1360 540 178
1857 3862 81028712 1 1360 540 180
1885 3925 81028722 1 1350 540 178
1938 3980 81028732 1 1350 540 178
1994 4017 81028742 1 1350 540 180
2058 4042 81028752 1 1350 540 180
2134 4050 81028762 1 1350 540 181
2209 4050 81028772 1 1350 540 183
2282 4028 81028782 1 1350 540 196
2355 3990 81028792 1 1350 530 220
2429 3931 81028802 1 1350 530 226
2505 3852 81028812 1 1350 530 244
2587 3759 81028822 1 1350 530 245
2678 3663 81028832 1 1350 530 254
2766 3564 81028842 1 1350 530 259
2851 3460 81028852 1 1360 520 262
2952 3339 81028862 1 1360 520 272
3057 3207 81028872 1 1360 520 280
3178 3086 81028882 1 1350 520 285
3307 2977 81028892 1 1350 520 276
3443 2875 81028902 1 1350 520 276
3585 2778 81028912 1 1350 520 277
3741 2700 81028922 1 1350 520 279
3903 2636 81028932 1 1350 520 282
4062 2600 81028942 1 1340 520 279
4238 2593 81028952 1 1340 520 281
4424 2606 81028962 1 1340 520 281
4604 2647 81028972 1 1330 520 277
4786 2721 81028982 1 1330 520 279
4968 2817 81028992 1 1330 520 277
5137 2921 81029002 1 1330 520 276
5306 3033 81029012 1 1340 510 287
5456 3150 81029022 1 1340 510 280
5594 3291 81029032 1 1340 510 272
5730 3439 81029042 1 1340 510 267
5841 3593 81029052 1 1340 510 269
5935 3726 81029062 1 1340 510 267
5984 3842 81029072 1 1340 510 269
5999 3947 81029082 1 1350 520 269
5992 3998 81029092 1 1350 520 267
5961 4028 81029102 1 1360 510 270
5912 4044 81029112 1 1360 510 274
5852 4044 81029122 1 1370 520 282
5778 4022 81029132 1 1370 520 276
5706 3991 81029142 1 1370 520 284
5634 3941 81029152 1 1380 510 294
5577 3865 81029162 1 1380 510 302
5522 3772 81029172 1 1380 510 317
5474 3646 81029182 1 1370 510 315
5436 3515 81029192 1 1370 510 320
5403 3361 81029202 1 1370 510 324
5391 3193 81029212 1 1370 510 327
5391 3052 81029222 1 1360 510 329
5416 2931 81029232 1 1360 510 332
5457 2824 81029242 1 1360 510 334
5509 2736 81029252 1 1350 520 337
5575 2684 81029262 1 1340 510 337
5645 2655 81029272 1 1340 510 339
5738 2655 81029282 1 1340 510 342
5844 2710 81029292 1 1330 520 334
5948 2795 81029302 1 1330 520 336
6057 2913 81029312 1 1330 520 339
6173 3035 81029322 1 1340 520 343
6268 3159 81029332 1 1340 520 344
6350 3249 81029342 1 1340 520 344
6388 3291 81029352 1 1340 520 344
6399 3301 81029362 1 1340 520 344
6393 3301 81029372 1 1340 520 344
6386 3268 81029382 1 1340 520 349
6373 3219 81029392 1 1340 520 356
6356 3134 81029402 1 1350 530 368
6350 3046 81029412 1 1350 530 361
6361 2951 81029422 1 1350 530 371
6384 2856 81029432 1 1350 530 371
6434 2784 81029442 1 1360 520 376
6501 2727 81029452 1 1360 520 376
6579 2703 81029462 1 1360 520 381
6681 2712 81029472 1 1350 530 382
6787 2742 81029482 1 1350 530 381
6902 2806 81029492 1 1350 530 386
7001 2887 81029502 1 1350 530 386
7088 2979 81029512 1 1360 540 384
7172 3074 81029522 1 1360 540 384
7250 3181 81029532 1 1360 540 382
7324 3295 81029542 1 1350 540 366
7394 3425 81029552 1 1350 540 371
7456 3545 81029554 1 1350 540 364
7512 3658 81029564 1 1350 540 359
7563 3789 81029574 1 1350 540 356
7605 3920 81029584 1 1350 540 349
7640 4052 81029594 1 1350 540 343
7679 4185 81029604 1 1350 540 333
7717 4334 81029614 1 1350 540 337
7755 4493 81029624 1 1350 540 320
7790 4650 81029634 1 1350 540 309
7825 4813 81029644 1 1350 540 309
7857 4986 81029654 1 1350 540 292
7888 5164 81029664 1 1350 540 286
7909 5335 81029674 1 1370 540 281
7923 5506 81029684 1 1370 540 282
7931 5635 81029694 1 1370 540 281
7931 5737 81029704 1 1390 540 279
7912 5791 81029714 1 1390 540 279
7889 5810 81029724 1 1390 540 241
7874 5810 81029734 1 1400 530 240
7852 5773 81029744 1 1400 530 239
7826 5693 81029754 1 1400 530 240
7784 5582 81029764 1 1410 520 242
7737 5406 81029774 1 1410 520 254
7686 5184 81029784 1 1410 520 250
7640 4932 81029794 1 1410 520 262
7599 4658 81029804 1 1410 520 275
7568 4404 81029814 1 1410 520 284
7561 4163 81029824 1 1410 520 279
7570 3942 81029834 1 1400 530 292
7596 3720 81029844 1 1400 530 312
7627 3537 81029854 1 1390 520 310
7677 3381 81029864 1 1370 530 317
7738 3210 81029874 1 1370 530 322
7822 3067 81029884 1 1370 530 324
7920 2944 81029894 1 1350 530 329
8027 2844 81029904 1 1350 530 334
8143 2770 81029914 1 1360 540 335
8283 2714 81029924 1 1360 540 339
8439 2701 81029934 1 1350 540 342
8595 2727 81029944 1 1350 540 344
8754 2780 81029954 1 1350 540 334
8912 2861 81029964 1 1350 540 336
9068 2959 81029974 1 1360 550 334
9198 3069 81029984 1 1360 550 339
9316 3176 81029994 1 1360 550 339
9427 3277 81030004 1 1360 550 334
9509 3367 81030014 1 1360 550 339
9573 3443 81030024 1 1360 550 332
9624 3511 81030034 1 1380 550 324
9672 3576 81030044 1 1380 550 317
9716 3638 81030054 1 1380 550 317
9758 3694 81030064 1 1380 550 315
9785 3723 81030074 1 1360 550 312
9799 3736 81030084 1 1360 550 314
9799 3730 81030094 1 1360 550 312
9816 3721 81030104 1 1360 550 314
9833 3703 81030114 1 1360 550 314
9867 3679 81030124 1 1360 550 317
9910 3650 81030134 1 1360 550 317
9959 3621 81030144 1 1360 550 317
10007 3589 81030154 1 1360 550 322
10056 3557 81030164 1 1360 550 329
10104 3516 81030174 1 1360 550 337
10151 3468 81030184 1 1380 550 342
10197 3395 81030194 1 1380 550 338
10240 3307 81030204 1 1380 550 346
10281 3212 81030214 1 1400 550 351
10325 3118 81030224 1 1400 550 359
10372 3032 81030234 1 1400 550 359
10438 2951 81030244 1 1410 560 364
10516 2881 81030254 1 1410 560 364
10605 2830 81030264 1 1430 550 364
10719 2791 81030274 1 1430 550 368
10850 2774 81030284 1 1430 550 364
11014 2779 81030294 1 1430 550 366
11171 2800 81030304 1 1430 550 368
11323 2820 81030314 1 1430 550 373
11468 2820 81030324 1 1410 550 362
11579 2798 81030334 1 1410 550 374
11667 2752 81030344 1 1410 550 389
11738 2694 81030354 1 1400 540 398
11809 2627 81030364 1 1390 550 389
11902 2567 81030374 1 1370 540 392
12010 2523 81030384 1 1370 540 389
12138 2490 81030394 1 1350 540 371
12260 2482 81030404 1 1350 540 239
10699 3825 81030716 0 1440 510 37
10740 3798 81030726 1 1440 510 65
10771 3780 81030736 1 1430 520 98
10809 3759 81030746 1 1430 520 91
10854 3732 81030756 1 1420 530 103
10900 3704 81030766 1 1410 530 103
10947 3675 81030776 1 1410 530 100
10988 3647 81030786 1 1400 540 83
9510 4071 81030986 0 1400 530 226
9401 4154 81030996 1 1410 520 219
9390 4184 81031006 1 1410 520 205
9404 4176 81031016 1 1400 520 207
9442 4142 81031026 1 1400 520 207
9497 4116 81031036 1 1400 520 213
9552 4092 81031046 1 1400 520 213
9608 4070 81031056 1 1410 520 212
9666 4042 81031066 1 1410 520 180
9722 4013 81031076 1 1420 520 15
