247
1934 6306 81202753 0 1320 500 54
1941 6371 81202763 1 1330 500 65
1931 6376 81202773 1 1330 500 66
1931 6364 81202783 1 1330 500 71
1931 6320 81202793 1 1340 500 93
1920 6223 81202803 1 1340 500 101
1912 6092 81202813 1 1340 500 122
1903 5896 81202823 1 1350 510 130
1885 5659 81202833 1 1350 510 132
1862 5396 81202843 1 1350 510 136
1831 5091 81202853 1 1340 510 141
1789 4776 81202863 1 1340 510 142
1739 4454 81202873 1 1340 520 144
1709 4147 81202883 1 1330 530 149
1684 3891 81202893 1 1310 540 139
1668 3669 81202903 1 1300 540 144
1658 3530 81202913 1 1290 550 144
1652 3422 81202923 1 1270 550 139
1652 3334 81202933 1 1260 560 120
1652 3290 81202943 1 1250 560 63
1781 5189 81203053 0 1180 570 3
2001 5655 81203063 1 1180 570 22
2161 5846 81203073 1 1190 560 39
2342 5995 81203083 1 1210 560 49
2532 6117 81203093 1 1220 560 61
2724 6196 81203103 1 1240 550 55
2916 6237 81203113 1 1250 550 68
3095 6252 81203123 1 1250 540 76
3264 6208 81203133 1 1280 530 88
3381 6117 81203143 1 1300 530 94
3466 5994 81203153 1 1310 520 99
3521 5823 81203163 1 1310 520 103
3532 5643 81203173 1 1330 520 104
3513 5458 81203183 1 1330 520 106
3453 5241 81203193 1 1330 510 104
3365 5039 81203203 1 1330 510 104
3257 4848 81203213 1 1330 510 106
3123 4686 81203223 1 1330 510 103
2978 4567 81203233 1 1330 510 96
2826 4478 81203243 1 1330 510 91
2681 4413 81203253 1 1320 510 88
2545 4389 81203263 1 1290 510 86
2415 4389 81203273 1 1290 510 93
2321 4415 81203283 1 1280 520 91
2256 4444 81203293 1 1280 520 122
2210 4476 81203303 1 1270 520 146
2188 4494 81203313 1 1270 520 146
2188 4494 81203323 1 1250 530 149
2197 4494 81203333 1 1250 530 134
2233 4473 81203343 1 1250 530 137
2295 4433 81203353 1 1250 530 148
2375 4378 81203363 1 1250 530 170
2481 4303 81203373 1 1250 530 170
2613 4225 81203383 1 1250 530 188
2763 4140 81203393 1 1250 530 202
2900 4046 81203403 1 1250 530 210
3056 3945 81203413 1 1250 530 215
3224 3836 81203423 1 1270 520 220
3377 3718 81203433 1 1270 520 206
3527 3622 81203443 1 1270 520 209
3674 3541 81203453 1 1270 520 207
3819 3471 81203463 1 1270 520 207
3950 3419 81203473 1 1270 520 222
4071 3378 81203483 1 1260 510 222
4206 3354 81203493 1 1260 510 217
4335 3354 81203503 1 1260 510 195
4452 3369 81203514 1 1230 510 180
4563 3407 81203524 1 1230 510 187
4675 3464 81203534 1 1230 510 175
4787 3534 81203544 1 1230 510 175
4874 3620 81203554 1 1230 510 177
4945 3721 81203564 1 1230 510 180
5011 3831 81203574 1 1230 510 180
5062 3935 81203584 1 1230 510 170
5102 4014 81203594 1 1230 510 186
5129 4077 81203604 1 1230 510 217
5136 4116 81203614 1 1250 510 233
5130 4137 81203624 1 1250 510 253
5113 4145 81203634 1 1260 510 245
5080 4145 81203644 1 1260 510 255
5037 4125 81203654 1 1270 510 262
4988 4095 81203664 1 1270 510 272
4934 4043 81203674 1 1270 510 282
4876 3968 81203684 1 1270 510 282
4831 3877 81203694 1 1280 500 294
4790 3754 81203704 1 1280 500 296
4755 3629 81203714 1 1280 500 304
4739 3497 81203724 1 1280 500 304
4739 3360 81203734 1 1280 500 307
4747 3221 81203744 1 1280 500 312
4777 3081 81203754 1 1270 510 312
4819 2985 81203764 1 1270 510 316
4873 2918 81203774 1 1270 510 309
4948 2871 81203784 1 1270 510 315
5038 2852 81203794 1 1260 510 325
5149 2873 81203804 1 1260 510 329
5270 2922 81203814 1 1260 510 329
5398 3010 81203824 1 1240 520 329
5520 3137 81203834 1 1240 520 332
5642 3289 81203844 1 1240 520 329
5751 3450 81203854 1 1240 520 327
5850 3604 81203864 1 1240 520 329
5906 3747 81203864 1 1240 530 329
5932 3888 81203874 1 1240 530 329
5937 3984 81203884 1 1240 530 332
5927 4051 81203894 1 1240 530 337
5916 4078 81203904 1 1240 530 340
5903 4085 81203914 1 1250 530 340
5897 4078 81203924 1 1250 530 340
5897 4051 81203934 1 1250 530 345
5897 3982 81203944 1 1250 530 333
5906 3886 81203954 1 1270 520 339
5933 3757 81203964 1 1270 520 339
5970 3626 81203974 1 1270 520 344
6024 3504 81203984 1 1270 520 348
6097 3390 81203994 1 1290 520 353
6182 3280 81204004 1 1290 520 351
6286 3194 81204014 1 1290 520 351
6391 3123 81204024 1 1290 520 356
6500 3091 81204034 1 1280 530 356
6614 3091 81204044 1 1280 530 356
6736 3115 81204054 1 1280 530 358
6865 3172 81204064 1 1270 530 358
6999 3282 81204074 1 1270 530 359
7137 3427 81204084 1 1250 540 361
7290 3607 81204094 1 1250 540 356
7452 3836 81204104 1 1240 540 358
7596 4097 81204114 1 1240 540 358
7730 4386 81204124 1 1240 540 349
7858 4672 81204134 1 1240 540 333
7957 4975 81204144 1 1250 550 339
8031 5291 81204154 1 1250 550 337
8087 5605 81204164 1 1250 550 335
8134 5906 81204174 1 1250 550 332
8168 6174 81204184 1 1260 560 319
8192 6425 81204194 1 1270 550 317
8192 6622 81204204 1 1270 550 315
8175 6732 81204214 1 1290 550 305
8136 6783 81204224 1 1290 550 291
8077 6790 81204234 1 1300 540 273
8000 6749 81204244 1 1310 540 284
7910 6677 81204254 1 1330 540 284
7800 6564 81204264 1 1340 540 282
7704 6422 81204274 1 1350 530 284
7618 6261 81204284 1 1350 530 284
7545 6093 81204294 1 1350 530 287
7476 5893 81204304 1 1360 520 287
7412 5672 81204314 1 1360 520 276
7355 5444 81204324 1 1350 520 276
7319 5183 81204335 1 1360 510 277
7297 4900 81204345 1 1350 520 279
7306 4624 81204355 1 1350 520 282
7333 4360 81204365 1 1340 520 282
7372 4104 81204375 1 1330 520 281
7425 3841 81204385 1 1310 520 282
7495 3604 81204395 1 1310 520 289
7576 3384 81204405 1 1300 530 301
7675 3164 81204415 1 1300 530 306
7793 2959 81204425 1 1280 530 307
7923 2785 81204435 1 1280 530 314
8044 2627 81204445 1 1270 530 305
8183 2529 81204455 1 1250 540 309
8334 2463 81204465 1 1240 540 309
8489 2418 81204475 1 1240 540 310
8638 2418 81204485 1 1240 540 310
8784 2452 81204495 1 1230 550 310
8938 2514 81204505 1 1240 550 312
9067 2613 81204515 1 1240 550 314
9179 2744 81204525 1 1240 550 315
9290 2896 81204535 1 1240 550 317
9402 3034 81204545 1 1240 550 315
9487 3170 81204555 1 1240 550 319
9554 3303 81204565 1 1240 550 317
9601 3430 81204575 1 1240 550 317
9626 3534 81204585 1 1240 550 315
9635 3626 81204595 1 1240 550 314
9628 3701 81204605 1 1240 550 314
9608 3776 81204615 1 1240 550 314
9579 3830 81204625 1 1240 550 314
9547 3872 81204635 1 1240 550 317
9515 3895 81204645 1 1240 550 317
9482 3913 81204655 1 1250 550 325
9459 3918 81204665 1 1250 550 329
9442 3918 81204675 1 1250 550 329
9434 3907 81204685 1 1250 550 327
9434 3881 81204695 1 1260 540 327
9440 3844 81204705 1 1270 550 329
9453 3791 81204715 1 1270 550 327
9473 3734 81204725 1 1270 550 327
9502 3672 81204735 1 1270 550 329
9536 3606 81204745 1 1290 550 332
9574 3532 81204755 1 1290 550 337
9619 3446 81204765 1 1290 550 340
9671 3352 81204775 1 1270 550 345
9734 3253 81204785 1 1270 550 334
9804 3164 81204795 1 1260 540 338
9884 3082 81204805 1 1260 540 339
9968 3015 81204815 1 1260 540 339
10052 2961 81204825 1 1260 540 346
10131 2915 81204835 1 1260 540 344
10219 2878 81204845 1 1250 550 348
10313 2858 81204855 1 1250 550 348
10411 2850 81204865 1 1250 550 348
10511 2855 81204875 1 1260 560 349
10601 2873 81204885 1 1260 560 348
10685 2901 81204895 1 1260 560 348
10767 2941 81204905 1 1260 560 346
10843 2988 81204915 1 1260 560 346
10914 3041 81204925 1 1260 560 343
10986 3097 81204935 1 1260 560 339
11041 3153 81204945 1 1250 560 338
11085 3209 81204955 1 1250 560 338
11119 3260 81204965 1 1250 560 338
11140 3289 81204975 1 1240 550 338
11152 3304 81204985 1 1240 550 338
11152 3304 81204995 1 1240 550 339
11159 3297 81205005 1 1220 560 341
11159 3272 81205015 1 1220 560 339
11171 3234 81205025 1 1210 550 343
11183 3179 81205035 1 1210 550 348
11199 3118 81205045 1 1210 550 349
11223 3049 81205055 1 1210 550 358
11256 2966 81205065 1 1200 550 369
11298 2875 81205075 1 1190 540 362
11348 2779 81205085 1 1190 540 374
11415 2684 81205095 1 1190 540 384
11493 2615 81205105 1 1190 540 394
11578 2563 81205115 1 1190 540 396
11666 2529 81205125 1 1190 530 391
11764 2514 81205135 1 1190 530 389
11871 2514 81205145 1 1180 540 399
11989 2526 81205155 1 1180 540 388
12113 2539 81205165 1 1180 540 396
12215 2551 81205175 1 1170 530 344
12310 2546 81205185 1 1170 530 208
11022 3829 81205457 0 1270 480 12
10999 3905 81205527 0 1240 520 49
11025 3875 81205537 1 1240 530 75
11042 3852 81205547 1 1230 530 101
11059 3824 81205557 1 1230 530 103
11079 3796 81205567 1 1220 540 104
11102 3769 81205577 1 1220 540 75
9731 4260 81205847 0 1210 520 214
9699 4275 81205857 1 1210 520 216
9683 4291 81205867 1 1220 510 203
9691 4281 81205877 1 1220 510 171
9716 4264 81205887 1 1210 520 115
