492
1980 6037 2676047 0 1350 530 15
1980 6037 2676057 1 1350 530 63
1980 6037 2676067 1 1350 530 61
1980 6037 2676077 1 1360 520 65
1980 6037 2676087 1 1360 520 56
1980 6037 2676097 1 1370 530 75
2090 6130 2676107 1 1370 530 94
2141 6170 2676117 1 1370 530 91
2204 6219 2676127 1 1370 530 113
2275 6275 2676137 1 1370 530 141
2350 6337 2676147 1 1370 530 134
2428 6399 2676157 1 1390 540 139
2507 6460 2676167 1 1390 540 144
2578 6510 2676177 1 1390 540 148
2644 6546 2676187 1 1390 540 146
2702 6572 2676197 1 1390 540 136
2734 6580 2676207 1 1390 540 93
2748 6571 2676217 1 1400 540 54
1589 4575 2676368 0 1310 550 255
1526 4459 2676378 1 1290 550 250
1495 4446 2676388 1 1290 550 235
1466 4425 2676398 1 1270 550 217
1473 4418 2676408 1 1260 540 217
1500 4418 2676418 1 1250 550 212
1539 4446 2676428 1 1250 550 230
1612 4500 2676438 1 1230 550 240
1706 4574 2676448 1 1230 550 242
1814 4670 2676458 1 1240 550 257
1935 4792 2676468 1 1220 560 272
2074 4931 2676478 1 1220 560 284
2224 5060 2676488 1 1230 560 277
2369 5188 2676498 1 1230 560 281
2516 5313 2676508 1 1250 560 284
2666 5433 2676518 1 1260 570 284
2795 5550 2676528 1 1260 570 282
2908 5645 2676538 1 1260 570 281
3005 5723 2676548 1 1270 570 280
3089 5790 2676558 1 1270 570 247
3164 5848 2676568 1 1270 570 220
3208 5878 2676578 1 1300 580 107
2133 4235 2676819 0 1240 570 36
2133 4235 2676829 1 1240 570 75
2211 4247 2676839 1 1240 570 90
2244 4274 2676849 1 1260 580 124
2281 4310 2676859 1 1260 580 134
2327 4365 2676869 1 1260 580 163
2382 4430 2676879 1 1260 580 171
2442 4502 2676889 1 1260 580 203
2513 4589 2676899 1 1260 580 222
2592 4691 2676909 1 1260 580 212
2678 4803 2676919 1 1260 580 223
2758 4923 2676929 1 1260 580 221
2827 5043 2676939 1 1260 580 221
2889 5163 2676949 1 1260 580 221
2945 5298 2676959 1 1260 580 216
2990 5443 2676969 1 1260 580 207
3028 5582 2676979 1 1260 580 213
3056 5704 2676989 1 1270 570 205
3069 5816 2676999 1 1270 570 198
3069 5906 2677009 1 1270 570 196
3059 5956 2677019 1 1280 570 183
3034 5980 2677029 1 1280 570 181
3002 5987 2677039 1 1300 560 178
2963 5977 2677049 1 1310 570 176
2921 5955 2677059 1 1320 570 183
2878 5910 2677069 1 1340 560 195
2839 5850 2677079 1 1340 560 212
2803 5779 2677089 1 1350 550 207
2775 5704 2677099 1 1350 550 212
2756 5623 2677109 1 1350 550 214
2744 5532 2677119 1 1350 550 214
2739 5432 2677129 1 1350 550 214
2739 5316 2677139 1 1350 550 216
2731 5190 2677149 1 1350 550 218
2726 5058 2677159 1 1350 550 223
2716 4902 2677169 1 1340 560 232
2703 4729 2677179 1 1340 560 240
2687 4570 2677189 1 1340 560 256
2674 4393 2677199 1 1320 570 274
2664 4203 2677209 1 1310 570 276
2658 4002 2677219 1 1310 570 289
2658 3802 2677229 1 1300 580 302
2658 3634 2677239 1 1300 580 317
2658 3488 2677249 1 1280 580 315
2658 3372 2677259 1 1270 590 337
2670 3279 2677269 1 1270 590 334
2684 3201 2677279 1 1250 590 346
2704 3152 2677289 1 1250 590 349
2728 3125 2677299 1 1240 600 363
2760 3114 2677309 1 1240 600 362
2808 3114 2677319 1 1220 600 381
2865 3149 2677329 1 1220 600 394
2943 3198 2677339 1 1200 600 389
3044 3273 2677349 1 1190 600 397
3161 3357 2677359 1 1190 600 399
3292 3447 2677369 1 1190 600 402
3427 3539 2677379 1 1180 600 402
3569 3630 2677389 1 1180 600 405
3717 3721 2677399 1 1180 600 405
3868 3808 2677409 1 1180 600 407
4001 3889 2677419 1 1170 590 409
4127 3958 2677429 1 1180 590 407
4247 4015 2677439 1 1180 590 407
4342 4066 2677449 1 1180 590 413
4416 4118 2677459 1 1180 590 417
4476 4174 2677469 1 1200 580 420
4517 4234 2677479 1 1200 580 438
4539 4297 2677489 1 1200 580 440
4547 4359 2677499 1 1190 580 453
4539 4419 2677509 1 1190 580 458
4524 4477 2677519 1 1190 580 458
4505 4535 2677529 1 1190 580 455
4478 4600 2677539 1 1190 580 435
4448 4670 2677549 1 1200 570 382
4416 4753 2677559 1 1200 570 309
4386 4866 2677569 1 1200 570 249
4360 4999 2677579 1 1200 570 184
4341 5145 2677589 1 1200 570 91
4332 5306 2677599 1 1200 570 48
4983 6439 2677770 0 1360 540 15
4983 6439 2677780 1 1360 540 30
4983 6439 2677790 1 1360 540 53
4983 6439 2677800 1 1370 530 93
4983 6439 2677810 1 1370 530 130
4983 6439 2677820 1 1390 540 156
4983 6439 2677830 1 1390 540 191
4983 6439 2677840 1 1390 540 214
5061 6432 2677850 1 1390 540 228
5122 6447 2677860 1 1390 540 251
5196 6468 2677870 1 1390 540 250
5278 6492 2677880 1 1390 540 260
5356 6518 2677890 1 1390 540 270
5432 6543 2677900 1 1390 540 274
5507 6566 2677910 1 1390 540 279
5573 6573 2677920 1 1390 540 279
5626 6573 2677930 1 1390 540 284
5671 6552 2677940 1 1390 540 282
5707 6510 2677950 1 1390 540 307
5729 6454 2677960 1 1390 540 320
5741 6362 2677970 1 1390 540 339
5741 6246 2677980 1 1390 540 336
5732 6114 2677990 1 1390 540 351
5713 5951 2678000 1 1370 540 359
5690 5762 2678010 1 1370 540 368
5658 5555 2678020 1 1370 540 361
5620 5321 2678030 1 1360 550 384
5585 5082 2678040 1 1360 550 384
5551 4837 2678050 1 1360 550 394
5519 4634 2678060 1 1350 550 399
5493 4458 2678070 1 1340 560 409
5471 4292 2678080 1 1340 560 422
5451 4157 2678090 1 1320 570 427
5433 4044 2678100 1 1310 570 436
5421 3965 2678110 1 1310 570 440
5414 3911 2678120 1 1300 580 441
5414 3874 2678130 1 1280 580 436
5414 3863 2678140 1 1280 580 441
5414 3863 2678150 1 1270 590 440
5414 3873 2678160 1 1250 590 438
5414 3915 2678170 1 1250 590 438
5422 4003 2678180 1 1240 600 435
5438 4123 2678190 1 1240 600 438
5468 4280 2678200 1 1240 600 438
5507 4458 2678210 1 1240 600 438
5558 4649 2678220 1 1240 600 435
5612 4850 2678230 1 1240 600 436
5672 5052 2678240 1 1240 600 431
5732 5254 2678250 1 1250 600 427
5794 5473 2678260 1 1250 600 422
5858 5678 2678270 1 1250 600 417
5923 5873 2678280 1 1250 600 420
5986 6048 2678290 1 1260 600 422
6047 6193 2678300 1 1280 610 420
6113 6319 2678310 1 1290 600 423
6181 6437 2678320 1 1290 600 420
6253 6539 2678330 1 1310 600 420
6336 6630 2678340 1 1310 600 418
6426 6710 2678350 1 1340 600 422
6521 6790 2678360 1 1340 600 418
6618 6871 2678370 1 1340 600 418
6728 6952 2678380 1 1350 590 418
6845 7020 2678390 1 1360 600 420
6944 7071 2678400 1 1380 590 418
7039 7112 2678410 1 1390 580 417
7131 7136 2678420 1 1410 590 418
7216 7145 2678430 1 1420 580 417
7301 7145 2678440 1 1420 580 415
7367 7128 2678450 1 1430 570 425
7421 7098 2678460 1 1440 580 422
7455 7059 2678470 1 1440 580 414
7476 7000 2678480 1 1440 580 422
7489 6910 2678490 1 1440 580 430
7480 6800 2678500 1 1470 580 436
7452 6687 2678510 1 1470 580 441
7412 6567 2678520 1 1470 580 443
7354 6435 2678530 1 1470 580 443
7282 6308 2678540 1 1470 580 443
7201 6184 2678550 1 1470 580 444
7118 6081 2678560 1 1470 580 443
7032 5991 2678570 1 1470 580 444
6944 5911 2678580 1 1470 580 440
6850 5848 2678590 1 1460 580 438
6758 5809 2678600 1 1460 580 441
6666 5785 2678610 1 1460 580 444
6593 5776 2678620 1 1450 590 441
6540 5776 2678630 1 1450 590 446
6500 5792 2678640 1 1420 590 443
6479 5817 2678650 1 1420 590 433
6472 5852 2678660 1 1420 590 427
6472 5895 2678670 1 1410 590 425
6489 5949 2678680 1 1410 590 418
6520 6010 2678690 1 1410 590 418
6562 6076 2678700 1 1410 590 418
6621 6135 2678710 1 1390 580 418
6684 6194 2678720 1 1390 580 418
6764 6249 2678730 1 1390 580 417
6853 6298 2678740 1 1380 580 417
6933 6337 2678750 1 1380 580 418
7007 6367 2678760 1 1380 580 417
7078 6392 2678770 1 1390 580 414
7141 6404 2678780 1 1400 580 414
7194 6404 2678790 1 1400 580 415
7241 6398 2678800 1 1400 580 422
7272 6383 2678810 1 1420 570 423
7291 6357 2678820 1 1430 570 423
7301 6306 2678830 1 1430 570 423
7290 6239 2678840 1 1430 570 425
7257 6151 2678850 1 1440 580 414
7210 6046 2678860 1 1440 580 414
7142 5930 2678870 1 1440 580 425
7067 5802 2678880 1 1450 590 415
6988 5698 2678890 1 1450 590 423
6903 5609 2678900 1 1450 590 422
6815 5521 2678910 1 1440 600 414
6726 5439 2678920 1 1440 600 415
6656 5360 2678930 1 1420 590 417
6607 5297 2678940 1 1420 590 420
6571 5260 2678950 1 1410 600 417
6565 5240 2678960 1 1410 600 422
6565 5234 2678970 1 1410 600 417
6589 5234 2678980 1 1390 600 413
6628 5247 2678990 1 1380 600 413
6697 5281 2679000 1 1380 600 417
6789 5329 2679010 1 1360 600 413
6895 5387 2679020 1 1350 600 415
6990 5437 2679030 1 1350 600 415
7080 5469 2679040 1 1340 600 413
7167 5488 2679050 1 1340 600 413
7241 5488 2679060 1 1340 600 407
7299 5476 2679070 1 1340 600 405
7345 5451 2679080 1 1340 600 404
7373 5402 2679090 1 1350 600 404
7381 5332 2679100 1 1350 600 405
7375 5248 2679110 1 1350 600 404
7348 5145 2679120 1 1360 610 404
7297 5016 2679130 1 1360 610 405
7230 4869 2679140 1 1360 610 404
7156 4700 2679150 1 1360 610 409
7085 4547 2679160 1 1380 610 415
7015 4405 2679170 1 1380 610 422
6963 4263 2679180 1 1380 610 414
6937 4150 2679190 1 1380 610 415
6929 4056 2679200 1 1380 610 414
6939 3982 2679210 1 1380 610 415
6966 3924 2679220 1 1380 610 417
7004 3878 2679230 1 1380 610 417
7065 3849 2679240 1 1380 610 417
7130 3839 2679250 1 1380 610 418
7216 3839 2679260 1 1370 620 414
7313 3867 2679270 1 1370 620 415
7406 3918 2679280 1 1370 620 417
7489 3987 2679290 1 1370 620 417
7566 4065 2679300 1 1370 620 418
7626 4158 2679310 1 1370 620 414
7675 4262 2679320 1 1370 620 420
7717 4397 2679330 1 1370 620 409
7753 4543 2679340 1 1370 620 400
7778 4697 2679350 1 1370 620 399
7795 4878 2679360 1 1350 620 384
7795 5056 2679370 1 1350 620 374
7783 5228 2679380 1 1350 620 371
7759 5396 2679390 1 1350 620 356
7723 5564 2679400 1 1350 620 346
7679 5705 2679410 1 1350 620 341
7630 5845 2679420 1 1350 620 339
7588 5962 2679430 1 1350 620 339
7548 6065 2679440 1 1360 610 339
7513 6139 2679450 1 1360 610 338
7485 6187 2679460 1 1380 600 339
7464 6219 2679470 1 1390 600 339
7451 6229 2679480 1 1390 600 333
7444 6219 2679490 1 1410 590 334
7439 6196 2679500 1 1420 590 334
7439 6133 2679510 1 1430 590 338
7430 6025 2679520 1 1430 590 348
7420 5886 2679530 1 1440 580 351
7406 5707 2679540 1 1440 580 358
7389 5518 2679550 1 1440 580 366
7371 5323 2679560 1 1460 570 374
7350 5100 2679570 1 1460 570 399
7328 4861 2679580 1 1440 580 396
7306 4612 2679590 1 1440 580 413
7287 4374 2679600 1 1430 590 417
7267 4120 2679610 1 1430 590 422
7245 3841 2679620 1 1420 590 423
7222 3560 2679630 1 1390 600 431
7204 3288 2679640 1 1380 600 433
7187 3008 2679650 1 1360 610 436
7175 2719 2679660 1 1350 620 433
7169 2482 2679670 1 1330 620 436
7163 2260 2679680 1 1320 630 440
7163 2049 2679690 1 1300 630 443
7157 1834 2679700 1 1290 640 440
7157 1649 2679710 1 1270 640 443
7157 1483 2679720 1 1230 650 443
7164 1365 2679730 1 1190 660 448
7171 1275 2679740 1 1170 670 452
7182 1203 2679750 1 1120 670 450
7190 1169 2679760 1 1100 680 438
7196 1158 2679770 1 1050 680 400
7196 1163 2679780 1 1040 690 340
7189 1181 2679790 1 980 700 3
8410 4400 2680374 0 1290 600 5
8298 4060 2680384 1 1290 600 1
7797 2792 2680504 0 1220 630 3
7797 2792 2680514 1 1200 640 1
7724 2800 2680544 0 1200 640 24
7733 2918 2680554 1 1190 640 65
7746 2996 2680564 1 1190 640 86
7769 3099 2680574 1 1190 640 110
7799 3218 2680584 1 1190 640 144
7837 3352 2680594 1 1190 640 143
7889 3492 2680604 1 1170 630 158
7948 3636 2680614 1 1170 630 177
8020 3805 2680624 1 1170 630 190
8096 3987 2680634 1 1170 630 209
8193 4177 2680644 1 1190 630 253
8301 4411 2680654 1 1200 640 279
8444 4656 2680664 1 1200 640 304
8591 4909 2680674 1 1200 640 327
8757 5146 2680684 1 1200 640 348
8934 5363 2680694 1 1220 630 366
9094 5568 2680704 1 1220 630 362
9257 5742 2680714 1 1220 630 367
9430 5914 2680724 1 1240 640 366
9610 6077 2680734 1 1250 640 366
9779 6225 2680744 1 1270 630 362
9937 6364 2680754 1 1290 630 369
10087 6500 2680764 1 1300 620 344
10196 6596 2680774 1 1320 630 317
10282 6666 2680784 1 1330 620 277
10353 6713 2680794 1 1350 620 244
10395 6738 2680804 1 1350 620 225
10407 6749 2680814 1 1360 610 170
10399 6749 2680824 1 1380 610 89
10362 6749 2680834 1 1380 610 56
10306 6744 2680844 1 1390 610 55
10237 6733 2680854 1 1390 610 61
10148 6719 2680864 1 1410 600 93
10050 6708 2680874 1 1410 600 119
9947 6698 2680884 1 1410 600 148
9848 6686 2680894 1 1410 600 175
9755 6667 2680904 1 1410 600 173
9671 6635 2680914 1 1420 590 181
9594 6594 2680924 1 1420 590 193
9523 6535 2680934 1 1420 590 213
9455 6464 2680944 1 1420 590 214
9386 6361 2680954 1 1420 590 242
9317 6232 2680964 1 1420 590 274
9248 6087 2680974 1 1420 590 291
9180 5909 2680984 1 1430 590 304
9115 5729 2680994 1 1420 590 333
9063 5549 2681004 1 1420 590 364
9020 5365 2681014 1 1410 590 366
8990 5197 2681024 1 1390 600 379
8981 5039 2681034 1 1390 600 394
8986 4926 2681044 1 1410 600 392
9009 4847 2681054 1 1390 610 415
9034 4791 2681064 1 1390 610 425
9080 4775 2681074 1 1390 610 443
9140 4790 2681084 1 1380 610 455
9217 4825 2681094 1 1360 610 466
9318 4896 2681104 1 1350 620 468
9436 4988 2681114 1 1350 620 471
9557 5095 2681124 1 1330 620 473
9669 5205 2681134 1 1330 620 466
9775 5313 2681144 1 1330 620 436
9862 5418 2681154 1 1330 620 420
9923 5500 2681164 1 1320 630 396
9966 5567 2681174 1 1320 630 382
9975 5612 2681184 1 1320 630 367
9966 5646 2681194 1 1320 630 367
9946 5672 2681204 1 1320 630 366
9921 5696 2681214 1 1320 630 367
9895 5716 2681224 1 1320 630 369
9867 5729 2681234 1 1320 630 377
9851 5734 2681244 1 1320 630 384
9838 5734 2681254 1 1320 630 387
9831 5723 2681264 1 1330 620 394
9831 5695 2681274 1 1330 620 388
9831 5654 2681284 1 1330 620 396
9831 5598 2681294 1 1330 620 409
9831 5524 2681304 1 1320 610 415
9841 5438 2681314 1 1320 610 431
9851 5336 2681324 1 1320 610 443
9863 5229 2681334 1 1320 610 463
9874 5106 2681344 1 1320 610 477
9887 4974 2681354 1 1320 610 495
9901 4813 2681364 1 1340 610 505
9918 4651 2681374 1 1320 610 516
9940 4492 2681384 1 1320 610 529
9966 4337 2681394 1 1320 610 540
9995 4170 2681404 1 1320 610 539
10024 4020 2681414 1 1330 620 548
10052 3882 2681424 1 1320 630 554
10081 3735 2681434 1 1320 630 561
10109 3602 2681444 1 1320 640 570
10136 3480 2681454 1 1320 640 567
10163 3361 2681464 1 1300 650 569
10186 3248 2681474 1 1300 650 569
10204 3150 2681484 1 1280 650 570
10219 3062 2681494 1 1300 660 574
10219 3009 2681504 1 1300 660 572
10219 2984 2681514 1 1280 660 580
10219 2978 2681524 1 1280 660 578
10198 2986 2681534 1 1300 670 572
10165 3018 2681544 1 1280 680 566
10122 3067 2681554 1 1280 680 561
10062 3124 2681564 1 1280 680 567
9984 3182 2681574 1 1280 680 551
9894 3239 2681584 1 1280 680 539
9802 3295 2681594 1 1280 680 527
9711 3347 2681604 1 1260 670 515
9623 3396 2681614 1 1260 670 498
9537 3444 2681624 1 1260 670 480
9456 3491 2681634 1 1260 670 474
9376 3539 2681644 1 1260 670 442
9300 3587 2681654 1 1260 660 415
9240 3622 2681664 1 1260 660 391
9189 3642 2681674 1 1260 660 372
9151 3652 2681684 1 1260 660 356
9127 3660 2681694 1 1260 660 335
9111 3670 2681704 1 1260 660 317
9105 3680 2681714 1 1260 660 301
9105 3688 2681724 1 1260 660 291
9105 3697 2681734 1 1250 650 287
9105 3706 2681744 1 1260 660 287
9118 3712 2681754 1 1260 660 292
9130 3712 2681764 1 1240 660 301
9146 3712 2681774 1 1240 660 316
9162 3712 2681784 1 1240 660 325
9174 3693 2681794 1 1240 660 333
9184 3664 2681804 1 1240 660 339
9184 3626 2681814 1 1240 660 346
9184 3590 2681824 1 1240 660 348
9184 3560 2681834 1 1240 660 346
9179 3534 2681844 1 1240 660 346
9179 3519 2681854 1 1240 660 339
9174 3510 2681864 1 1240 660 335
9174 3504 2681874 1 1240 660 304
9179 3504 2681884 1 1240 660 292
9188 3522 2681894 1 1240 660 279
9220 3543 2681904 1 1240 660 262
9266 3597 2681914 1 1240 660 250
9337 3667 2681924 1 1230 650 245
9427 3747 2681934 1 1230 650 251
9530 3839 2681944 1 1230 650 246
9635 3928 2681954 1 1230 650 246
9741 4001 2681964 1 1230 650 246
9849 4064 2681974 1 1230 650 249
9957 4120 2681984 1 1230 650 254
10063 4173 2681994 1 1250 650 247
10163 4225 2682004 1 1250 650 264
10261 4266 2682014 1 1250 650 277
10369 4305 2682024 1 1260 660 274
10482 4341 2682034 1 1280 650 291
10591 4371 2682044 1 1280 650 302
10695 4393 2682054 1 1280 650 307
10786 4404 2682064 1 1280 650 317
10866 4409 2682074 1 1300 650 315
10938 4409 2682084 1 1300 650 330
11002 4403 2682094 1 1320 650 340
11049 4395 2682104 1 1320 650 339
11084 4382 2682114 1 1330 650 358
11105 4366 2682124 1 1350 650 374
11105 4347 2682134 1 1350 650 398
11105 4326 2682144 1 1350 650 397
11088 4306 2682154 1 1350 650 409
11069 4285 2682164 1 1350 650 413
11047 4264 2682174 1 1330 660 407
11022 4241 2682184 1 1330 660 374
10994 4219 2682194 1 1330 660 237
