244
3701 5325 8980483 0 1580 620 467
3786 5370 8980493 1 1630 560 478
3775 5437 8980503 1 1670 480 461
3759 5508 8980513 1 1700 420 407
3754 5576 8980523 1 1710 350 402
3754 5627 8980533 1 1680 350 418
3754 5667 8980543 1 1660 360 444
3726 5700 8980553 1 1630 370 466
3683 5729 8980563 1 1630 380 478
3623 5736 8980573 1 1620 390 494
3555 5730 8980583 1 1610 400 522
3481 5693 8980593 1 1600 410 560
3340 5614 8980603 1 1610 420 616
3193 5507 8980613 1 1600 430 659
3043 5367 8980623 1 1590 450 691
2931 5253 8980633 1 1580 460 707
2864 5156 8980643 1 1570 470 713
2826 5111 8980653 1 1580 480 711
2826 5087 8980663 1 1560 500 711
2826 5078 8980673 1 1550 500 714
2861 5068 8980683 1 1550 510 710
2909 5084 8980693 1 1550 510 694
2993 5118 8980703 1 1550 510 688
3095 5177 8980713 1 1550 510 675
3208 5234 8980723 1 1550 510 664
3292 5285 8980733 1 1550 510 662
3360 5328 8980743 1 1550 510 662
3416 5364 8980753 1 1550 510 663
3455 5387 8980763 1 1550 510 670
3481 5402 8980773 1 1550 510 673
3499 5407 8980783 1 1550 510 671
3510 5407 8980793 1 1550 510 667
3516 5407 8980803 1 1550 510 661
3516 5402 8980813 1 1550 510 661
3521 5384 8980823 1 1550 510 667
3516 5357 8980833 1 1550 510 667
3506 5313 8980843 1 1530 510 668
3485 5263 8980853 1 1530 510 668
3460 5202 8980863 1 1530 510 670
3431 5134 8980873 1 1530 510 670
3401 5046 8980883 1 1530 510 673
3371 4945 8980893 1 1530 510 673
3341 4806 8980903 1 1530 510 663
3306 4663 8980913 1 1530 510 669
3271 4491 8980923 1 1530 510 681
3224 4302 8980933 1 1530 520 678
3168 4101 8980943 1 1530 520 687
3118 3924 8980953 1 1530 520 697
3064 3762 8980963 1 1530 520 733
2994 3634 8980973 1 1520 530 760
2915 3520 8980983 1 1520 530 788
2833 3415 8980993 1 1520 530 814
2751 3326 8981003 1 1510 530 858
2669 3261 8981013 1 1510 530 873
2587 3211 8981023 1 1510 530 888
2506 3180 8981033 1 1500 540 897
2427 3162 8981043 1 1500 540 905
2342 3154 8981053 1 1500 540 908
2255 3161 8981063 1 1500 540 905
2170 3178 8981073 1 1490 550 900
2088 3201 8981084 1 1490 550 876
2013 3230 8981094 1 1490 550 848
1961 3259 8981104 1 1490 550 784
1922 3287 8981114 1 1490 550 676
1903 3314 8981124 1 1490 550 396
4016 4356 8981234 0 1510 530 193
4385 4532 8981244 1 1510 530 88
4577 4695 8981274 0 1490 530 101
4763 4876 8981284 1 1500 520 136
4807 4947 8981294 1 1500 520 219
4807 4998 8981304 1 1500 520 335
4783 5044 8981314 1 1530 520 414
4747 5086 8981324 1 1530 520 455
4696 5108 8981334 1 1530 520 486
4625 5118 8981344 1 1530 520 522
4541 5099 8981354 1 1530 520 568
4447 5048 8981364 1 1530 520 613
4340 4977 8981374 1 1550 510 659
4223 4881 8981384 1 1550 510 693
4118 4785 8981394 1 1550 510 725
4046 4717 8981404 1 1550 510 749
3996 4668 8981414 1 1550 510 748
3979 4633 8981424 1 1550 510 749
3979 4612 8981434 1 1540 520 739
4002 4601 8981444 1 1540 520 724
4053 4601 8981454 1 1540 520 675
4133 4630 8981464 1 1540 520 622
4233 4680 8981474 1 1530 520 578
4313 4747 8981484 1 1530 520 566
4365 4813 8981494 1 1530 520 566
4397 4829 8981504 1 1520 530 575
4397 4811 8981514 1 1500 520 620
4397 4794 8981524 1 1500 520 665
4397 4748 8981534 1 1500 520 696
4376 4682 8981544 1 1500 520 703
4352 4627 8981554 1 1490 520 717
4352 4584 8981564 1 1490 520 725
4352 4550 8981574 1 1490 520 731
4373 4523 8981584 1 1490 520 733
4406 4505 8981594 1 1490 520 721
4458 4494 8981604 1 1490 520 688
4545 4507 8981614 1 1490 520 647
4654 4543 8981624 1 1490 520 585
4798 4595 8981634 1 1490 520 545
4936 4661 8981644 1 1500 520 522
5071 4751 8981654 1 1500 520 521
5212 4858 8981664 1 1500 520 521
5353 4976 8981674 1 1520 530 516
5490 5104 8981684 1 1520 530 489
5608 5239 8981694 1 1520 530 422
5717 5397 8981704 1 1530 530 369
5816 5546 8981714 1 1530 530 373
5884 5688 8981724 1 1540 530 362
5930 5796 8981734 1 1540 530 381
5970 5899 8981744 1 1560 530 397
6004 6000 8981754 1 1580 530 418
6033 6077 8981764 1 1600 520 440
6048 6153 8981774 1 1600 510 474
6064 6210 8981785 1 1620 520 522
6064 6210 8981795 1 1640 510 561
6064 6210 8981805 1 1640 510 594
6064 6294 8981815 1 1650 510 616
6058 6294 8981825 1 1650 500 611
6058 6294 8981835 1 1670 500 616
6049 6294 8981845 1 1670 490 611
6031 6268 8981855 1 1680 490 624
6003 6227 8981865 1 1690 480 642
5965 6164 8981875 1 1700 490 649
5922 6096 8981885 1 1700 490 658
5875 6016 8981895 1 1700 480 668
5829 5917 8981905 1 1700 480 662
5774 5807 8981915 1 1700 480 678
5712 5715 8981925 1 1700 490 693
5663 5621 8981935 1 1700 490 708
5617 5522 8981945 1 1700 490 724
5579 5415 8981955 1 1690 480 733
5548 5321 8981965 1 1690 480 730
5525 5237 8981975 1 1680 490 743
5504 5158 8981985 1 1680 490 749
5489 5080 8981995 1 1670 490 760
5479 5004 8982005 1 1670 500 750
5479 4936 8982015 1 1670 500 756
5479 4876 8982025 1 1670 500 767
5493 4822 8982035 1 1650 510 780
5510 4773 8982045 1 1650 510 793
5534 4736 8982055 1 1630 520 787
5563 4706 8982065 1 1620 530 803
5595 4678 8982075 1 1620 530 820
5633 4657 8982085 1 1610 520 817
5675 4642 8982095 1 1600 530 834
5725 4633 8982105 1 1600 530 840
5797 4639 8982115 1 1600 530 845
5883 4654 8982125 1 1600 540 857
5984 4683 8982135 1 1600 540 855
6090 4719 8982145 1 1600 540 851
6193 4761 8982155 1 1610 550 852
6292 4815 8982165 1 1600 550 851
6381 4878 8982175 1 1600 550 852
6454 4947 8982185 1 1600 550 848
6517 5005 8982195 1 1600 550 845
6554 5061 8982205 1 1620 560 839
6582 5116 8982215 1 1620 560 837
6603 5171 8982225 1 1620 560 834
6613 5221 8982235 1 1640 550 830
6606 5269 8982245 1 1640 550 825
6587 5311 8982255 1 1640 550 817
6554 5346 8982265 1 1650 550 829
6499 5358 8982275 1 1660 540 829
6430 5358 8982285 1 1660 540 818
6358 5322 8982295 1 1660 540 848
6280 5256 8982305 1 1660 540 867
6198 5170 8982315 1 1660 530 906
6133 5066 8982325 1 1660 530 911
6099 4961 8982335 1 1660 530 932
6085 4876 8982345 1 1660 530 934
6100 4804 8982355 1 1660 530 958
6142 4748 8982365 1 1660 530 971
6201 4711 8982375 1 1660 540 979
6297 4688 8982385 1 1660 540 970
6426 4682 8982395 1 1640 540 947
6576 4698 8982396 1 1640 540 875
6746 4730 8982406 1 1640 540 794
6923 4813 8982416 1 1640 550 696
7104 4948 8982426 1 1640 550 666
7278 5117 8982436 1 1640 550 670
7455 5252 8982446 1 1640 550 697
7591 5336 8982456 1 1640 550 714
7699 5387 8982466 1 1640 550 733
7801 5424 8982476 1 1640 550 753
7873 5441 8982486 1 1650 550 790
7925 5441 8982496 1 1650 550 818
7945 5435 8982506 1 1650 550 827
7965 5423 8982516 1 1670 550 848
7988 5403 8982526 1 1670 550 857
8014 5373 8982536 1 1680 550 864
8041 5338 8982546 1 1680 550 855
8067 5304 8982556 1 1700 550 873
8086 5269 8982566 1 1710 550 899
8101 5232 8982576 1 1730 550 911
8101 5190 8982586 1 1730 540 935
8092 5141 8982596 1 1750 540 968
8072 5083 8982606 1 1750 540 997
8034 5012 8982616 1 1750 540 990
7971 4933 8982626 1 1760 540 1023
7891 4850 8982636 1 1760 540 1023
7808 4770 8982646 1 1760 540 1023
7726 4717 8982656 1 1760 540 1023
7647 4680 8982666 1 1760 540 1023
7567 4659 8982676 1 1760 550 1023
7493 4651 8982686 1 1740 550 1023
7396 4651 8982696 1 1740 550 1006
7283 4674 8982706 1 1740 550 935
7157 4717 8982716 1 1740 550 779
7011 4774 8982726 1 1730 560 384
5325 5606 8983147 0 1620 450 394
5325 5606 8983157 1 1620 450 394
5325 5606 8983167 1 1620 460 444
5325 5606 8983177 1 1610 460 537
5325 5606 8983187 1 1610 460 617
5325 5606 8983197 1 1620 480 699
5404 5534 8983207 1 1610 480 749
5431 5534 8983217 1 1610 490 787
5479 5539 8983227 1 1610 490 821
5541 5550 8983237 1 1600 500 855
5639 5569 8983247 1 1600 500 896
5766 5591 8983257 1 1590 510 909
5912 5616 8983267 1 1590 510 935
6040 5632 8983277 1 1600 510 961
6151 5647 8983287 1 1600 510 979
6251 5659 8983297 1 1600 510 995
6331 5667 8983307 1 1620 520 994
6383 5667 8983317 1 1620 520 1009
6416 5667 8983327 1 1620 520 1020
6440 5667 8983337 1 1620 520 1023
6454 5667 8983347 1 1630 520 1023
6461 5667 8983357 1 1630 520 1023
6467 5667 8983367 1 1630 520 1023
6467 5667 8983377 1 1640 520 1023
6472 5667 8983387 1 1640 520 1023
6472 5667 8983397 1 1640 520 1023
6472 5667 8983407 1 1640 520 1023
6472 5681 8983417 1 1660 520 984
6458 5697 8983427 1 1660 520 817
6442 5714 8983437 1 1660 520 6
