200
4449 5628 1687055 0 1450 460 148
4449 5628 1687065 1 1440 470 186
4449 5628 1687075 1 1440 470 191
4449 5628 1687085 1 1430 460 237
4524 5691 1687095 1 1430 460 282
4559 5734 1687105 1 1430 460 332
4594 5789 1687115 1 1420 470 363
4629 5863 1687125 1 1420 470 393
4660 5951 1687135 1 1420 470 402
4682 6028 1687145 1 1420 470 415
4698 6100 1687155 1 1420 470 422
4698 6165 1687165 1 1430 480 417
4673 6208 1687175 1 1430 480 423
4635 6236 1687185 1 1430 480 393
4573 6246 1687195 1 1430 480 361
4483 6216 1687205 1 1450 470 351
4375 6159 1687215 1 1450 470 341
4245 6061 1687225 1 1450 470 338
4116 5937 1687235 1 1450 470 338
3987 5797 1687245 1 1450 470 344
3922 5717 1687255 1 1460 480 346
3899 5666 1687265 1 1460 480 344
3905 5635 1687275 1 1460 480 358
3939 5614 1687285 1 1460 480 366
4019 5621 1687295 1 1460 480 374
4130 5646 1687305 1 1450 470 376
4296 5707 1687315 1 1450 470 374
4459 5795 1687325 1 1440 480 374
4621 5901 1687335 1 1440 480 372
4768 5996 1687345 1 1430 480 372
4862 6065 1687355 1 1430 480 376
4920 6116 1687365 1 1430 480 376
4942 6140 1687375 1 1440 480 387
4942 6146 1687385 1 1440 480 384
4926 6140 1687395 1 1440 480 386
4889 6128 1687405 1 1450 470 386
4845 6104 1687415 1 1450 470 384
4796 6071 1687425 1 1450 470 384
4765 6034 1687435 1 1460 480 386
4749 5994 1687445 1 1470 470 386
4744 5931 1687455 1 1470 470 384
4752 5854 1687465 1 1470 470 387
4761 5760 1687475 1 1470 470 387
4769 5643 1687485 1 1480 470 389
4777 5510 1687495 1 1480 470 389
4782 5330 1687505 1 1480 470 387
4777 5148 1687515 1 1470 480 387
4765 4978 1687525 1 1460 480 389
4746 4816 1687535 1 1460 480 387
4705 4701 1687545 1 1450 480 396
4650 4619 1687555 1 1450 480 394
4559 4560 1687565 1 1440 490 396
4420 4489 1687575 1 1430 490 392
4250 4417 1687585 1 1420 490 388
4028 4366 1687595 1 1420 490 399
3821 4329 1687605 1 1420 490 392
3624 4340 1687615 1 1400 500 400
3476 4385 1687625 1 1400 500 418
3386 4453 1687635 1 1400 500 417
3334 4519 1687645 1 1380 500 415
3326 4598 1687655 1 1380 500 422
3368 4687 1687665 1 1370 500 409
3443 4812 1687675 1 1370 500 399
3559 4946 1687685 1 1370 500 364
3702 5085 1687695 1 1370 500 281
5353 5657 1687887 0 1460 470 184
5464 5737 1687897 1 1460 470 206
5436 5772 1687907 1 1460 470 216
5452 5804 1687917 1 1470 470 216
5467 5839 1687927 1 1470 470 223
5473 5878 1687937 1 1460 480 242
5473 5916 1687947 1 1470 480 250
5449 5942 1687957 1 1470 480 250
5402 5948 1687967 1 1470 480 242
5339 5940 1687977 1 1480 480 254
5245 5891 1687987 1 1480 480 242
5145 5814 1687997 1 1480 480 254
5041 5718 1688007 1 1480 480 294
4969 5616 1688017 1 1480 480 324
4930 5514 1688027 1 1470 490 339
4912 5418 1688037 1 1470 490 344
4929 5368 1688047 1 1470 490 382
4981 5347 1688057 1 1470 490 409
5057 5360 1688067 1 1470 490 420
5185 5427 1688077 1 1470 490 420
5321 5531 1688087 1 1470 490 420
5462 5632 1688097 1 1470 490 422
5564 5730 1688107 1 1470 490 420
5639 5813 1688117 1 1470 490 418
5696 5888 1688127 1 1470 490 423
5717 5938 1688137 1 1470 490 418
5717 5959 1688147 1 1470 490 423
5706 5959 1688157 1 1470 490 425
5690 5959 1688167 1 1470 490 427
5661 5929 1688177 1 1480 500 430
5623 5880 1688187 1 1480 500 438
5578 5786 1688197 1 1480 500 439
5538 5693 1688207 1 1480 500 453
5506 5602 1688217 1 1480 500 474
5484 5519 1688227 1 1480 500 473
5479 5466 1688237 1 1480 500 485
5485 5433 1688247 1 1480 500 498
5502 5415 1688257 1 1480 500 502
5524 5406 1688267 1 1480 500 515
5572 5406 1688277 1 1480 500 527
5634 5426 1688287 1 1480 500 527
5716 5475 1688297 1 1480 500 522
5801 5540 1688307 1 1480 500 512
5866 5611 1688317 1 1480 500 488
5918 5686 1688327 1 1480 500 467
5956 5764 1688337 1 1480 500 448
5990 5854 1688347 1 1480 500 415
6021 5965 1688357 1 1480 500 394
6067 6091 1688367 1 1500 500 372
6128 6218 1688377 1 1500 500 366
6198 6342 1688387 1 1500 500 367
6263 6439 1688397 1 1510 500 372
6307 6520 1688407 1 1510 500 377
6337 6562 1688417 1 1520 490 386
6337 6578 1688427 1 1530 500 386
6337 6578 1688437 1 1530 500 361
6330 6572 1688447 1 1530 500 368
6292 6528 1688457 1 1540 490 368
6239 6457 1688467 1 1540 490 369
6176 6347 1688477 1 1550 480 369
6128 6216 1688487 1 1550 480 373
6082 6072 1688497 1 1560 480 364
6055 5922 1688507 1 1570 480 377
6040 5781 1688517 1 1570 480 391
6040 5700 1688527 1 1560 480 417
6058 5656 1688537 1 1560 480 438
6087 5626 1688547 1 1550 480 450
6145 5611 1688557 1 1540 490 453
6237 5606 1688567 1 1540 490 447
6351 5629 1688577 1 1540 490 398
6454 5665 1688587 1 1530 500 306
6509 5710 1688597 1 1530 500 134
5769 5870 1688698 0 1530 500 51
5665 5830 1688708 1 1530 500 193
5651 5839 1688718 1 1520 490 240
5666 5862 1688728 1 1520 490 253
5701 5892 1688738 1 1520 490 280
5799 5944 1688748 1 1530 490 282
5925 6011 1688758 1 1530 490 286
6069 6074 1688768 1 1530 490 284
6242 6121 1688778 1 1530 480 176
6403 6158 1688788 1 1530 480 1
6493 5868 1689008 0 1550 480 30
6503 5755 1689018 1 1530 480 63
6520 5750 1689028 1 1530 480 88
6529 5768 1689038 1 1530 490 110
6598 5780 1689048 1 1530 490 146
6687 5817 1689058 1 1530 490 200
6789 5870 1689068 1 1530 490 245
6896 5941 1689078 1 1540 490 287
6988 6015 1689088 1 1540 490 312
7071 6090 1689098 1 1540 490 310
7144 6158 1689108 1 1540 490 312
7183 6220 1689118 1 1550 490 324
7183 6220 1689128 1 1550 490 342
7185 6295 1689138 1 1550 490 342
7139 6306 1689148 1 1560 500 342
7072 6273 1689158 1 1560 500 334
6971 6202 1689168 1 1560 500 339
6870 6106 1689178 1 1560 500 356
6769 6007 1689188 1 1570 490 372
6721 5911 1689198 1 1570 490 399
6705 5816 1689208 1 1570 490 405
6710 5760 1689218 1 1570 490 439
6755 5729 1689228 1 1570 490 488
6847 5714 1689238 1 1570 490 505
6969 5731 1689248 1 1570 490 510
7133 5792 1689258 1 1560 500 512
7323 5883 1689268 1 1560 500 509
7529 5994 1689278 1 1560 500 504
7708 6100 1689288 1 1560 500 495
7856 6199 1689298 1 1560 500 475
7984 6293 1689308 1 1560 500 474
8057 6386 1689318 1 1560 500 474
8094 6449 1689328 1 1560 500 473
8106 6493 1689338 1 1570 500 456
8083 6493 1689348 1 1570 500 452
8017 6451 1689358 1 1570 500 453
7922 6379 1689368 1 1590 500 456
7819 6298 1689378 1 1590 500 463
7732 6221 1689388 1 1590 500 465
7702 6163 1689398 1 1610 490 468
7702 6117 1689408 1 1610 490 468
7765 6083 1689418 1 1610 490 480
7888 6071 1689428 1 1610 480 485
8053 6071 1689438 1 1610 480 491
8221 6071 1689448 1 1610 480 489
8378 6052 1689458 1 1610 480 509
8463 6016 1689468 1 1610 480 527
8502 5965 1689478 1 1610 480 565
8442 5882 1689488 1 1610 480 569
8296 5779 1689498 1 1610 490 574
8092 5682 1689508 1 1610 490 561
7874 5583 1689518 1 1610 490 472
7657 5484 1689519 1 1610 490 176
