348
3744 5439 2531930 0 1440 480 242
3841 5480 2531940 1 1440 480 287
3841 5527 2531950 1 1450 470 354
3834 5557 2531960 1 1460 480 413
3826 5564 2531970 1 1460 480 463
3820 5570 2531980 1 1460 480 501
3805 5570 2531990 1 1460 480 521
3785 5577 2532000 1 1460 480 527
3728 5548 2532010 1 1460 480 529
3634 5499 2532020 1 1460 480 530
3514 5394 2532030 1 1460 480 492
3346 5262 2532040 1 1460 480 367
2009 3083 2532191 0 1360 480 423
2085 2947 2532201 1 1360 480 415
2069 2993 2532211 1 1350 490 394
2034 3011 2532221 1 1340 480 402
2127 3011 2532231 1 1330 480 449
2264 3087 2532241 1 1330 480 521
2430 3212 2532251 1 1330 480 595
2658 3371 2532261 1 1320 490 628
2932 3552 2532271 1 1320 490 661
3237 3757 2532281 1 1320 490 663
3584 3979 2532291 1 1320 500 669
3936 4179 2532301 1 1320 500 675
4247 4353 2532311 1 1330 510 672
4530 4509 2532321 1 1340 510 670
4756 4610 2532331 1 1350 520 641
4891 4677 2532341 1 1360 520 561
4965 4722 2532351 1 1370 530 450
4998 4740 2532361 1 1400 530 225
3486 2575 2533002 0 1390 540 488
3531 2455 2533012 1 1390 540 512
3465 2445 2533022 1 1390 540 520
3443 2479 2533032 1 1390 540 514
3449 2479 2533042 1 1390 540 515
3473 2526 2533052 1 1370 530 522
3528 2597 2533062 1 1360 540 539
3604 2743 2533072 1 1360 540 567
3712 2928 2533082 1 1360 540 588
3822 3139 2533092 1 1360 540 589
3934 3380 2533102 1 1360 540 592
4043 3621 2533112 1 1360 540 584
4118 3864 2533122 1 1360 540 589
4172 4059 2533132 1 1360 540 591
4183 4220 2533142 1 1360 540 595
4175 4301 2533152 1 1360 540 591
4155 4337 2533162 1 1360 540 589
4130 4343 2533172 1 1360 540 594
4092 4320 2533182 1 1360 540 594
4045 4228 2533192 1 1370 530 595
3991 4089 2533202 1 1370 530 595
3937 3845 2533212 1 1390 520 594
3873 3562 2533222 1 1400 530 589
3803 3254 2533232 1 1400 530 597
3745 2978 2533242 1 1410 520 609
3724 2777 2533252 1 1410 520 616
3724 2625 2533262 1 1410 520 617
3771 2547 2533272 1 1400 530 617
3814 2505 2533282 1 1400 530 611
3857 2486 2533292 1 1400 530 600
3887 2497 2533302 1 1400 540 602
3912 2530 2533312 1 1400 540 602
3932 2577 2533322 1 1390 550 606
3940 2620 2533332 1 1390 550 616
3940 2637 2533342 1 1380 550 617
3940 2637 2533352 1 1360 560 613
3916 2620 2533362 1 1360 560 622
3885 2557 2533362 1 1350 570 645
3859 2465 2533372 1 1350 570 669
3848 2325 2533382 1 1350 570 699
3848 2164 2533392 1 1350 570 728
3848 1989 2533402 1 1360 570 746
3843 1825 2533412 1 1350 580 758
3843 1706 2533422 1 1350 580 757
3858 1618 2533432 1 1340 580 780
3897 1600 2533442 1 1340 600 791
3949 1609 2533452 1 1320 600 787
4026 1636 2533462 1 1320 600 794
4126 1707 2533472 1 1340 610 800
4242 1798 2533482 1 1340 610 800
4395 1903 2533492 1 1360 610 800
4571 2024 2533502 1 1360 610 800
4762 2154 2533512 1 1380 610 800
4900 2291 2533522 1 1380 610 806
4988 2395 2533532 1 1400 620 808
5043 2489 2533542 1 1400 620 806
5083 2576 2533552 1 1430 620 805
5111 2718 2533562 1 1430 620 797
5131 2879 2533572 1 1440 620 799
5147 3053 2533582 1 1440 620 760
5132 3184 2533592 1 1460 620 602
5637 4147 2534173 0 1380 460 304
5637 4147 2534183 1 1380 460 314
5596 4225 2534193 1 1380 460 307
5612 4272 2534203 1 1390 460 310
5671 4333 2534213 1 1390 460 339
5761 4430 2534223 1 1380 470 394
5854 4546 2534233 1 1380 470 433
5929 4640 2534243 1 1380 470 466
5992 4728 2534253 1 1380 470 488
6052 4806 2534263 1 1380 470 488
6108 4848 2534273 1 1390 470 488
6162 4867 2534283 1 1390 470 491
6222 4856 2534293 1 1390 470 494
6282 4805 2534303 1 1390 470 509
6333 4728 2534313 1 1400 480 502
6378 4600 2534323 1 1400 480 504
6383 4405 2534333 1 1400 480 519
6355 4165 2534343 1 1420 480 527
6305 3883 2534353 1 1420 480 540
6227 3592 2534363 1 1420 480 556
6137 3295 2534373 1 1430 490 561
6038 3005 2534383 1 1420 490 570
5945 2705 2534393 1 1430 500 611
5836 2398 2534403 1 1430 500 633
5717 2088 2534413 1 1420 500 643
5644 1863 2534423 1 1430 510 646
5632 1695 2534433 1 1420 520 647
5660 1660 2534443 1 1410 520 661
5706 1694 2534453 1 1400 530 658
5768 1774 2534463 1 1410 530 667
5840 1930 2534473 1 1410 530 671
5911 2154 2534483 1 1400 540 670
5988 2424 2534493 1 1410 550 659
6064 2717 2534503 1 1400 550 639
6136 3056 2534513 1 1400 550 633
6203 3426 2534523 1 1400 550 624
6272 3742 2534533 1 1400 550 617
6381 4054 2534543 1 1400 550 624
6516 4261 2534553 1 1410 550 624
6670 4401 2534563 1 1410 550 616
6821 4494 2534573 1 1410 550 595
6930 4544 2534583 1 1420 540 575
7011 4565 2534593 1 1430 530 567
7042 4565 2534603 1 1430 530 562
7064 4547 2534613 1 1460 530 570
7079 4522 2534623 1 1470 520 570
7105 4496 2534633 1 1470 520 563
7143 4468 2534643 1 1470 520 570
7190 4438 2534653 1 1490 520 568
7220 4389 2534663 1 1490 520 562
7225 4329 2534673 1 1490 520 556
7214 4261 2534683 1 1510 510 554
7198 4204 2534693 1 1510 510 554
7184 4159 2534703 1 1530 520 554
7190 4123 2534704 1 1530 520 557
7190 4123 2534714 1 1540 520 562
7190 4123 2534724 1 1540 520 567
7339 4133 2534734 1 1550 520 584
7440 4145 2534744 1 1550 520 595
7545 4154 2534754 1 1550 520 605
7652 4159 2534764 1 1560 530 606
7734 4143 2534774 1 1560 530 609
7797 4114 2534784 1 1560 530 616
7830 4068 2534794 1 1580 530 620
7818 3998 2534804 1 1580 530 647
7776 3911 2534814 1 1580 530 649
7692 3809 2534824 1 1580 530 650
7589 3704 2534834 1 1570 540 671
7472 3615 2534844 1 1570 540 700
7373 3537 2534854 1 1570 540 711
7334 3467 2534864 1 1570 540 730
7334 3410 2534874 1 1580 540 731
7384 3363 2534884 1 1580 550 733
7474 3324 2534894 1 1580 550 721
7590 3297 2534904 1 1580 550 720
7696 3278 2534914 1 1580 550 731
7766 3252 2534924 1 1570 560 717
7811 3212 2534934 1 1570 560 700
7804 3163 2534944 1 1570 560 694
7757 3104 2534954 1 1570 560 700
7683 3042 2534964 1 1570 560 702
7593 2976 2534974 1 1540 560 690
7506 2909 2534984 1 1540 560 705
7441 2827 2534994 1 1560 570 711
7390 2735 2535004 1 1560 570 711
7371 2653 2535014 1 1560 570 716
7381 2595 2535024 1 1560 570 713
7409 2553 2535034 1 1560 570 716
7473 2506 2535044 1 1560 570 724
7558 2433 2535054 1 1560 570 728
7658 2342 2535064 1 1560 570 727
7741 2219 2535074 1 1560 570 727
7798 2094 2535084 1 1560 570 728
7837 1977 2535094 1 1570 580 722
7857 1866 2535104 1 1570 580 724
7851 1744 2535114 1 1560 590 719
7827 1622 2535124 1 1550 600 711
7777 1506 2535134 1 1540 600 705
7713 1400 2535144 1 1530 610 707
7640 1297 2535154 1 1520 620 710
7573 1200 2535164 1 1510 630 713
7527 1131 2535174 1 1500 650 711
7495 1082 2535184 1 1490 660 711
7488 1064 2535194 1 1480 670 713
7488 1059 2535204 1 1460 670 710
7488 1059 2535214 1 1450 680 705
7488 1059 2535224 1 1430 690 699
7488 1059 2535234 1 1390 710 690
7488 1059 2535244 1 1370 710 670
7488 1049 2535254 1 1350 720 663
7479 1036 2535264 1 1300 720 664
7456 1014 2535274 1 1280 720 662
7424 992 2535284 1 1280 720 662
7401 977 2535294 1 1280 720 670
7378 967 2535304 1 1280 720 669
7355 949 2535314 1 1280 720 679
7334 934 2535324 1 1280 720 687
7314 929 2535334 1 1280 720 691
7304 929 2535344 1 1280 720 707
7297 964 2535354 1 1280 720 727
7297 1070 2535364 1 1260 720 763
7349 1223 2535374 1 1260 720 767
7427 1447 2535384 1 1280 710 796
7572 1659 2535394 1 1310 710 823
7744 1864 2535404 1 1330 700 822
7933 2006 2535414 1 1350 690 828
8086 2145 2535424 1 1370 690 834
8230 2296 2535434 1 1400 670 837
8367 2455 2535444 1 1420 660 836
8489 2608 2535454 1 1440 660 831
8585 2774 2535464 1 1450 650 831
8664 2949 2535474 1 1480 630 827
8736 3129 2535484 1 1520 620 832
8805 3320 2535494 1 1530 610 826
8872 3519 2535504 1 1540 600 820
8970 3663 2535514 1 1560 590 818
9070 3806 2535524 1 1580 580 809
9176 3948 2535534 1 1590 570 796
9278 4077 2535544 1 1600 550 790
9377 4205 2535554 1 1630 550 790
9465 4330 2535564 1 1630 550 790
9549 4454 2535574 1 1630 540 788
9631 4553 2535584 1 1630 540 788
9701 4636 2535594 1 1630 540 785
9761 4711 2535604 1 1630 540 784
9815 4784 2535614 1 1650 530 796
9863 4857 2535624 1 1650 530 796
9912 4913 2535634 1 1660 520 791
9962 4957 2535644 1 1670 510 790
9995 4984 2535654 1 1670 510 788
10017 4997 2535664 1 1680 500 787
10025 5002 2535674 1 1690 500 788
10025 5002 2535684 1 1690 500 785
10025 5002 2535694 1 1700 500 768
10025 5002 2535704 1 1700 500 748
10006 5002 2535714 1 1700 500 736
9977 4978 2535724 1 1710 490 730
9907 4941 2535734 1 1710 490 722
9820 4886 2535744 1 1710 490 733
9721 4824 2535754 1 1710 480 727
9624 4749 2535764 1 1710 480 728
9522 4666 2535774 1 1710 480 727
9416 4546 2535784 1 1710 480 727
9319 4401 2535794 1 1710 490 727
9226 4209 2535804 1 1710 490 731
9140 4011 2535814 1 1710 490 733
9054 3799 2535824 1 1710 490 731
8967 3580 2535834 1 1690 500 739
8875 3406 2535844 1 1690 500 742
8781 3260 2535854 1 1680 490 746
8711 3134 2535864 1 1680 500 749
8665 3056 2535874 1 1670 500 758
8636 3005 2535884 1 1660 510 763
8611 2971 2535894 1 1660 520 753
8596 2937 2535904 1 1640 520 754
8601 2902 2535914 1 1640 530 756
8615 2885 2535924 1 1640 530 754
8640 2879 2535934 1 1620 530 757
8692 2897 2535944 1 1620 540 762
8763 2932 2535954 1 1620 540 771
8855 2979 2535964 1 1620 540 788
8982 3029 2535974 1 1620 540 790
9132 3077 2535984 1 1620 540 799
9295 3123 2535994 1 1620 540 800
9464 3154 2536004 1 1630 540 800
9636 3176 2536014 1 1630 550 800
9763 3196 2536024 1 1630 550 797
9879 3217 2536034 1 1640 550 796
9988 3235 2536044 1 1640 550 796
10062 3235 2536054 1 1650 550 797
10113 3230 2536064 1 1670 550 794
10149 3222 2536074 1 1680 550 790
10162 3214 2536084 1 1680 550 785
10162 3203 2536094 1 1700 560 784
10162 3192 2536104 1 1710 560 797
10150 3179 2536114 1 1730 560 796
10111 3160 2536124 1 1730 560 790
10055 3133 2536134 1 1740 560 788
9965 3095 2536144 1 1740 560 782
9870 3042 2536154 1 1740 560 780
9771 2979 2536164 1 1740 560 774
9677 2908 2536174 1 1740 560 773
9590 2835 2536184 1 1740 550 771
9535 2776 2536194 1 1740 550 770
9498 2727 2536204 1 1740 550 770
9498 2704 2536214 1 1740 550 777
9507 2680 2536224 1 1740 550 779
9549 2656 2536234 1 1740 560 787
9614 2611 2536244 1 1730 560 785
9701 2537 2536254 1 1730 560 799
9779 2444 2536264 1 1730 560 806
9851 2311 2536274 1 1710 560 805
9869 2176 2536284 1 1710 560 808
9853 2041 2536294 1 1730 560 812
9813 1941 2536304 1 1730 560 817
9758 1826 2536314 1 1720 570 818
9676 1700 2536324 1 1720 570 817
9577 1564 2536334 1 1720 580 826
9462 1427 2536344 1 1720 590 822
9351 1289 2536354 1 1710 600 827
9274 1157 2536364 1 1710 600 828
9217 1055 2536374 1 1710 610 831
9168 974 2536384 1 1710 620 827
9119 924 2536394 1 1700 630 822
9066 898 2536404 1 1700 640 829
9009 888 2536414 1 1690 650 811
8938 907 2536424 1 1690 660 784
8864 963 2536434 1 1680 670 754
8787 1043 2536444 1 1650 670 710
8711 1176 2536454 1 1620 680 690
8684 1319 2536464 1 1610 690 681
8690 1469 2536474 1 1590 690 681
8765 1560 2536484 1 1590 690 681
8873 1649 2536494 1 1560 680 693
9003 1736 2536504 1 1560 680 720
9149 1805 2536514 1 1580 670 762
9337 1874 2536524 1 1560 660 800
9552 1944 2536534 1 1570 650 836
9791 2017 2536544 1 1600 650 861
10030 2066 2536554 1 1610 640 894
10270 2100 2536564 1 1640 630 896
10469 2113 2536574 1 1660 620 903
10608 2113 2536584 1 1690 620 906
10708 2098 2536594 1 1710 610 905
10759 2082 2536604 1 1730 600 908
10799 2068 2536614 1 1750 590 909
10832 2057 2536624 1 1770 580 909
10877 2048 2536634 1 1780 570 909
10923 2033 2536644 1 1800 560 909
10967 1974 2536654 1 1810 560 908
11010 1885 2536664 1 1830 560 902
11010 1760 2536674 1 1840 560 906
10992 1637 2536684 1 1860 560 864
10963 1515 2536694 1 1860 560 824
10950 1442 2536704 1 1880 570 767
10958 1409 2536714 1 1880 570 624
10979 1404 2536724 1 1880 570 65
