277
3079 5852 753503 0 1140 480 54
3079 5852 753513 1 1140 480 61
3079 5852 753523 1 1140 480 68
3079 5852 753533 1 1140 480 96
3079 5852 753543 1 1150 480 137
3079 5852 753553 1 1160 490 191
3079 5852 753563 1 1160 490 240
3174 5857 753573 1 1160 490 281
3233 5871 753583 1 1170 490 327
3296 5894 753593 1 1180 490 363
3374 5923 753603 1 1180 490 381
3459 5955 753613 1 1180 490 391
3545 6006 753623 1 1180 490 394
3622 6042 753633 1 1190 490 393
3694 6069 753643 1 1190 490 369
3743 6083 753653 1 1190 490 245
3765 6094 753663 1 1190 490 81
3456 6374 753793 0 1190 490 25
3456 6374 753803 1 1190 490 46
3456 6374 753813 1 1190 490 48
3456 6374 753823 1 1190 490 70
3456 6374 753833 1 1190 480 108
3456 6374 753843 1 1190 480 149
3479 6293 753853 1 1190 480 191
3492 6234 753863 1 1190 480 232
3509 6164 753873 1 1190 480 264
3529 6076 753883 1 1190 480 287
3549 5977 753893 1 1190 480 314
3573 5849 753903 1 1170 490 309
3597 5716 753913 1 1170 490 340
3624 5574 753923 1 1160 490 346
3650 5427 753933 1 1160 490 358
3681 5276 753943 1 1150 490 369
3704 5147 753953 1 1140 500 369
3723 5034 753963 1 1150 500 376
3745 4965 753973 1 1130 510 376
3756 4911 753983 1 1130 510 362
3756 4866 753993 1 1120 510 338
3756 4871 754003 1 1110 510 134
3506 6042 754144 0 1110 510 24
3506 6042 754154 1 1110 510 53
3506 6042 754164 1 1110 500 105
3506 6042 754174 1 1110 500 163
3506 6042 754184 1 1130 500 213
3415 5950 754194 1 1140 500 254
3378 5856 754204 1 1140 500 274
3331 5738 754214 1 1150 490 312
3277 5597 754224 1 1150 490 340
3200 5413 754234 1 1140 500 364
3110 5200 754244 1 1140 500 396
3011 5011 754254 1 1140 500 418
2950 4881 754264 1 1130 500 431
2919 4790 754274 1 1130 500 430
2907 4745 754284 1 1110 500 407
2912 4736 754294 1 1100 500 354
2922 4751 754304 1 1100 500 221
3491 5744 754575 0 1080 510 103
3491 5744 754585 1 1080 510 119
3491 5744 754595 1 1080 510 144
3491 5744 754605 1 1080 510 207
3491 5744 754615 1 1080 510 250
3491 5744 754625 1 1080 510 302
3491 5744 754635 1 1080 510 341
3613 5705 754645 1 1080 510 377
3671 5684 754655 1 1080 510 417
3722 5661 754665 1 1080 510 431
3767 5637 754675 1 1080 510 438
3795 5617 754685 1 1080 510 448
3814 5600 754695 1 1080 510 417
3828 5592 754705 1 1060 510 333
3837 5592 754715 1 1060 510 134
3854 5858 754815 0 1080 500 67
3854 5858 754825 1 1080 500 103
3854 5858 754835 1 1090 490 177
3854 5858 754845 1 1090 490 235
3938 5924 754855 1 1110 500 312
3979 5947 754865 1 1110 500 379
4030 5971 754875 1 1130 500 423
4124 6019 754885 1 1130 500 449
4234 6084 754895 1 1140 500 474
4354 6140 754905 1 1150 500 464
4447 6182 754915 1 1150 500 465
4516 6214 754925 1 1160 500 466
4570 6230 754935 1 1160 500 420
4599 6242 754945 1 1160 500 336
4604 6247 754955 1 1170 500 120
4349 6417 755065 0 1170 500 86
4349 6417 755075 1 1170 500 108
4349 6417 755085 1 1160 490 119
4349 6417 755095 1 1160 490 184
4349 6417 755105 1 1160 490 223
4349 6417 755115 1 1160 490 275
4353 6313 755125 1 1160 490 304
4367 6249 755135 1 1160 490 346
4386 6168 755145 1 1160 490 372
4408 6078 755155 1 1160 490 409
4432 5964 755165 1 1160 490 440
4457 5839 755175 1 1160 490 442
4482 5706 755185 1 1150 490 452
4500 5594 755195 1 1150 490 469
4513 5498 755205 1 1140 500 474
4530 5413 755215 1 1140 500 467
4540 5341 755225 1 1130 500 461
4540 5297 755235 1 1110 500 443
4540 5273 755245 1 1110 510 397
4540 5260 755255 1 1110 510 312
4535 5260 755265 1 1100 510 94
4366 5955 755396 0 1080 510 46
4366 5955 755406 1 1090 500 70
4366 5955 755416 1 1100 500 120
4366 5955 755426 1 1100 500 196
4366 5955 755436 1 1110 500 280
4283 5819 755446 1 1110 500 325
4264 5746 755456 1 1110 500 349
4245 5678 755466 1 1110 500 354
4230 5616 755476 1 1110 500 315
4221 5575 755486 1 1110 500 107
4409 5937 755566 0 1090 500 317
4506 5925 755576 1 1090 500 397
4523 5918 755586 1 1090 500 514
4523 5918 755596 1 1090 500 617
4523 5912 755606 1 1100 500 714
4529 5907 755616 1 1100 500 793
4529 5901 755626 1 1120 510 827
4529 5895 755636 1 1120 510 860
4529 5895 755646 1 1130 510 903
4529 5888 755656 1 1150 510 902
4529 5882 755666 1 1150 510 912
4529 5882 755676 1 1170 510 932
4529 5876 755686 1 1170 520 944
4529 5876 755696 1 1190 510 944
4529 5870 755706 1 1190 510 942
4534 5870 755716 1 1190 510 944
4550 5865 755726 1 1200 510 942
4568 5859 755736 1 1210 520 941
4586 5859 755746 1 1210 520 941
4608 5868 755756 1 1220 510 942
4617 5868 755766 1 1220 510 944
4617 5873 755776 1 1220 510 944
4617 5873 755786 1 1220 510 942
4617 5873 755796 1 1230 510 939
4617 5873 755806 1 1230 510 935
4617 5878 755816 1 1220 500 930
4630 5878 755826 1 1220 500 926
4641 5878 755836 1 1220 500 918
4654 5878 755846 1 1220 500 908
4673 5867 755856 1 1240 500 899
4697 5853 755866 1 1230 490 906
4725 5836 755876 1 1230 490 899
4758 5819 755886 1 1220 500 896
4793 5806 755896 1 1220 500 888
4829 5797 755906 1 1210 490 891
4863 5789 755916 1 1190 490 893
4897 5781 755926 1 1190 490 891
4934 5770 755936 1 1190 490 893
4972 5758 755946 1 1180 490 885
5012 5747 755956 1 1190 500 854
5052 5736 755966 1 1180 510 794
5091 5731 755976 1 1180 510 613
5127 5731 755986 1 1180 510 178
5566 6065 756177 0 1180 490 221
5566 6065 756187 1 1190 500 225
5566 6065 756197 1 1190 500 256
5566 6065 756207 1 1190 500 286
5566 6065 756217 1 1200 510 335
5566 6065 756227 1 1200 510 371
5660 6139 756237 1 1200 510 389
5702 6139 756247 1 1200 510 417
5749 6134 756257 1 1210 510 428
5793 6122 756267 1 1210 510 438
5826 6105 756277 1 1210 510 440
5853 6086 756287 1 1210 510 417
5879 6061 756297 1 1210 510 309
5902 6032 756307 1 1220 510 39
5880 5650 756357 0 1200 520 181
5880 5557 756367 1 1210 530 315
5864 5540 756377 1 1190 530 361
5864 5533 756387 1 1190 530 399
5871 5533 756397 1 1180 540 443
5878 5533 756407 1 1170 540 464
5890 5555 756417 1 1170 540 466
5910 5585 756427 1 1150 540 339
5956 5654 756437 1 1150 540 12
6260 6108 756547 0 1180 540 242
6260 6108 756557 1 1180 540 264
6260 6108 756567 1 1190 530 301
6260 6108 756577 1 1190 530 367
6260 6108 756587 1 1210 530 469
6260 6108 756597 1 1210 530 533
6260 6108 756607 1 1220 530 578
6302 5986 756617 1 1220 530 619
6314 5901 756627 1 1220 530 639
6328 5813 756637 1 1210 530 636
6348 5723 756647 1 1210 530 634
6374 5634 756657 1 1210 530 539
6402 5561 756667 1 1190 530 282
6553 5981 756778 0 1150 540 382
6553 5981 756788 1 1150 540 368
6553 5981 756798 1 1150 540 361
6553 5981 756808 1 1170 540 427
6655 6003 756818 1 1170 540 497
6752 6038 756828 1 1180 540 567
6900 6081 756838 1 1190 540 611
7053 6127 756848 1 1200 540 622
7238 6172 756858 1 1200 540 634
7443 6179 756868 1 1210 550 700
7607 6161 756878 1 1230 550 699
7759 6136 756888 1 1230 550 721
7902 6119 756898 1 1240 550 761
7997 6119 756908 1 1250 550 777
8079 6128 756918 1 1250 550 787
8152 6137 756928 1 1260 560 799
8209 6142 756938 1 1260 560 809
8247 6142 756948 1 1270 560 811
8271 6127 756958 1 1270 560 814
8262 6091 756968 1 1270 560 800
8211 6039 756978 1 1280 570 743
8132 5958 756988 1 1280 570 617
8018 5862 756998 1 1280 570 522
7895 5757 757008 1 1270 570 255
7052 5465 757108 0 1180 570 327
7052 5465 757118 1 1160 570 359
7052 5465 757128 1 1160 570 443
7052 5465 757138 1 1150 580 512
7052 5465 757148 1 1150 580 554
7052 5465 757158 1 1130 580 617
7052 5465 757168 1 1130 570 655
7175 5536 757178 1 1130 570 687
7307 5562 757188 1 1130 570 691
7474 5604 757198 1 1130 570 699
7616 5623 757208 1 1130 570 699
7743 5634 757218 1 1130 580 696
7859 5639 757228 1 1130 580 656
7935 5648 757238 1 1120 580 533
7971 5660 757248 1 1130 590 12
7494 6521 757419 0 1220 560 134
7494 6521 757429 1 1210 550 142
7494 6521 757439 1 1210 550 142
7494 6521 757449 1 1230 550 148
7494 6521 757459 1 1230 550 165
7494 6521 757469 1 1230 550 191
7494 6521 757479 1 1230 550 207
7494 6521 757489 1 1230 550 249
7494 6521 757499 1 1230 550 257
7494 6521 757509 1 1230 550 264
7494 6521 757519 1 1230 550 259
7494 6521 757529 1 1230 550 230
7494 6521 757539 1 1230 550 212
7494 6521 757549 1 1230 550 202
7494 6521 757559 1 1230 550 203
7494 6521 757569 1 1230 550 216
7494 6521 757579 1 1230 550 262
7494 6521 757589 1 1220 540 296
7494 6521 757599 1 1220 540 317
7494 6521 757609 1 1220 540 354
7494 6521 757619 1 1220 540 382
7494 6521 757629 1 1220 540 402
7494 6521 757639 1 1220 540 418
7494 6521 757649 1 1220 540 427
7508 6541 757659 1 1220 540 440
7508 6524 757669 1 1220 540 464
7508 6491 757679 1 1220 540 490
7508 6445 757689 1 1220 540 512
7508 6382 757699 1 1220 540 537
7508 6284 757709 1 1230 550 562
7508 6162 757719 1 1230 550 574
7502 6000 757729 1 1230 550 583
7497 5808 757739 1 1210 550 589
7497 5597 757749 1 1210 550 586
7497 5402 757759 1 1200 550 574
7505 5206 757769 1 1200 550 561
7523 5076 757779 1 1180 560 561
7531 4992 757789 1 1170 560 560
7531 4935 757799 1 1170 560 570
7531 4903 757809 1 1160 560 540
7531 4889 757819 1 1140 570 394
7524 4895 757829 1 1130 570 37
