386
3769 5542 2543757 0 1470 460 181
3874 5560 2543767 1 1470 460 233
3895 5596 2543777 1 1470 460 274
3908 5646 2543787 1 1460 470 316
3923 5664 2543797 1 1460 470 367
3943 5680 2543807 1 1460 470 444
3950 5690 2543817 1 1460 470 489
3950 5690 2543827 1 1460 470 529
3950 5690 2543837 1 1460 470 546
3929 5690 2543847 1 1450 470 537
3896 5658 2543857 1 1450 470 536
3799 5611 2543867 1 1450 470 537
3661 5515 2543877 1 1450 470 537
3495 5406 2543887 1 1440 470 526
3357 5288 2543897 1 1440 470 483
3255 5212 2543907 1 1440 470 396
3177 5140 2543917 1 1430 460 230
2321 3617 2544228 0 1290 450 249
2232 3443 2544238 1 1290 450 292
2209 3503 2544248 1 1300 460 312
2209 3519 2544258 1 1300 470 314
2216 3506 2544268 1 1300 470 312
2284 3532 2544278 1 1310 470 361
2411 3596 2544288 1 1320 480 441
2576 3685 2544298 1 1320 480 491
2808 3825 2544308 1 1330 480 540
3085 3988 2544318 1 1330 480 562
3391 4166 2544328 1 1340 480 560
3701 4333 2544338 1 1340 480 561
3949 4458 2544348 1 1350 490 560
4156 4556 2544358 1 1350 490 543
4296 4598 2544368 1 1350 490 443
4363 4606 2544378 1 1350 490 334
4382 4591 2544388 1 1350 490 153
3106 3200 2544879 0 1330 480 211
3106 3200 2544889 1 1330 480 322
3106 3200 2544899 1 1330 480 369
3106 3200 2544909 1 1320 490 404
3106 3200 2544919 1 1320 490 430
3106 3200 2544929 1 1320 490 448
3106 3200 2544939 1 1330 500 455
3165 3333 2544949 1 1330 500 465
3255 3461 2544959 1 1330 500 474
3360 3608 2544969 1 1330 500 470
3491 3795 2544979 1 1330 500 485
3638 4008 2544989 1 1330 500 486
3786 4209 2544999 1 1330 500 490
3898 4425 2545009 1 1340 490 498
3986 4651 2545019 1 1340 490 496
4025 4844 2545029 1 1340 490 496
4010 4994 2545039 1 1360 490 532
3960 5115 2545049 1 1360 490 559
3894 5169 2545059 1 1370 480 570
3829 5180 2545069 1 1370 480 567
3766 5163 2545079 1 1380 480 570
3695 5112 2545089 1 1380 480 569
3620 5013 2545099 1 1380 480 572
3549 4883 2545109 1 1390 470 575
3484 4690 2545119 1 1390 470 591
3430 4453 2545129 1 1390 470 611
3396 4188 2545139 1 1400 470 637
3375 3844 2545149 1 1390 470 665
3375 3498 2545159 1 1390 470 673
3402 3151 2545169 1 1390 470 664
3447 2894 2545179 1 1380 480 667
3506 2705 2545189 1 1380 480 667
3563 2562 2545199 1 1370 480 670
3604 2449 2545209 1 1360 490 673
3636 2343 2545219 1 1350 500 669
3662 2242 2545229 1 1340 500 669
3679 2164 2545239 1 1330 510 669
3689 2115 2545249 1 1330 510 670
3689 2086 2545259 1 1320 510 676
3681 2067 2545269 1 1330 520 681
3669 2054 2545279 1 1310 520 684
3652 2046 2545289 1 1310 520 688
3635 2046 2545299 1 1300 530 693
3619 2046 2545309 1 1300 530 697
3603 2046 2545319 1 1300 540 711
3603 2046 2545329 1 1300 540 717
3603 2051 2545339 1 1300 540 730
3603 2051 2545349 1 1300 540 728
3603 2051 2545359 1 1300 540 727
3603 2061 2545369 1 1300 540 730
3631 2073 2545379 1 1300 540 722
3670 2109 2545389 1 1300 540 731
3741 2156 2545399 1 1300 540 737
3812 2211 2545409 1 1300 540 743
3883 2257 2545419 1 1300 540 742
3943 2301 2545429 1 1300 540 743
3995 2340 2545439 1 1300 540 748
4041 2379 2545449 1 1300 540 754
4081 2427 2545459 1 1300 540 760
4118 2482 2545469 1 1300 540 756
4154 2549 2545479 1 1290 530 765
4192 2634 2545489 1 1300 540 774
4234 2730 2545499 1 1300 540 788
4280 2851 2545509 1 1300 540 794
4327 2991 2545519 1 1300 540 796
4377 3143 2545529 1 1300 540 796
4420 3311 2545539 1 1300 540 791
4459 3468 2545549 1 1300 540 782
4476 3617 2545559 1 1300 540 771
4469 3713 2545569 1 1310 540 762
4446 3768 2545579 1 1310 540 761
4419 3796 2545589 1 1310 540 722
4393 3796 2545599 1 1330 530 666
4363 3776 2545609 1 1330 530 501
5118 4630 2546361 0 1380 410 228
5118 4630 2546371 1 1370 410 242
5118 4630 2546381 1 1370 410 244
5118 4630 2546391 1 1360 420 252
5118 4630 2546401 1 1370 420 294
5223 4767 2546411 1 1360 430 349
5352 4918 2546421 1 1360 430 412
5496 5067 2546431 1 1370 430 450
5622 5168 2546441 1 1360 440 468
5736 5237 2546451 1 1360 440 473
5827 5260 2546461 1 1370 440 464
5884 5260 2546471 1 1370 440 464
5917 5241 2546481 1 1380 450 465
5951 5209 2546491 1 1390 450 467
5976 5151 2546501 1 1390 450 472
5994 5076 2546511 1 1400 460 472
5994 4971 2546521 1 1400 460 473
5971 4851 2546531 1 1410 460 477
5942 4721 2546541 1 1410 460 480
5901 4628 2546551 1 1410 460 485
5842 4533 2546561 1 1430 460 486
5772 4403 2546571 1 1430 460 491
5695 4250 2546581 1 1430 460 494
5621 4109 2546591 1 1430 460 492
5590 4012 2546601 1 1430 460 494
5590 3945 2546611 1 1430 460 499
5613 3918 2546621 1 1420 470 502
5683 3891 2546631 1 1400 470 516
5782 3816 2546641 1 1400 470 551
5914 3708 2546651 1 1390 470 560
6026 3542 2546661 1 1390 470 570
6125 3319 2546671 1 1390 470 580
6179 3057 2546681 1 1390 480 594
6191 2808 2546691 1 1390 480 603
6176 2596 2546701 1 1380 490 645
6140 2410 2546711 1 1380 490 663
6099 2251 2546721 1 1400 500 690
6055 2143 2546731 1 1380 500 705
6031 2068 2546741 1 1400 510 713
6020 2055 2546751 1 1400 510 719
6020 2084 2546761 1 1400 520 721
6000 2141 2546771 1 1400 520 713
5986 2286 2546781 1 1400 530 700
5979 2504 2546791 1 1400 530 702
5988 2772 2546801 1 1410 530 690
6005 3094 2546811 1 1410 530 697
6035 3428 2546821 1 1410 530 688
6093 3770 2546831 1 1410 530 685
6170 4090 2546841 1 1410 530 691
6339 4359 2546851 1 1410 530 691
6508 4594 2546861 1 1400 530 688
6698 4752 2546871 1 1410 520 688
6903 4886 2546881 1 1410 520 693
7074 5005 2546891 1 1420 520 694
7226 5086 2546901 1 1440 510 691
7365 5133 2546911 1 1440 510 667
7438 5158 2546921 1 1450 510 633
7462 5158 2546931 1 1450 510 609
7454 5131 2546941 1 1480 500 605
7406 5085 2546951 1 1480 500 605
7329 5007 2546961 1 1480 500 606
7232 4924 2546971 1 1500 500 605
7163 4839 2546981 1 1510 490 605
7133 4795 2546991 1 1510 490 603
7128 4781 2547001 1 1530 490 602
7128 4787 2547011 1 1530 490 606
7158 4787 2547021 1 1530 490 620
7207 4811 2547031 1 1540 490 639
7303 4842 2547041 1 1540 490 656
7441 4871 2547051 1 1540 490 663
7607 4871 2547061 1 1540 490 670
7763 4861 2547071 1 1540 490 669
7890 4820 2547081 1 1540 490 666
7997 4758 2547091 1 1550 490 663
8031 4683 2547101 1 1550 490 667
8012 4600 2547111 1 1540 500 664
7958 4513 2547121 1 1540 500 664
7850 4419 2547131 1 1540 500 666
7712 4324 2547141 1 1550 500 667
7553 4248 2547151 1 1550 500 669
7423 4185 2547161 1 1550 500 675
7351 4142 2547171 1 1550 500 673
7317 4111 2547181 1 1550 510 673
7303 4089 2547191 1 1560 510 675
7310 4080 2547201 1 1560 510 673
7330 4069 2547211 1 1560 510 676
7366 4052 2547212 1 1560 510 681
7366 4052 2547222 1 1560 510 679
7489 3995 2547232 1 1560 510 675
7533 3936 2547242 1 1560 510 675
7533 3859 2547252 1 1550 520 670
7510 3773 2547262 1 1540 520 670
7457 3695 2547272 1 1540 520 670
7398 3644 2547282 1 1530 530 675
7335 3609 2547292 1 1530 530 675
7277 3588 2547302 1 1530 530 675
7237 3571 2547312 1 1520 540 676
7208 3556 2547322 1 1520 540 670
7197 3538 2547332 1 1510 540 667
7191 3520 2547342 1 1510 540 646
7191 3499 2547352 1 1500 540 645
7212 3471 2547362 1 1490 550 645
7244 3437 2547372 1 1490 550 637
7307 3387 2547382 1 1490 550 641
7396 3327 2547392 1 1480 560 646
7501 3255 2547402 1 1480 560 646
7589 3178 2547412 1 1480 560 647
7644 3089 2547422 1 1480 560 649
7676 2996 2547432 1 1480 560 649
7676 2900 2547442 1 1490 560 655
7658 2780 2547452 1 1490 560 656
7633 2659 2547462 1 1500 550 659
7613 2578 2547472 1 1490 560 662
7590 2523 2547482 1 1490 560 664
7564 2496 2547492 1 1490 560 668
7555 2496 2547502 1 1490 560 668
7555 2514 2547512 1 1490 560 661
7543 2529 2547523 1 1490 560 662
7543 2529 2547533 1 1480 570 661
7543 2529 2547543 1 1480 570 659
7543 2529 2547553 1 1480 570 662
7543 2529 2547563 1 1480 570 667
7543 2529 2547573 1 1480 570 670
7570 2392 2547583 1 1470 560 676
7614 2295 2547593 1 1470 560 702
7681 2183 2547603 1 1470 560 727
7751 2050 2547613 1 1470 560 727
7799 1881 2547623 1 1460 570 734
7830 1688 2547633 1 1470 580 740
7810 1503 2547643 1 1460 580 751
7759 1330 2547653 1 1450 590 758
7687 1165 2547663 1 1440 600 760
7605 1011 2547673 1 1440 610 761
7514 878 2547683 1 1430 620 753
7417 758 2547693 1 1400 630 768
7322 632 2547703 1 1400 650 790
7261 529 2547713 1 1380 650 794
7223 442 2547723 1 1370 660 796
7231 410 2547733 1 1330 670 783
7240 405 2547743 1 1330 690 785
7252 419 2547753 1 1310 690 793
7264 453 2547763 1 1290 700 794
7284 533 2547773 1 1240 710 799
7306 643 2547783 1 1220 710 800
7343 776 2547793 1 1190 720 811
7390 921 2547803 1 1190 720 817
7466 1073 2547803 1 1190 720 821
7580 1278 2547813 1 1220 710 821
7719 1482 2547823 1 1220 700 820
7876 1690 2547833 1 1250 700 820
8021 1902 2547843 1 1290 680 823
8158 2116 2547853 1 1310 680 821
8294 2368 2547863 1 1330 670 817
8431 2645 2547873 1 1370 660 808
8567 2902 2547883 1 1380 650 811
8693 3148 2547893 1 1410 640 805
8815 3376 2547903 1 1440 620 799
8921 3597 2547913 1 1460 620 794
8996 3750 2547923 1 1480 600 793
9049 3871 2547933 1 1500 580 796
9087 3970 2547943 1 1530 580 796
9125 4061 2547953 1 1540 560 797
9178 4151 2547963 1 1560 550 794
9239 4237 2547973 1 1580 540 794
9302 4318 2547983 1 1590 530 791
9365 4391 2547993 1 1590 530 791
9423 4447 2548003 1 1600 520 790
9478 4492 2548013 1 1610 520 785
9526 4537 2548023 1 1620 520 785
9566 4582 2548033 1 1620 520 787
9601 4627 2548043 1 1620 520 784
9631 4676 2548053 1 1640 510 794
9663 4729 2548063 1 1640 510 788
9696 4791 2548073 1 1640 510 779
9737 4849 2548083 1 1640 510 765
9776 4904 2548093 1 1640 500 760
9787 4936 2548103 1 1640 500 721
9779 4948 2548113 1 1650 490 713
9730 4948 2548123 1 1650 490 691
9629 4915 2548133 1 1650 490 702
9493 4843 2548143 1 1650 480 697
9346 4744 2548153 1 1650 480 699
9230 4628 2548163 1 1650 480 702
9134 4450 2548173 1 1660 470 700
9054 4230 2548183 1 1660 470 697
8951 3964 2548193 1 1660 470 690
8833 3707 2548203 1 1660 470 702
8743 3456 2548213 1 1650 480 702
8702 3289 2548223 1 1650 480 694
8694 3190 2548233 1 1640 480 694
8705 3136 2548243 1 1630 490 697
8730 3088 2548253 1 1630 490 702
8763 3038 2548263 1 1630 500 702
8786 2983 2548273 1 1620 500 697
8797 2922 2548283 1 1610 500 697
8797 2857 2548293 1 1610 500 690
8758 2768 2548303 1 1590 510 690
8653 2663 2548313 1 1590 510 696
8507 2557 2548323 1 1580 520 707
8333 2444 2548333 1 1580 520 725
8215 2353 2548343 1 1580 530 754
8135 2280 2548353 1 1580 530 765
8148 2265 2548363 1 1580 530 793
8239 2265 2548373 1 1580 530 791
8382 2271 2548383 1 1580 530 803
8579 2330 2548393 1 1580 530 809
8800 2422 2548403 1 1590 530 817
9038 2537 2548413 1 1590 530 818
9221 2654 2548423 1 1580 540 825
9410 2777 2548433 1 1600 540 834
9610 2904 2548443 1 1600 540 840
9814 2985 2548453 1 1610 550 840
10015 3033 2548463 1 1610 550 840
10152 3060 2548473 1 1630 550 833
10249 3067 2548483 1 1640 550 815
10283 3051 2548493 1 1650 550 796
10268 3020 2548503 1 1670 540 794
10219 2961 2548513 1 1690 540 788
10123 2869 2548523 1 1700 550 783
10008 2755 2548533 1 1700 550 794
9879 2630 2548543 1 1710 550 785
9750 2510 2548553 1 1710 550 790
9639 2396 2548563 1 1710 550 790
9539 2279 2548573 1 1730 550 794
9453 2170 2548583 1 1730 550 793
9395 2066 2548593 1 1730 550 796
9355 1963 2548603 1 1730 550 815
9377 1803 2548613 1 1730 550 829
9431 1606 2548623 1 1730 560 825
9506 1354 2548633 1 1720 570 852
9563 1078 2548643 1 1700 580 853
9581 785 2548653 1 1700 590 863
9573 520 2548663 1 1700 600 873
9542 304 2548673 1 1690 620 876
9481 121 2548683 1 1680 630 882
9399 0 2548693 1 1670 640 875
9273 0 2548703 1 1640 660 873
9158 0 2548713 1 1620 680 876
9049 0 2548723 1 1600 700 875
8983 0 2548733 1 1590 710 870
8921 0 2548743 1 1570 730 869
8867 0 2548753 1 1540 740 817
8821 60 2548763 1 1520 750 809
8804 160 2548773 1 1500 760 787
8804 228 2548783 1 1480 770 779
8804 296 2548793 1 1440 770 759
8786 360 2548803 1 1440 770 743
8756 423 2548813 1 1410 760 702
8700 475 2548823 1 1410 760 658
8611 518 2548833 1 1380 750 614
8501 554 2548843 1 1380 750 599
8389 583 2548853 1 1380 750 599
8309 583 2548863 1 1380 740 600
8251 576 2548873 1 1380 740 600
8239 576 2548883 1 1380 740 609
8239 576 2548893 1 1400 730 645
8253 569 2548903 1 1370 730 655
8253 608 2548913 1 1370 730 685
8300 674 2548923 1 1400 720 733
8384 778 2548933 1 1400 720 759
8541 892 2548943 1 1400 720 788
8749 1013 2548953 1 1370 710 817
8990 1134 2548963 1 1390 710 824
9237 1255 2548973 1 1420 710 833
9496 1377 2548983 1 1430 700 833
9762 1469 2548993 1 1450 700 831
10030 1555 2549003 1 1490 690 836
10288 1616 2549013 1 1530 690 833
10519 1662 2549023 1 1560 680 824
10734 1662 2549033 1 1600 680 822
10826 1642 2549043 1 1640 660 831
10875 1599 2549053 1 1670 650 858
10896 1532 2549063 1 1690 650 855
10910 1460 2549073 1 1720 640 858
10915 1376 2549083 1 1740 620 860
10915 1284 2549093 1 1780 610 809
10893 1185 2549103 1 1800 600 725
10848 1085 2549113 1 1820 600 561
