236
1962 6106 81102198 0 1330 520 5
1975 6217 81102208 1 1330 520 6
1975 6229 81102218 1 1340 510 5
1975 6229 81102228 1 1340 510 34
1975 6205 81102238 1 1350 520 66
1968 6121 81102248 1 1350 520 103
1953 5995 81102258 1 1360 510 149
1934 5776 81102268 1 1360 510 139
1918 5552 81102278 1 1360 510 148
1898 5260 81102288 1 1370 520 151
1876 4926 81102298 1 1360 520 151
1847 4595 81102308 1 1360 520 161
1821 4275 81102318 1 1360 520 161
1796 3987 81102328 1 1350 530 170
1782 3717 81102338 1 1350 530 177
1772 3550 81102348 1 1340 540 184
1772 3429 81102359 1 1330 540 186
1767 3338 81102369 1 1310 550 184
1767 3298 81102379 1 1300 550 175
1767 3308 81102389 1 1270 560 136
1767 3351 81102399 1 1260 570 127
1759 3477 81102409 1 1240 570 120
1759 3666 81102419 1 1240 570 122
1759 3896 81102429 1 1230 580 120
1771 4153 81102439 1 1230 580 120
1790 4433 81102449 1 1230 580 125
1839 4728 81102459 1 1230 580 127
1906 5017 81102469 1 1230 580 129
2009 5294 81102479 1 1230 580 129
2142 5551 81102489 1 1230 580 130
2294 5757 81102499 1 1230 580 136
2449 5926 81102509 1 1240 570 149
2618 6045 81102519 1 1250 560 144
2795 6107 81102529 1 1260 560 158
2947 6131 81102539 1 1270 550 168
3101 6104 81102549 1 1290 550 184
3232 6026 81102559 1 1300 540 178
3348 5913 81102569 1 1310 540 193
3419 5744 81102579 1 1330 530 205
3455 5575 81102589 1 1340 520 208
3467 5379 81102599 1 1340 520 212
3438 5167 81102609 1 1350 520 213
3371 4960 81102619 1 1350 520 208
3278 4757 81102629 1 1350 520 202
3146 4558 81102639 1 1350 520 191
2988 4387 81102649 1 1350 510 190
2812 4240 81102659 1 1340 510 181
2638 4108 81102669 1 1340 510 178
2468 4040 81102679 1 1340 510 178
2332 4025 81102689 1 1330 520 178
2216 4045 81102699 1 1330 520 180
2122 4087 81102709 1 1310 520 191
2061 4139 81102719 1 1300 530 203
2021 4198 81102729 1 1300 530 208
2014 4244 81102739 1 1300 530 208
2014 4276 81102749 1 1300 530 210
2030 4300 81102759 1 1290 530 208
2059 4310 81102769 1 1290 530 213
2106 4316 81102779 1 1290 530 213
2157 4297 81102789 1 1290 530 220
2217 4264 81102799 1 1290 530 221
2284 4222 81102809 1 1290 530 242
2362 4166 81102819 1 1290 530 244
2448 4102 81102829 1 1300 530 270
2555 4022 81102839 1 1300 530 289
2675 3921 81102849 1 1300 530 312
2794 3807 81102859 1 1300 530 312
2916 3685 81102869 1 1300 530 329
3061 3585 81102879 1 1300 530 342
3220 3500 81102889 1 1300 530 336
3372 3420 81102899 1 1290 520 346
3529 3349 81102909 1 1280 530 351
3689 3284 81102919 1 1280 530 356
3844 3233 81102929 1 1280 530 358
3984 3195 81102939 1 1280 530 358
4117 3165 81102949 1 1280 530 356
4253 3153 81102959 1 1280 530 354
4375 3165 81102969 1 1280 530 351
4487 3194 81102979 1 1270 530 346
4598 3262 81102989 1 1270 530 333
4710 3365 81102999 1 1270 530 324
4812 3492 81103009 1 1270 530 312
4906 3644 81103019 1 1270 530 302
4984 3815 81103029 1 1250 530 301
5051 3999 81103039 1 1250 530 302
5110 4124 81103049 1 1250 530 302
5138 4202 81103059 1 1250 530 301
5138 4249 81103069 1 1270 520 301
5130 4272 81103079 1 1280 530 304
5102 4278 81103089 1 1280 530 302
5060 4272 81103099 1 1280 530 306
5009 4245 81103109 1 1280 530 306
4949 4201 81103119 1 1290 520 307
4887 4145 81103129 1 1290 520 312
4823 4079 81103139 1 1290 520 305
4768 3987 81103149 1 1290 520 314
4716 3877 81103159 1 1300 520 324
4690 3720 81103169 1 1300 520 337
4681 3563 81103179 1 1300 520 333
4689 3388 81103189 1 1300 520 339
4720 3202 81103199 1 1290 520 344
4767 3036 81103209 1 1290 520 344
4835 2909 81103219 1 1290 520 344
4908 2809 81103229 1 1290 520 349
5004 2750 81103239 1 1290 520 353
5112 2737 81103249 1 1290 520 351
5233 2754 81103259 1 1290 520 358
5354 2824 81103269 1 1280 530 359
5465 2930 81103279 1 1280 530 359
5569 3060 81103289 1 1280 530 356
5668 3223 81103299 1 1270 530 358
5756 3411 81103309 1 1270 530 353
5836 3616 81103319 1 1270 530 349
5880 3821 81103329 1 1280 540 349
5902 3995 81103339 1 1280 540 348
5909 4149 81103349 1 1280 540 348
5891 4236 81103359 1 1280 540 351
5862 4280 81103369 1 1290 530 356
5825 4295 81103379 1 1290 530 356
5800 4295 81103389 1 1290 530 356
5790 4286 81103399 1 1290 530 356
5790 4268 81103409 1 1290 530 356
5796 4223 81103419 1 1300 540 358
5808 4161 81103429 1 1300 540 364
5829 4073 81103439 1 1310 540 373
5862 3957 81103449 1 1310 540 376
5905 3822 81103459 1 1310 540 393
5957 3671 81103469 1 1330 530 392
6025 3548 81103479 1 1330 530 400
6102 3444 81103489 1 1330 530 407
6197 3355 81103499 1 1330 530 415
6296 3284 81103509 1 1330 530 415
6400 3226 81103519 1 1310 540 418
6500 3195 81103529 1 1310 540 417
6597 3181 81103539 1 1310 540 418
6698 3181 81103549 1 1310 540 418
6803 3194 81103559 1 1310 540 420
6913 3228 81103569 1 1310 540 423
7013 3275 81103579 1 1300 540 414
7108 3351 81103589 1 1300 540 425
7224 3443 81103599 1 1300 540 414
7356 3546 81103609 1 1290 550 414
7498 3676 81103619 1 1290 550 422
7648 3851 81103629 1 1290 550 420
7802 4056 81103639 1 1290 550 415
7942 4283 81103649 1 1300 550 409
8071 4520 81103659 1 1300 550 397
8169 4765 81103669 1 1300 550 394
8243 5016 81103679 1 1310 560 376
8300 5239 81103689 1 1310 560 364
8323 5443 81103699 1 1320 550 363
8323 5601 81103709 1 1320 550 348
8304 5716 81103719 1 1340 560 334
8269 5803 81103729 1 1340 560 335
8227 5862 81103739 1 1340 560 329
8179 5885 81103749 1 1350 550 322
8133 5885 81103759 1 1360 550 319
8081 5843 81103769 1 1360 550 315
8024 5764 81103779 1 1380 550 317
7966 5658 81103789 1 1390 550 320
7901 5501 81103799 1 1390 550 324
7831 5296 81103809 1 1390 550 332
7767 5058 81103819 1 1390 550 340
7706 4774 81103829 1 1390 550 342
7653 4497 81103839 1 1390 550 334
7608 4224 81103849 1 1370 540 341
7582 3965 81103859 1 1370 540 356
7569 3738 81103869 1 1360 550 371
7583 3533 81103879 1 1360 550 369
7619 3357 81103889 1 1350 540 376
7670 3211 81103899 1 1340 550 381
7746 3085 81103909 1 1340 550 381
7848 3009 81103919 1 1340 550 381
7967 2979 81103929 1 1310 550 384
8088 2979 81103939 1 1310 550 384
8231 3024 81103949 1 1310 550 386
8388 3104 81103959 1 1310 550 387
8540 3208 81103969 1 1300 550 386
8680 3342 81103979 1 1290 550 386
8813 3480 81103989 1 1300 550 381
8938 3620 81103999 1 1300 550 379
9030 3759 81104009 1 1300 550 379
9101 3869 81104019 1 1300 550 379
9159 3961 81104029 1 1310 560 379
9201 4009 81104039 1 1310 560 379
9231 4034 81104049 1 1320 550 381
9255 4045 81104059 1 1320 550 382
9271 4039 81104069 1 1320 550 382
9282 4017 81104079 1 1350 550 386
9290 3984 81104089 1 1350 550 386
9301 3932 81104099 1 1350 550 393
9316 3874 81104109 1 1350 550 389
9336 3795 81104119 1 1360 550 397
9359 3704 81104129 1 1360 550 405
9399 3639 81104139 1 1360 550 409
9450 3585 81104149 1 1360 550 407
9518 3539 81104159 1 1360 550 407
9603 3516 81104169 1 1360 550 412
9699 3516 81104179 1 1360 550 407
9813 3533 81104189 1 1360 550 405
9937 3561 81104199 1 1350 550 405
10067 3588 81104209 1 1350 550 407
10175 3588 81104219 1 1350 550 409
10264 3561 81104229 1 1350 550 415
10339 3499 81104239 1 1340 560 425
10414 3420 81104249 1 1340 560 417
10492 3331 81104259 1 1340 560 420
10577 3241 81104269 1 1320 570 420
10668 3171 81104279 1 1320 570 420
10767 3115 81104289 1 1320 570 422
10891 3085 81104299 1 1320 570 422
11031 3077 81104309 1 1320 570 425
11178 3083 81104319 1 1320 570 436
11329 3070 81104329 1 1320 570 446
11484 3053 81104339 1 1310 560 449
11636 3026 81104349 1 1300 560 443
11762 2997 81104359 1 1300 560 391
11874 2972 81104369 1 1300 560 131
10515 4308 81104632 0 1340 540 55
10535 4281 81104642 1 1340 540 70
10540 4281 81104652 1 1350 530 70
10540 4263 81104662 1 1350 530 75
10563 4242 81104672 1 1350 530 80
10587 4214 81104682 1 1350 530 85
10620 4181 81104692 1 1350 530 85
10656 4142 81104702 1 1350 530 83
10692 4101 81104712 1 1350 530 53
8992 4583 81104912 0 1340 480 221
8926 4555 81104922 1 1340 480 240
8900 4571 81104932 1 1330 470 225
8888 4611 81104942 1 1340 470 221
8907 4603 81104952 1 1330 470 225
8928 4590 81104962 1 1340 480 226
8962 4565 81104972 1 1340 480 228
9002 4535 81104982 1 1340 490 228
9043 4501 81104992 1 1350 500 179
