248
2056 6107 81242590 0 1170 650 54
2036 6159 81242600 1 1180 560 68
1996 6169 81242610 1 1270 530 61
1983 6118 81242620 1 1280 530 78
1964 6004 81242630 1 1280 530 91
1941 5849 81242640 1 1290 520 91
1922 5652 81242650 1 1290 520 99
1905 5410 81242660 1 1300 530 106
1892 5137 81242670 1 1310 520 106
1878 4815 81242680 1 1310 520 108
1862 4493 81242690 1 1310 520 106
1848 4171 81242700 1 1310 520 90
1831 3847 81242710 1 1310 520 93
1819 3584 81242720 1 1300 530 95
1811 3361 81242730 1 1300 530 98
1805 3175 81242740 1 1310 540 103
1805 3053 81242750 1 1300 540 103
1799 2974 81242760 1 1300 540 129
1799 2955 81242770 1 1290 550 161
1799 2977 81242780 1 1270 550 151
1793 3026 81242790 1 1260 560 136
1783 3163 81242800 1 1250 560 132
1776 3358 81242810 1 1250 560 136
1776 3593 81242820 1 1230 560 137
1792 3880 81242830 1 1220 560 137
1824 4192 81242840 1 1230 560 136
1883 4521 81242850 1 1230 560 136
1982 4827 81242860 1 1230 560 137
2108 5112 81242870 1 1230 560 141
2269 5383 81242880 1 1220 560 141
2463 5616 81242890 1 1220 560 137
2680 5792 81242900 1 1240 550 139
2890 5929 81242910 1 1250 550 139
3100 6013 81242920 1 1260 540 139
3275 6029 81242930 1 1280 540 141
3427 6001 81242940 1 1290 530 144
3540 5914 81242950 1 1300 530 146
3615 5774 81242960 1 1300 530 149
3665 5600 81242970 1 1310 520 151
3660 5381 81242980 1 1330 520 151
3603 5142 81242990 1 1320 510 156
3511 4891 81243000 1 1330 510 156
3391 4648 81243010 1 1330 510 153
3247 4451 81243020 1 1330 510 137
3086 4285 81243030 1 1340 500 142
2918 4147 81243040 1 1340 500 127
2751 4056 81243050 1 1340 500 120
2582 3997 81243061 1 1330 510 122
2431 3974 81243071 1 1330 510 127
2296 3974 81243081 1 1330 510 134
2197 3998 81243091 1 1320 510 137
2137 4021 81243101 1 1320 510 156
2104 4039 81243111 1 1320 510 163
2098 4044 81243121 1 1320 510 165
2118 4044 81243131 1 1320 510 168
2154 4037 81243141 1 1320 510 173
2216 4009 81243151 1 1320 510 179
2299 3967 81243161 1 1320 510 173
2395 3899 81243171 1 1320 510 195
2515 3808 81243181 1 1320 510 218
2655 3702 81243191 1 1320 510 223
2809 3605 81243201 1 1320 510 237
2963 3505 81243211 1 1300 520 246
3127 3400 81243221 1 1300 520 241
3297 3288 81243231 1 1290 510 249
3446 3184 81243241 1 1290 510 250
3598 3087 81243251 1 1290 510 254
3751 3006 81243261 1 1290 510 257
3882 2951 81243271 1 1290 510 257
4016 2914 81243281 1 1290 510 257
4159 2903 81243291 1 1290 510 255
4299 2926 81243301 1 1290 510 252
4436 2972 81243311 1 1290 510 247
4570 3055 81243321 1 1290 510 244
4704 3171 81243331 1 1290 510 241
4838 3310 81243341 1 1290 510 241
4937 3451 81243351 1 1290 510 245
5015 3572 81243361 1 1290 510 242
5081 3679 81243371 1 1290 510 244
5123 3782 81243381 1 1290 510 244
5149 3862 81243391 1 1290 510 245
5149 3927 81243401 1 1290 510 247
5136 3971 81243411 1 1300 510 250
5108 4011 81243421 1 1300 510 255
5073 4031 81243431 1 1300 510 260
5032 4040 81243441 1 1300 510 265
4988 4034 81243441 1 1300 510 275
4944 4013 81243451 1 1300 510 282
4901 3983 81243461 1 1320 500 287
4862 3931 81243471 1 1320 500 276
4825 3841 81243481 1 1320 500 282
4793 3727 81243491 1 1320 500 287
4761 3603 81243501 1 1320 500 289
4743 3473 81243511 1 1320 500 292
4736 3329 81243521 1 1320 500 296
4755 3179 81243531 1 1320 500 296
4778 3059 81243541 1 1300 510 297
4820 2968 81243551 1 1300 510 301
4872 2897 81243561 1 1300 510 301
4937 2857 81243571 1 1300 510 302
5014 2857 81243581 1 1290 510 306
5100 2877 81243591 1 1290 510 309
5193 2938 81243601 1 1290 510 311
5278 3022 81243611 1 1280 520 312
5358 3121 81243621 1 1280 520 314
5416 3238 81243631 1 1280 520 312
5456 3363 81243641 1 1280 520 311
5484 3493 81243651 1 1280 520 307
5484 3611 81243661 1 1280 520 304
5476 3725 81243671 1 1280 520 304
5453 3824 81243681 1 1280 520 309
5436 3914 81243691 1 1280 520 316
5424 3942 81243701 1 1280 520 316
5424 3949 81243711 1 1280 520 314
5424 3941 81243721 1 1290 510 314
5424 3919 81243731 1 1290 510 314
5440 3873 81243741 1 1290 510 317
5467 3811 81243751 1 1290 510 316
5502 3719 81243761 1 1300 510 304
5553 3623 81243771 1 1300 510 309
5611 3502 81243781 1 1300 510 312
5682 3365 81243791 1 1300 510 314
5768 3216 81243801 1 1300 510 315
5864 3095 81243812 1 1300 510 319
5956 2994 81243822 1 1300 510 322
6051 2931 81243832 1 1300 510 322
6167 2904 81243842 1 1320 510 320
6296 2904 81243852 1 1320 510 319
6430 2943 81243862 1 1320 510 322
6567 3025 81243872 1 1300 520 322
6709 3135 81243882 1 1300 520 322
6857 3290 81243892 1 1300 520 320
7007 3469 81243902 1 1300 530 320
7153 3664 81243912 1 1300 530 317
7300 3903 81243922 1 1300 530 315
7448 4166 81243932 1 1300 530 310
7579 4444 81243942 1 1300 530 314
7701 4723 81243952 1 1290 530 306
7808 5023 81243962 1 1300 540 302
7887 5337 81243972 1 1300 540 294
7946 5633 81243982 1 1300 540 282
7964 5889 81243992 1 1300 540 284
7951 6118 81244002 1 1310 540 270
7917 6296 81244012 1 1330 540 257
7855 6430 81244022 1 1340 540 249
7780 6534 81244032 1 1340 540 244
7696 6582 81244042 1 1350 530 242
7616 6593 81244052 1 1350 530 241
7535 6579 81244062 1 1360 520 242
7451 6528 81244072 1 1360 520 244
7365 6430 81244082 1 1370 520 245
7274 6300 81244092 1 1370 520 245
7188 6136 81244102 1 1380 510 247
7125 5925 81244112 1 1380 510 247
7077 5684 81244122 1 1400 510 250
7041 5424 81244132 1 1400 510 250
7009 5132 81244142 1 1400 510 250
6995 4819 81244152 1 1400 510 257
6995 4539 81244162 1 1400 510 269
7010 4259 81244172 1 1380 510 279
7049 3977 81244182 1 1380 510 284
7103 3729 81244192 1 1370 520 273
7181 3504 81244202 1 1370 520 277
7280 3323 81244212 1 1360 520 282
7392 3162 81244222 1 1350 530 292
7535 3015 81244232 1 1350 530 296
7677 2931 81244242 1 1340 540 301
7819 2884 81244252 1 1340 540 302
7982 2861 81244262 1 1340 540 301
8133 2872 81244272 1 1330 540 302
8276 2916 81244282 1 1310 540 304
8434 2982 81244292 1 1300 540 306
8571 3084 81244302 1 1300 540 306
8694 3223 81244312 1 1300 540 306
8802 3386 81244322 1 1300 540 304
8894 3553 81244332 1 1300 540 301
8974 3717 81244342 1 1300 540 302
9021 3876 81244352 1 1300 540 302
9053 3987 81244362 1 1310 550 302
9074 4067 81244372 1 1310 550 306
9084 4115 81244382 1 1330 540 306
9084 4144 81244392 1 1340 550 306
9084 4160 81244402 1 1340 550 312
9074 4169 81244412 1 1340 550 316
9064 4175 81244422 1 1350 550 317
9053 4175 81244432 1 1350 550 316
9039 4162 81244442 1 1350 550 316
9025 4132 81244452 1 1360 550 304
9015 4089 81244462 1 1380 550 305
9010 4017 81244472 1 1380 550 310
9010 3913 81244482 1 1380 550 314
9032 3787 81244492 1 1390 550 315
9060 3655 81244502 1 1390 550 315
9108 3550 81244512 1 1390 550 319
9161 3462 81244522 1 1390 550 322
9233 3397 81244532 1 1380 550 322
9315 3362 81244542 1 1380 550 325
9410 3347 81244552 1 1380 550 327
9507 3365 81244562 1 1360 550 330
9608 3410 81244572 1 1350 550 334
9713 3474 81244582 1 1350 550 334
9819 3550 81244592 1 1350 550 330
9914 3632 81244602 1 1340 550 329
10002 3717 81244612 1 1320 550 329
10060 3800 81244622 1 1320 550 329
10100 3873 81244632 1 1310 550 327
10129 3911 81244642 1 1310 550 324
10149 3928 81244652 1 1310 550 315
10166 3928 81244662 1 1320 550 317
10180 3914 81244672 1 1320 550 315
10203 3887 81244682 1 1320 550 322
10228 3831 81244692 1 1340 550 324
10259 3751 81244702 1 1340 550 325
10297 3654 81244712 1 1340 550 327
10343 3565 81244722 1 1340 550 327
10407 3490 81244732 1 1340 550 330
10483 3424 81244742 1 1350 550 334
10574 3376 81244752 1 1350 550 332
10668 3352 81244762 1 1350 550 337
10772 3344 81244772 1 1350 550 335
10881 3355 81244782 1 1350 550 337
11001 3374 81244792 1 1350 550 339
11127 3399 81244802 1 1340 550 334
11236 3399 81244812 1 1320 550 339
11344 3382 81244822 1 1320 550 341
11452 3350 81244832 1 1320 550 343
11561 3306 81244842 1 1300 550 339
11658 3269 81244852 1 1300 550 344
11747 3236 81244862 1 1290 560 306
11833 3224 81244872 1 1290 560 232
11916 3237 81244882 1 1270 550 55
10175 4495 81245214 0 1330 530 36
10223 4476 81245224 1 1330 530 55
10256 4460 81245234 1 1340 540 65
10296 4443 81245244 1 1340 540 70
10340 4426 81245254 1 1330 540 68
10386 4410 81245264 1 1330 540 51
8746 4615 81245474 0 1320 490 65
8661 4653 81245484 1 1320 490 50
8618 4685 81245494 1 1320 490 80
8599 4728 81245504 1 1330 500 88
8599 4728 81245514 1 1330 500 93
8610 4717 81245524 1 1320 500 90
8655 4693 81245534 1 1320 500 112
8720 4645 81245544 1 1320 500 119
8799 4595 81245554 1 1300 510 122
8891 4539 81245564 1 1300 510 119
8992 4482 81245574 1 1320 510 61
