242
2402 6524 81187882 0 1340 510 1
2447 6628 81187892 1 1350 510 41
2447 6654 81187902 1 1340 500 41
2447 6654 81187912 1 1340 500 39
2447 6654 81187922 1 1340 500 48
2440 6608 81187932 1 1340 500 60
2432 6545 81187942 1 1340 500 61
2421 6463 81187952 1 1350 500 93
2410 6346 81187962 1 1360 500 110
2397 6180 81187972 1 1360 500 134
2377 5982 81187982 1 1350 510 139
2354 5705 81187992 1 1350 510 148
2317 5425 81188002 1 1350 510 132
2284 5108 81188012 1 1340 510 132
2259 4768 81188022 1 1320 510 137
2244 4522 81188032 1 1320 510 136
2235 4289 81188042 1 1300 520 141
2235 4065 81188052 1 1290 520 146
2235 3888 81188062 1 1280 530 144
2235 3753 81188072 1 1270 530 137
2242 3646 81188082 1 1250 540 127
2247 3595 81188092 1 1240 540 78
2247 3595 81188102 1 1230 550 65
2262 5284 81188202 0 1150 550 20
2312 5722 81188212 1 1160 550 42
2356 5898 81188222 1 1160 550 63
2427 6062 81188232 1 1170 550 53
2516 6203 81188242 1 1190 540 66
2639 6330 81188252 1 1210 550 86
2770 6447 81188262 1 1230 550 96
2907 6532 81188272 1 1240 540 91
3050 6596 81188282 1 1250 540 93
3194 6619 81188292 1 1270 530 100
3317 6607 81188302 1 1280 530 108
3425 6573 81188312 1 1290 520 119
3518 6508 81188322 1 1290 520 136
3592 6408 81188332 1 1300 520 146
3654 6285 81188342 1 1320 510 148
3683 6148 81188352 1 1320 510 131
3670 5981 81188362 1 1330 510 131
3629 5793 81188372 1 1330 510 146
3554 5619 81188382 1 1330 510 129
3453 5442 81188392 1 1330 510 110
3335 5262 81188402 1 1330 510 106
3202 5081 81188412 1 1330 510 85
3052 4936 81188422 1 1320 500 68
2891 4826 81188432 1 1300 510 65
2753 4740 81188442 1 1300 510 68
2621 4706 81188452 1 1290 510 88
2494 4700 81188462 1 1290 510 104
2408 4713 81188472 1 1280 520 103
2354 4738 81188482 1 1280 520 107
2322 4769 81188492 1 1270 520 105
2312 4804 81188502 1 1270 520 105
2322 4827 81188512 1 1270 520 107
2346 4845 81188522 1 1250 530 107
2387 4850 81188532 1 1250 530 105
2444 4835 81188542 1 1250 530 108
2512 4808 81188552 1 1250 530 119
2598 4753 81188562 1 1250 530 139
2690 4694 81188572 1 1250 530 144
2785 4614 81188582 1 1250 530 172
2886 4523 81188592 1 1250 530 186
2987 4402 81188602 1 1250 530 220
3101 4261 81188612 1 1250 530 218
3222 4107 81188622 1 1250 530 233
3331 3963 81188632 1 1270 520 247
3442 3818 81188642 1 1270 520 245
3559 3672 81188652 1 1270 520 257
3686 3554 81188662 1 1250 530 267
3817 3453 81188672 1 1250 530 270
3935 3354 81188682 1 1250 530 275
4055 3270 81188692 1 1240 530 279
4178 3196 81188702 1 1230 520 274
4299 3154 81188712 1 1230 520 264
4411 3141 81188722 1 1230 520 254
4518 3147 81188732 1 1230 520 223
4618 3188 81188742 1 1230 520 217
4719 3263 81188752 1 1230 520 207
4808 3360 81188762 1 1230 520 207
4889 3464 81188772 1 1220 530 205
4954 3568 81188782 1 1220 530 208
5004 3673 81188792 1 1220 530 205
5045 3767 81188802 1 1220 530 208
5070 3856 81188812 1 1220 530 213
5080 3917 81188822 1 1230 520 222
5080 3961 81188832 1 1230 520 228
5069 3993 81188842 1 1230 520 244
5051 4012 81188852 1 1230 520 274
5027 4022 81188862 1 1240 520 279
4996 4022 81188872 1 1240 520 291
4965 4011 81188882 1 1240 520 296
4933 3991 81188892 1 1250 530 306
4899 3946 81188902 1 1270 520 307
4866 3885 81188912 1 1270 520 317
4835 3790 81188922 1 1270 520 310
4812 3678 81188932 1 1270 520 322
4796 3554 81188942 1 1270 520 327
4788 3424 81188952 1 1270 520 335
4788 3291 81188962 1 1270 520 337
4797 3169 81188972 1 1270 520 340
4824 3055 81188982 1 1270 520 333
4861 2962 81188992 1 1250 530 334
4916 2899 81189002 1 1250 530 341
4988 2856 81189012 1 1250 530 351
5070 2846 81189022 1 1250 530 361
5172 2876 81189032 1 1240 530 371
5275 2933 81189042 1 1240 530 373
5380 3032 81189052 1 1240 530 364
5477 3165 81189062 1 1230 530 367
5569 3322 81189072 1 1230 530 367
5653 3472 81189082 1 1230 530 369
5721 3616 81189092 1 1230 530 367
5777 3748 81189102 1 1240 540 366
5803 3852 81189112 1 1240 540 369
5808 3939 81189122 1 1240 540 371
5800 3980 81189132 1 1240 540 366
5788 3988 81189142 1 1240 540 371
5779 3973 81189152 1 1250 540 373
5779 3938 81189162 1 1250 540 371
5779 3855 81189172 1 1250 540 362
5795 3741 81189182 1 1250 540 367
5829 3619 81189192 1 1260 540 376
5876 3497 81189202 1 1280 540 386
5936 3380 81189212 1 1280 540 387
6013 3268 81189222 1 1280 540 396
6102 3178 81189232 1 1280 540 391
6206 3126 81189242 1 1280 540 391
6322 3100 81189252 1 1280 540 399
6446 3100 81189262 1 1260 540 402
6569 3138 81189272 1 1260 540 396
6692 3203 81189282 1 1260 540 400
6821 3312 81189292 1 1250 550 404
6952 3453 81189302 1 1250 550 404
7074 3616 81189312 1 1250 550 402
7198 3837 81189322 1 1250 550 399
7324 4100 81189332 1 1250 550 388
7433 4390 81189342 1 1250 550 366
7531 4689 81189352 1 1250 550 348
7609 4997 81189362 1 1250 550 340
7663 5310 81189372 1 1250 550 310
7702 5614 81189382 1 1250 550 309
7715 5860 81189392 1 1250 550 307
7703 6068 81189402 1 1260 540 314
7673 6196 81189412 1 1290 550 310
7629 6247 81189422 1 1290 550 316
7572 6247 81189432 1 1300 540 312
7507 6192 81189442 1 1310 540 309
7427 6067 81189452 1 1330 530 307
7346 5896 81189462 1 1340 520 307
7264 5667 81189472 1 1340 520 316
7202 5407 81189482 1 1340 520 319
7161 5126 81189492 1 1360 520 339
7134 4826 81189502 1 1360 520 344
7134 4540 81189512 1 1360 520 363
7176 4281 81189522 1 1360 520 367
7236 4036 81189532 1 1370 520 371
7333 3829 81189542 1 1360 520 374
7448 3661 81189552 1 1360 520 381
7574 3519 81189562 1 1350 530 387
7721 3409 81189572 1 1340 540 396
7890 3337 81189582 1 1310 540 396
8074 3290 81189592 1 1310 540 396
8259 3290 81189602 1 1300 540 397
8452 3343 81189612 1 1290 550 397
8650 3422 81189622 1 1270 550 400
8833 3517 81189632 1 1270 550 399
8985 3621 81189642 1 1260 560 394
9116 3730 81189652 1 1270 560 394
9210 3851 81189662 1 1270 560 386
9272 3953 81189672 1 1270 560 381
9313 4043 81189682 1 1270 560 384
9322 4096 81189692 1 1270 560 389
9314 4128 81189702 1 1270 560 391
9294 4147 81189712 1 1280 570 394
9264 4154 81189722 1 1280 570 393
9231 4154 81189732 1 1280 570 398
9197 4141 81189742 1 1280 570 394
9167 4114 81189752 1 1300 560 396
9141 4050 81189762 1 1310 570 388
9122 3940 81189772 1 1310 570 392
9109 3799 81189782 1 1320 570 394
9109 3654 81189792 1 1320 570 402
9124 3547 81189802 1 1320 570 404
9154 3465 81189812 1 1320 570 402
9196 3404 81189822 1 1320 570 417
9259 3371 81189832 1 1320 570 415
9335 3358 81189842 1 1320 570 418
9430 3382 81189852 1 1300 560 420
9526 3432 81189862 1 1300 560 418
9618 3500 81189872 1 1300 560 412
9708 3578 81189882 1 1300 560 410
9785 3662 81189892 1 1300 560 409
9849 3750 81189902 1 1280 570 405
9905 3812 81189912 1 1270 560 397
9938 3836 81189922 1 1270 560 394
9963 3836 81189932 1 1270 560 399
9983 3802 81189942 1 1270 560 405
10011 3730 81189952 1 1270 560 413
10040 3632 81189962 1 1270 560 418
10085 3536 81189972 1 1270 560 417
10141 3442 81189982 1 1270 560 425
10212 3364 81189992 1 1300 560 428
10303 3295 81190002 1 1300 560 431
10407 3251 81190012 1 1300 560 431
10526 3231 81190022 1 1300 560 436
10640 3226 81190032 1 1300 560 446
10750 3249 81190042 1 1300 560 435
10871 3293 81190052 1 1300 560 440
10997 3350 81190062 1 1300 560 436
11104 3416 81190072 1 1280 570 438
11198 3482 81190082 1 1280 570 441
11275 3518 81190092 1 1280 570 444
11334 3534 81190102 1 1280 570 440
11380 3513 81190112 1 1260 570 440
11442 3470 81190122 1 1260 570 448
11507 3412 81190132 1 1260 570 439
11578 3338 81190142 1 1250 560 439
11654 3273 81190152 1 1250 560 449
11732 3213 81190162 1 1250 560 443
11810 3172 81190172 1 1220 560 407
11888 3146 81190182 1 1220 560 317
11965 3130 81190192 1 1220 560 130
10759 4210 81190395 0 1230 520 177
10724 4291 81190405 1 1220 530 148
10691 4336 81190415 1 1230 530 90
10706 4349 81190425 1 1240 530 108
10734 4340 81190435 1 1240 530 91
10770 4340 81190445 1 1250 540 115
10800 4327 81190455 1 1270 530 143
10831 4306 81190465 1 1280 540 187
10864 4282 81190475 1 1280 540 181
10903 4257 81190485 1 1290 550 181
10947 4231 81190495 1 1290 550 180
10990 4205 81190505 1 1290 550 103
9403 4634 81190696 0 1300 510 250
9339 4566 81190706 1 1300 510 215
9321 4566 81190716 1 1300 510 202
9331 4595 81190726 1 1320 500 203
9367 4567 81190736 1 1320 500 203
9420 4534 81190746 1 1300 510 176
9485 4502 81190756 1 1300 510 81
