248
3333 5071 809223 0 1360 520 105
3333 5071 809233 1 1360 520 165
3333 5071 809243 1 1360 520 225
3333 5071 809253 1 1360 520 304
3333 5071 809263 1 1360 520 344
3333 5071 809273 1 1360 520 367
3333 5071 809283 1 1360 520 386
3333 5071 809293 1 1360 520 396
3333 5071 809303 1 1360 520 422
3333 5071 809313 1 1360 520 442
3333 5071 809323 1 1360 520 472
3333 5071 809333 1 1360 520 492
3473 5139 809343 1 1360 520 517
3557 5186 809353 1 1360 520 516
3666 5246 809363 1 1360 520 521
3777 5310 809373 1 1360 520 522
3890 5377 809383 1 1360 520 515
3984 5435 809393 1 1360 520 488
4062 5474 809403 1 1360 520 442
4129 5501 809413 1 1360 520 364
4165 5510 809423 1 1360 520 228
4174 5510 809433 1 1360 520 127
3763 5753 809544 0 1360 540 65
3763 5893 809554 1 1370 530 117
3763 5936 809564 1 1370 530 173
3769 5962 809574 1 1390 520 212
3775 5976 809584 1 1390 520 252
3775 5985 809594 1 1390 520 272
3775 5985 809604 1 1400 520 274
3775 5985 809614 1 1400 520 280
3782 5979 809624 1 1410 510 292
3792 5936 809634 1 1410 510 334
3805 5867 809644 1 1410 510 399
3820 5738 809654 1 1420 500 440
3839 5559 809664 1 1420 500 488
3871 5346 809674 1 1420 500 517
3912 5079 809684 1 1420 500 537
3962 4798 809694 1 1410 510 546
4030 4507 809704 1 1410 510 556
4110 4222 809714 1 1400 520 543
4185 4001 809724 1 1400 520 535
4245 3824 809734 1 1390 520 502
4294 3677 809744 1 1370 530 468
4332 3576 809754 1 1360 540 417
4356 3505 809764 1 1350 540 349
4370 3456 809774 1 1340 550 141
3916 4721 810375 0 1330 480 171
3916 4721 810385 1 1330 480 205
3916 4721 810395 1 1320 490 257
3916 4721 810405 1 1330 500 312
3916 4721 810415 1 1330 500 369
3916 4721 810425 1 1320 500 405
3916 4721 810435 1 1330 510 430
3916 4721 810445 1 1330 510 444
3916 4721 810455 1 1320 510 439
3916 4721 810465 1 1320 510 442
3841 4689 810475 1 1300 520 452
3816 4636 810485 1 1300 520 458
3776 4569 810495 1 1300 520 469
3718 4454 810505 1 1310 520 472
3648 4306 810515 1 1300 530 488
3578 4152 810525 1 1300 530 488
3511 4004 810535 1 1300 530 488
3453 3860 810545 1 1300 530 496
3419 3745 810555 1 1290 530 460
3399 3678 810565 1 1290 530 373
3408 3644 810575 1 1290 530 141
4259 4710 810785 0 1340 490 223
4259 4710 810795 1 1360 490 398
4259 4710 810805 1 1350 500 441
4259 4710 810815 1 1350 500 458
4259 4710 810825 1 1360 500 489
4259 4710 810835 1 1350 510 527
4259 4710 810845 1 1350 510 554
4345 4774 810855 1 1350 520 572
4395 4766 810865 1 1340 520 583
4458 4748 810875 1 1340 520 588
4534 4712 810885 1 1330 530 584
4611 4674 810895 1 1330 530 548
4689 4631 810905 1 1310 540 488
4757 4600 810915 1 1330 540 366
4818 4577 810925 1 1310 550 78
4761 5272 811296 0 1370 500 409
4761 5272 811306 1 1370 500 415
4761 5272 811316 1 1370 500 433
4683 5253 811326 1 1360 500 453
4688 5258 811336 1 1370 510 467
4696 5258 811346 1 1370 510 504
4731 5270 811356 1 1370 510 530
4783 5297 811366 1 1380 510 545
4864 5335 811376 1 1370 520 554
4987 5403 811386 1 1370 520 557
5138 5473 811396 1 1390 520 557
5239 5545 811406 1 1390 520 559
5352 5601 811416 1 1400 530 540
5473 5640 811426 1 1400 530 505
5537 5667 811436 1 1400 540 433
5570 5674 811446 1 1400 540 335
5583 5674 811456 1 1400 540 149
5119 5970 811617 0 1460 520 130
5119 5970 811627 1 1460 520 195
5119 5970 811637 1 1480 510 245
5119 5970 811647 1 1480 510 277
5119 5970 811657 1 1490 510 280
5119 5970 811667 1 1490 510 301
5119 5970 811677 1 1490 510 351
5119 5970 811687 1 1500 500 392
5077 5780 811697 1 1490 510 428
5092 5654 811707 1 1490 510 450
5124 5468 811717 1 1490 510 464
5166 5243 811727 1 1490 510 477
5224 4977 811737 1 1480 510 478
5291 4730 811747 1 1480 510 478
5363 4497 811757 1 1470 520 446
5426 4315 811767 1 1460 530 277
5186 5085 812067 0 1370 520 267
5186 5085 812077 1 1370 520 443
5186 5085 812087 1 1370 530 439
5186 5085 812097 1 1370 530 443
5087 5109 812107 1 1370 530 448
5072 5061 812117 1 1390 540 456
5044 5001 812127 1 1390 540 488
5002 4883 812137 1 1390 540 489
4951 4726 812147 1 1400 540 501
4908 4596 812157 1 1400 540 497
4869 4462 812167 1 1400 540 495
4837 4335 812177 1 1390 550 413
4825 4216 812187 1 1390 550 195
5494 5010 812458 0 1410 530 369
5494 5010 812468 1 1400 540 448
5494 5010 812478 1 1400 540 522
5494 5010 812488 1 1400 540 567
5494 5010 812498 1 1400 540 594
5494 5010 812508 1 1400 540 617
5494 5010 812518 1 1400 540 645
5494 5010 812528 1 1410 550 643
5580 5071 812538 1 1410 550 638
5657 5056 812548 1 1410 550 617
5745 5033 812558 1 1410 550 505
5841 5003 812568 1 1410 550 216
6316 5759 813419 0 1530 500 361
6316 5759 813429 1 1520 510 387
6316 5759 813439 1 1520 510 452
6316 5759 813449 1 1510 510 485
6316 5759 813459 1 1500 520 501
6316 5759 813469 1 1500 520 517
6316 5759 813479 1 1490 530 537
6316 5759 813489 1 1480 540 536
6316 5759 813499 1 1480 540 540
6316 5759 813509 1 1490 550 537
6316 5759 813519 1 1480 560 460
6430 5730 813529 1 1480 560 178
6223 4539 813720 0 1460 540 477
6233 4382 813730 1 1450 550 498
6165 4428 813740 1 1440 560 495
6147 4439 813750 1 1440 560 557
6162 4426 813760 1 1430 560 564
6178 4458 813770 1 1430 560 589
6199 4520 813780 1 1420 570 595
6247 4601 813790 1 1420 570 594
6311 4705 813800 1 1400 580 548
6405 4837 813810 1 1400 580 420
6504 4988 813820 1 1420 580 119
6820 5689 814270 0 1470 520 372
6820 5689 814280 1 1470 520 412
6820 5689 814290 1 1460 530 464
6820 5689 814300 1 1460 530 483
6820 5689 814310 1 1460 530 497
6820 5689 814320 1 1460 530 548
6820 5689 814330 1 1460 540 591
6820 5689 814340 1 1460 540 620
6880 5571 814350 1 1470 550 614
6913 5493 814360 1 1460 550 613
6947 5409 814370 1 1480 560 616
6975 5334 814380 1 1480 560 583
6999 5264 814390 1 1480 570 516
7016 5209 814400 1 1500 570 415
7027 5174 814410 1 1490 580 208
7235 5692 814891 0 1550 540 212
7235 5692 814901 1 1540 550 275
7235 5692 814911 1 1540 550 338
7235 5692 814921 1 1530 560 417
7235 5692 814931 1 1530 560 465
7235 5692 814941 1 1530 560 496
7235 5692 814951 1 1520 570 513
7235 5692 814961 1 1520 570 526
7235 5692 814971 1 1540 570 540
7235 5692 814981 1 1530 580 536
7332 5788 814991 1 1530 580 539
7422 5830 815001 1 1530 580 543
7524 5873 815011 1 1530 580 546
7627 5916 815021 1 1540 580 553
7731 5950 815031 1 1540 580 556
7837 5967 815041 1 1540 580 557
7921 5974 815051 1 1540 580 570
7991 5962 815061 1 1570 580 578
8038 5933 815071 1 1570 580 588
8074 5892 815081 1 1570 580 605
8103 5830 815091 1 1570 570 619
8117 5765 815101 1 1590 570 627
8117 5692 815111 1 1590 570 639
8100 5612 815121 1 1590 570 638
8064 5531 815131 1 1610 570 662
8012 5449 815141 1 1610 570 669
7950 5360 815151 1 1610 570 678
7873 5274 815161 1 1610 570 700
7801 5207 815171 1 1600 580 697
7755 5153 815181 1 1600 580 702
7724 5122 815191 1 1600 580 699
7710 5108 815201 1 1590 590 690
7710 5108 815211 1 1590 590 647
7710 5108 815221 1 1570 600 580
7710 5114 815231 1 1570 600 435
7717 5124 815241 1 1570 600 156
7428 4903 815582 0 1520 600 281
7428 4903 815592 1 1520 600 344
7428 4903 815602 1 1520 600 448
7344 4881 815612 1 1520 600 509
7344 4892 815622 1 1520 600 540
7350 4909 815632 1 1520 600 562
7360 4935 815642 1 1520 600 566
7400 4977 815652 1 1520 600 569
7458 5030 815662 1 1520 600 567
7547 5094 815672 1 1520 600 527
7651 5163 815682 1 1520 600 464
7764 5236 815692 1 1520 600 346
7871 5293 815702 1 1520 600 107
6973 6968 815943 0 1570 500 396
6908 7056 815953 1 1580 490 392
6880 7128 815963 1 1580 490 422
6857 7225 815973 1 1590 480 422
6857 7225 815983 1 1590 480 423
6870 7225 815993 1 1590 480 441
6893 7215 816003 1 1590 480 468
6920 7169 816013 1 1590 480 530
6954 7098 816023 1 1610 470 577
6993 6922 816033 1 1600 480 614
7032 6671 816043 1 1600 480 647
7072 6371 816053 1 1610 480 684
7121 5978 816063 1 1610 490 716
7177 5563 816073 1 1620 500 731
7238 5134 816083 1 1610 500 746
7294 4706 816093 1 1600 520 763
7351 4383 816103 1 1590 530 750
7408 4130 816113 1 1580 540 753
7451 3894 816123 1 1580 550 752
7486 3693 816133 1 1560 570 671
7529 3516 816143 1 1550 580 456
