249
5383 5101 1377410 0 1390 480 108
5383 5101 1377420 1 1380 480 212
5383 5101 1377430 1 1380 480 284
5383 5101 1377440 1 1370 480 334
5383 5101 1377450 1 1370 480 384
5383 5101 1377460 1 1370 480 414
5383 5101 1377470 1 1370 480 439
5383 5101 1377480 1 1370 480 450
5470 5241 1377490 1 1360 480 452
5598 5329 1377500 1 1350 490 450
5756 5431 1377510 1 1350 490 435
5934 5505 1377520 1 1360 490 376
6063 5544 1377530 1 1360 490 309
6155 5560 1377540 1 1360 490 273
6222 5568 1377550 1 1370 500 244
6222 5568 1377560 1 1370 500 178
5953 6263 1377731 0 1430 490 78
5953 6263 1377741 1 1440 480 50
5953 6263 1377751 1 1450 480 6
5953 6263 1377761 1 1450 480 5
5953 6263 1377771 1 1460 480 12
5953 6263 1377781 1 1460 480 41
5953 6263 1377791 1 1470 480 53
5925 6144 1377801 1 1470 480 88
5936 6080 1377811 1 1470 480 101
5950 5973 1377821 1 1480 480 141
5964 5814 1377831 1 1470 490 158
5978 5621 1377841 1 1470 490 185
5992 5359 1377851 1 1470 490 219
6005 5047 1377861 1 1460 500 225
6018 4703 1377871 1 1460 500 230
6025 4372 1377881 1 1450 510 226
6025 4033 1377891 1 1440 510 226
6039 3690 1377901 1 1430 520 228
6053 3469 1377911 1 1420 530 233
6071 3291 1377921 1 1410 530 214
6093 3143 1377931 1 1400 540 165
6116 3043 1377941 1 1390 550 3
6162 4932 1378662 0 1350 530 107
6162 4932 1378672 1 1350 530 158
6162 4932 1378682 1 1350 530 161
6162 4932 1378692 1 1350 530 141
6162 4932 1378702 1 1370 530 124
6086 4862 1378712 1 1360 540 120
6033 4775 1378722 1 1360 540 132
5961 4670 1378732 1 1360 540 203
5877 4534 1378742 1 1360 540 255
5784 4378 1378752 1 1360 540 287
5679 4166 1378762 1 1360 540 310
5573 3976 1378772 1 1360 540 333
5467 3802 1378782 1 1350 540 339
5416 3699 1378792 1 1350 540 296
5405 3653 1378802 1 1350 540 96
5941 4516 1378962 0 1340 550 369
5941 4516 1378972 1 1340 550 368
5941 4516 1378982 1 1350 540 389
6053 4446 1378992 1 1350 540 397
6137 4373 1379002 1 1360 550 404
6254 4299 1379012 1 1360 550 392
6371 4235 1379022 1 1360 550 322
6468 4178 1379032 1 1370 540 141
6607 4701 1379693 0 1420 540 272
6607 4701 1379703 1 1420 540 297
6682 4811 1379713 1 1420 540 317
6758 4877 1379723 1 1420 540 317
6869 4956 1379733 1 1420 540 340
6997 5043 1379743 1 1420 540 338
7128 5129 1379753 1 1420 540 341
7264 5194 1379763 1 1420 540 339
7368 5244 1379773 1 1420 540 339
7452 5269 1379783 1 1420 540 336
7492 5292 1379793 1 1410 530 327
7515 5303 1379803 1 1410 530 302
7526 5303 1379813 1 1410 530 198
7151 5984 1379934 0 1470 520 134
7151 5984 1379944 1 1470 520 136
7158 6064 1379954 1 1470 520 149
7158 6064 1379964 1 1480 530 146
7158 6064 1379974 1 1490 520 132
7158 6059 1379984 1 1490 520 137
7166 6048 1379994 1 1490 520 156
7172 6026 1380004 1 1490 520 184
7186 5996 1380014 1 1490 520 206
7208 5922 1380024 1 1490 520 249
7237 5820 1380034 1 1490 520 282
7271 5665 1380044 1 1490 520 304
7303 5425 1380054 1 1490 520 329
7326 5128 1380064 1 1480 530 345
7343 4812 1380074 1 1480 530 342
7356 4508 1380084 1 1480 530 351
7356 4238 1380094 1 1470 530 371
7356 3988 1380104 1 1460 540 391
7356 3788 1380114 1 1460 540 417
7348 3651 1380124 1 1450 550 428
7334 3555 1380134 1 1430 550 428
7325 3483 1380144 1 1410 560 418
7319 3441 1380154 1 1400 560 376
7314 3418 1380164 1 1400 560 270
7294 4670 1381035 0 1410 550 76
7294 4670 1381045 1 1410 550 172
7294 4670 1381055 1 1410 550 217
7357 4761 1381065 1 1430 550 239
7357 4768 1381075 1 1430 550 250
7357 4768 1381085 1 1430 550 274
7357 4773 1381095 1 1410 560 267
7340 4768 1381105 1 1410 560 254
7316 4755 1381115 1 1410 560 245
7285 4713 1381125 1 1410 560 242
7240 4652 1381135 1 1430 560 254
7184 4571 1381145 1 1420 570 254
7121 4460 1381155 1 1420 570 254
7051 4330 1381165 1 1420 570 241
6974 4171 1381175 1 1420 570 245
6893 4035 1381185 1 1420 570 257
6834 3915 1381195 1 1420 570 255
6803 3834 1381205 1 1420 570 247
6791 3785 1381215 1 1400 580 218
6797 3758 1381225 1 1390 570 132
7233 4607 1381356 0 1380 580 63
7233 4607 1381366 1 1390 570 85
7320 4681 1381376 1 1390 570 103
7341 4681 1381386 1 1390 570 185
7382 4672 1381396 1 1390 570 264
7435 4659 1381406 1 1390 570 330
7502 4631 1381416 1 1390 570 381
7587 4592 1381426 1 1400 560 405
7685 4538 1381436 1 1400 560 420
7778 4482 1381446 1 1390 570 422
7857 4421 1381456 1 1400 580 415
7927 4355 1381466 1 1400 580 418
7964 4302 1381476 1 1420 580 420
7989 4258 1381486 1 1430 590 418
8007 4228 1381496 1 1430 590 405
8018 4202 1381506 1 1450 590 279
8585 5077 1383669 0 1460 520 324
8637 5041 1383679 1 1450 530 371
8637 5051 1383689 1 1450 530 361
8648 5035 1383699 1 1450 530 371
8680 5002 1383709 1 1450 530 371
8725 4966 1383719 1 1450 530 374
8767 4928 1383729 1 1450 540 372
8809 4886 1383739 1 1450 540 358
8853 4840 1383749 1 1450 540 285
8896 4792 1383759 1 1460 540 90
8603 3870 1383899 0 1440 580 337
8603 3870 1383909 1 1440 580 332
8689 3918 1383919 1 1430 570 301
8781 3991 1383929 1 1430 570 260
8898 4097 1383939 1 1440 580 228
9032 4212 1383949 1 1440 580 146
9211 4947 1384841 0 1410 550 32
9211 4905 1384851 1 1430 550 32
9211 4905 1384861 1 1430 550 30
9211 4896 1384871 1 1430 550 53
9220 4883 1384881 1 1430 550 120
9228 4836 1384891 1 1430 550 200
9237 4768 1384901 1 1440 560 247
9245 4676 1384911 1 1440 560 272
9253 4579 1384921 1 1440 560 282
9261 4492 1384931 1 1450 560 296
9271 4415 1384941 1 1450 560 301
9285 4363 1384951 1 1450 560 276
9304 4331 1384961 1 1450 560 172
9351 4629 1385141 0 1450 560 86
9351 4629 1385151 1 1450 560 132
9351 4629 1385161 1 1450 560 180
9351 4629 1385171 1 1460 570 226
9358 4724 1385181 1 1460 570 260
9383 4749 1385191 1 1460 570 274
9427 4783 1385201 1 1460 570 304
9489 4829 1385211 1 1460 570 317
9562 4884 1385221 1 1460 570 334
9653 4941 1385231 1 1460 570 364
9744 4995 1385241 1 1440 570 384
9836 5043 1385251 1 1440 570 404
9931 5086 1385261 1 1460 570 430
10031 5125 1385271 1 1470 560 450
10120 5161 1385281 1 1470 560 473
10200 5193 1385291 1 1470 560 478
10288 5222 1385301 1 1470 560 496
10380 5247 1385311 1 1480 560 489
10477 5267 1385321 1 1480 560 489
10562 5276 1385331 1 1480 560 491
10639 5276 1385341 1 1480 560 488
10702 5269 1385351 1 1500 550 489
10755 5260 1385361 1 1500 550 489
10800 5250 1385371 1 1500 550 492
10831 5240 1385381 1 1520 560 491
10854 5231 1385391 1 1520 560 497
10872 5222 1385401 1 1520 560 494
10888 5212 1385412 1 1520 560 499
10888 5212 1385422 1 1520 560 492
10888 5212 1385432 1 1520 560 514
10888 5212 1385442 1 1520 560 514
10930 5118 1385452 1 1520 560 520
10930 5065 1385462 1 1510 560 515
10913 5003 1385472 1 1520 570 513
10878 4923 1385482 1 1520 570 513
10834 4830 1385492 1 1510 580 516
10783 4731 1385502 1 1510 580 519
10722 4635 1385512 1 1510 580 515
10655 4539 1385522 1 1500 580 515
10578 4442 1385532 1 1500 580 522
10476 4331 1385542 1 1490 580 499
10357 4219 1385552 1 1470 590 444
10235 4114 1385562 1 1470 590 276
10118 4015 1385572 1 1470 590 113
9512 3658 1385952 0 1430 590 85
9512 3658 1385962 1 1420 590 117
9512 3658 1385972 1 1420 590 183
9512 3658 1385982 1 1410 600 275
9512 3658 1385992 1 1410 600 342
9512 3658 1386002 1 1410 600 379
9512 3658 1386012 1 1410 600 404
9585 3746 1386022 1 1410 600 420
9660 3791 1386032 1 1410 600 420
9781 3854 1386042 1 1390 610 420
9932 3918 1386052 1 1390 610 420
10112 3984 1386062 1 1390 610 417
10286 4035 1386072 1 1390 610 388
10456 4068 1386082 1 1410 610 363
10608 4090 1386092 1 1410 610 304
10730 4102 1386093 1 1420 610 183
9939 6372 1386693 0 1550 500 48
9939 6372 1386703 1 1540 500 94
9939 6372 1386713 1 1540 500 119
9939 6372 1386723 1 1540 500 146
9939 6372 1386733 1 1540 500 180
9938 6295 1386743 1 1540 500 208
9943 6270 1386753 1 1530 510 221
9948 6228 1386763 1 1530 510 237
9948 6176 1386773 1 1530 510 245
9948 6101 1386783 1 1530 510 270
9948 6021 1386793 1 1530 510 306
9948 5903 1386803 1 1530 520 334
9937 5762 1386813 1 1530 520 374
9931 5596 1386823 1 1530 520 405
9931 5364 1386833 1 1530 520 414
9931 5087 1386843 1 1520 530 420
9931 4749 1386853 1 1520 530 433
9937 4414 1386863 1 1510 530 443
9932 4081 1386873 1 1520 540 468
9932 3716 1386883 1 1510 540 501
9918 3367 1386893 1 1500 550 527
9897 3030 1386903 1 1490 560 544
9878 2696 1386913 1 1480 570 556
9863 2447 1386923 1 1470 580 557
9855 2254 1386933 1 1450 590 530
9868 2083 1386943 1 1440 600 399
