258
3517 5799 1655590 0 1400 750 249
3595 5709 1655600 1 1350 690 220
3595 5723 1655610 1 1320 640 220
3608 5745 1655620 1 1300 580 206
3629 5774 1655630 1 1240 540 223
3658 5808 1655640 1 1230 530 247
3687 5846 1655650 1 1230 530 280
3715 5886 1655660 1 1230 520 287
3748 5927 1655670 1 1230 520 302
3778 5988 1655680 1 1240 520 309
3796 6046 1655690 1 1230 510 312
3807 6098 1655700 1 1250 510 314
3807 6158 1655710 1 1250 510 314
3796 6222 1655720 1 1250 500 314
3778 6290 1655730 1 1250 500 317
3754 6340 1655740 1 1260 490 316
3720 6379 1655750 1 1250 480 316
3678 6394 1655760 1 1260 480 317
3633 6383 1655770 1 1260 480 314
3588 6356 1655780 1 1250 470 317
3543 6303 1655790 1 1260 470 317
3496 6232 1655800 1 1260 470 317
3451 6150 1655810 1 1260 470 317
3410 6044 1655820 1 1270 460 317
3376 5917 1655830 1 1270 460 305
3349 5776 1655840 1 1260 470 304
3341 5669 1655850 1 1260 470 305
3341 5571 1655860 1 1260 470 309
3362 5480 1655870 1 1240 470 305
3402 5414 1655880 1 1240 470 304
3456 5383 1655891 1 1230 470 316
3456 5383 1655901 1 1230 470 291
3617 5421 1655911 1 1220 470 277
3712 5505 1655921 1 1220 470 277
3803 5616 1655931 1 1220 470 279
3884 5732 1655941 1 1210 480 279
3957 5867 1655951 1 1210 480 286
4035 6016 1655961 1 1210 480 291
4109 6112 1655971 1 1210 480 294
4147 6151 1655981 1 1210 480 291
4161 6151 1655991 1 1220 480 296
4154 6134 1656001 1 1220 480 301
4132 6086 1656011 1 1220 480 302
4100 6018 1656021 1 1220 480 304
4057 5913 1656031 1 1230 480 309
4009 5761 1656041 1 1230 480 317
3957 5579 1656051 1 1230 480 305
3909 5342 1656061 1 1240 480 315
3862 5071 1656071 1 1230 480 337
3818 4777 1656081 1 1230 480 348
3777 4517 1656091 1 1230 480 353
3720 4251 1656101 1 1220 480 384
3653 4017 1656111 1 1220 480 389
3584 3807 1656121 1 1210 490 404
3495 3623 1656131 1 1190 490 415
3393 3470 1656141 1 1180 490 439
3274 3338 1656151 1 1160 500 465
3136 3249 1656161 1 1150 500 490
2984 3210 1656171 1 1130 510 495
2863 3204 1656181 1 1110 510 493
2771 3259 1656191 1 1100 510 491
2698 3370 1656201 1 1080 510 496
2673 3519 1656211 1 1080 510 490
2718 3707 1656221 1 1080 510 485
2809 3929 1656231 1 1080 510 443
2958 4175 1656241 1 1080 510 362
3154 4434 1656251 1 1080 510 184
5143 5660 1656371 0 1170 500 115
5197 5756 1656381 1 1180 510 220
5209 5801 1656391 1 1190 500 285
5215 5843 1656401 1 1190 500 325
5215 5884 1656411 1 1210 510 351
5215 5925 1656421 1 1220 500 367
5210 5967 1656431 1 1240 500 382
5203 6010 1656441 1 1240 500 381
5183 6059 1656451 1 1250 500 384
5153 6108 1656461 1 1270 500 372
5120 6156 1656471 1 1270 500 371
5083 6184 1656481 1 1280 490 356
5044 6194 1656491 1 1280 490 348
5001 6194 1656501 1 1290 490 344
4958 6165 1656511 1 1290 490 348
4909 6102 1656521 1 1310 480 359
4856 6014 1656531 1 1310 480 371
4798 5876 1656541 1 1310 480 399
4742 5724 1656551 1 1320 480 409
4687 5564 1656561 1 1300 480 422
4665 5420 1656571 1 1300 480 420
4680 5327 1656581 1 1300 480 415
4720 5267 1656591 1 1280 480 397
4787 5267 1656601 1 1280 480 391
4854 5322 1656611 1 1270 490 396
4920 5415 1656621 1 1270 490 393
4996 5526 1656631 1 1260 490 393
5056 5634 1656641 1 1260 490 407
5105 5734 1656651 1 1250 500 478
5128 5824 1656661 1 1250 500 591
5134 5873 1656671 1 1250 500 678
5129 5895 1656681 1 1250 500 754
5122 5895 1656691 1 1250 500 783
5117 5895 1656701 1 1250 500 832
5117 5895 1656711 1 1250 500 833
5117 5895 1656721 1 1250 500 837
5112 5895 1656731 1 1270 500 846
5112 5890 1656742 1 1270 500 860
5112 5890 1656752 1 1280 490 861
5112 5890 1656762 1 1290 490 866
5112 5890 1656772 1 1290 490 853
5112 5890 1656782 1 1310 480 853
5112 5890 1656792 1 1310 480 866
5112 5890 1656802 1 1320 480 851
5112 5890 1656812 1 1330 470 827
5112 5890 1656822 1 1330 470 827
5112 5890 1656832 1 1330 470 811
5112 5890 1656842 1 1330 460 800
5112 5890 1656852 1 1330 460 788
5121 5803 1656862 1 1330 460 787
5129 5765 1656872 1 1320 470 787
5138 5709 1656882 1 1320 470 785
5151 5640 1656892 1 1320 470 783
5151 5640 1656902 1 1310 470 796
5215 5496 1656912 1 1310 470 788
5273 5447 1656922 1 1280 470 773
5349 5411 1656932 1 1280 470 759
5448 5411 1656942 1 1270 480 742
5563 5455 1656952 1 1270 480 730
5694 5528 1656962 1 1260 480 700
5830 5630 1656972 1 1260 480 670
5939 5751 1656982 1 1260 490 638
6029 5884 1656992 1 1260 490 602
6112 6029 1657002 1 1260 490 588
6186 6169 1657012 1 1250 500 588
6253 6283 1657022 1 1250 500 583
6293 6382 1657032 1 1250 500 581
6314 6459 1657042 1 1270 500 589
6322 6491 1657052 1 1270 500 605
6311 6491 1657062 1 1280 490 616
6301 6500 1657072 1 1280 490 617
6278 6481 1657082 1 1300 500 625
6246 6445 1657092 1 1300 500 636
6194 6356 1657102 1 1320 490 640
6140 6246 1657112 1 1320 490 659
6084 6121 1657122 1 1320 490 667
6040 5983 1657132 1 1330 480 670
6000 5834 1657142 1 1330 480 670
5995 5679 1657152 1 1330 480 671
6011 5563 1657162 1 1330 480 667
6065 5484 1657172 1 1320 490 659
6148 5429 1657182 1 1320 490 658
6249 5417 1657192 1 1300 500 638
6353 5433 1657202 1 1300 500 617
6445 5467 1657212 1 1290 500 594
6529 5521 1657222 1 1290 500 516
6588 5579 1657232 1 1280 500 397
6616 5641 1657242 1 1280 500 146
5951 5878 1657313 0 1270 510 186
5648 5784 1657323 1 1270 510 291
5529 5772 1657333 1 1280 500 317
5467 5782 1657343 1 1270 500 349
5448 5791 1657353 1 1270 500 363
5458 5814 1657363 1 1270 500 369
5493 5847 1657373 1 1270 500 402
5583 5900 1657383 1 1270 490 428
5709 5960 1657393 1 1280 480 444
5890 6025 1657403 1 1280 480 444
6075 6082 1657413 1 1300 480 438
6263 6125 1657423 1 1300 480 422
6445 6158 1657433 1 1300 480 404
6603 6189 1657443 1 1310 470 381
6745 6201 1657453 1 1310 470 344
6864 6201 1657463 1 1320 480 291
6941 6180 1657473 1 1320 480 177
6948 5832 1657523 0 1340 490 71
6904 5653 1657533 1 1350 500 156
6896 5605 1657543 1 1350 510 222
6905 5568 1657553 1 1350 510 267
6925 5538 1657563 1 1350 520 302
6959 5524 1657573 1 1350 520 330
6999 5524 1657583 1 1340 520 351
7051 5541 1657593 1 1340 520 377
7111 5585 1657603 1 1330 530 388
7177 5644 1657613 1 1330 530 410
7244 5715 1657623 1 1310 540 420
7311 5800 1657633 1 1310 540 414
7367 5895 1657643 1 1310 540 415
7408 5983 1657653 1 1310 540 423
7439 6050 1657663 1 1310 540 435
7439 6103 1657673 1 1310 540 440
7418 6140 1657683 1 1330 530 444
7381 6162 1657693 1 1330 530 443
7325 6173 1657703 1 1340 520 440
7248 6162 1657713 1 1340 520 436
7156 6133 1657723 1 1350 520 441
7071 6093 1657733 1 1350 520 443
6990 6045 1657743 1 1350 510 458
6938 5995 1657753 1 1360 510 473
6904 5943 1657763 1 1360 510 495
6889 5887 1657773 1 1370 510 515
6889 5818 1657783 1 1370 510 526
6900 5741 1657793 1 1370 510 537
6931 5674 1657803 1 1370 510 546
6987 5617 1657813 1 1370 510 550
7060 5566 1657823 1 1360 510 554
7159 5536 1657833 1 1360 510 561
7293 5541 1657843 1 1350 520 562
7449 5570 1657853 1 1340 510 565
7612 5626 1657863 1 1330 520 539
7777 5699 1657873 1 1330 520 544
7946 5784 1657883 1 1310 520 522
8086 5888 1657893 1 1310 520 494
8207 5988 1657903 1 1330 530 495
8330 6074 1657913 1 1330 530 493
8440 6152 1657923 1 1330 530 491
8540 6223 1657933 1 1330 530 490
8623 6290 1657943 1 1330 530 491
8688 6350 1657953 1 1330 530 498
8742 6404 1657963 1 1350 530 497
8786 6452 1657973 1 1350 530 515
8818 6488 1657983 1 1350 530 538
8843 6515 1657993 1 1370 530 543
8860 6538 1658003 1 1370 530 562
8876 6561 1658013 1 1390 520 561
8891 6587 1658023 1 1390 520 560
8907 6615 1658033 1 1410 520 567
8919 6644 1658043 1 1410 520 569
8929 6669 1658053 1 1410 520 574
8943 6694 1658063 1 1420 520 580
8958 6720 1658073 1 1430 520 578
8978 6750 1658083 1 1430 520 578
9005 6777 1658093 1 1430 520 574
9023 6798 1658103 1 1430 520 578
9035 6809 1658113 1 1430 520 575
9035 6809 1658123 1 1430 520 577
9027 6809 1658133 1 1430 520 580
9006 6777 1658143 1 1430 520 583
8940 6730 1658153 1 1440 510 595
8843 6645 1658163 1 1440 510 589
8726 6542 1658173 1 1440 510 592
8649 6427 1658183 1 1440 510 606
8596 6322 1658193 1 1440 510 616
8560 6234 1658203 1 1440 510 619
8548 6157 1658213 1 1440 510 617
8559 6105 1658223 1 1440 510 624
8584 6060 1658233 1 1440 510 627
8624 6019 1658243 1 1440 510 628
8684 5975 1658253 1 1430 510 625
8758 5937 1658263 1 1430 510 625
8856 5904 1658273 1 1430 510 622
8959 5857 1658283 1 1420 520 627
9065 5810 1658293 1 1420 520 638
9156 5762 1658303 1 1420 520 641
9196 5709 1658313 1 1420 530 650
9202 5652 1658323 1 1420 530 663
9140 5566 1658333 1 1410 530 670
9003 5438 1658343 1 1410 530 676
8817 5283 1658353 1 1410 530 679
8584 5102 1658363 1 1410 530 613
8341 4907 1658373 1 1410 550 105
