273
3649 4706 2656870 0 1290 440 93
3649 4706 2656880 1 1290 450 180
3649 4706 2656890 1 1290 450 178
3649 4706 2656900 1 1290 450 183
3649 4706 2656910 1 1290 450 222
3649 4706 2656920 1 1290 450 251
3649 4706 2656930 1 1300 460 257
3750 4767 2656940 1 1300 460 262
3824 4849 2656950 1 1300 460 272
3898 4955 2656960 1 1310 460 275
3970 5052 2656970 1 1310 460 281
4017 5145 2656980 1 1310 460 310
4046 5218 2656990 1 1320 470 341
4040 5279 2657000 1 1320 470 361
4006 5340 2657010 1 1320 470 368
3953 5401 2657020 1 1320 470 374
3885 5457 2657030 1 1320 470 398
3818 5484 2657040 1 1330 460 402
3751 5492 2657050 1 1330 460 407
3676 5466 2657060 1 1330 460 413
3595 5400 2657070 1 1330 460 415
3518 5308 2657080 1 1330 450 422
3444 5180 2657090 1 1330 450 422
3378 5023 2657100 1 1330 450 444
3327 4848 2657110 1 1330 450 453
3285 4655 2657120 1 1330 450 478
3269 4461 2657130 1 1330 450 491
3288 4267 2657140 1 1330 450 498
3330 4116 2657150 1 1330 450 489
3407 4021 2657160 1 1330 450 497
3523 3964 2657170 1 1330 450 517
3664 3964 2657180 1 1320 460 537
3829 4013 2657190 1 1320 460 546
3988 4092 2657200 1 1330 460 550
4142 4185 2657210 1 1330 460 548
4288 4285 2657220 1 1320 470 543
4379 4391 2657230 1 1320 470 542
4432 4469 2657240 1 1320 470 543
4449 4529 2657250 1 1310 470 543
4456 4577 2657260 1 1310 470 542
4456 4623 2657270 1 1310 470 543
4456 4665 2657280 1 1310 470 545
4444 4700 2657290 1 1310 470 548
4428 4720 2657300 1 1310 470 546
4404 4732 2657310 1 1310 470 550
4361 4722 2657320 1 1310 470 548
4304 4675 2657330 1 1310 470 550
4223 4604 2657340 1 1310 470 561
4138 4486 2657350 1 1310 470 574
4050 4333 2657360 1 1310 470 585
3991 4157 2657370 1 1310 470 602
3962 4006 2657380 1 1310 470 609
3954 3877 2657390 1 1310 470 617
3975 3762 2657400 1 1310 470 613
4002 3668 2657410 1 1300 480 611
4039 3583 2657420 1 1300 480 636
4080 3503 2657430 1 1310 480 693
4100 3368 2657440 1 1290 490 710
4106 3192 2657450 1 1290 490 719
4060 2988 2657460 1 1290 490 728
3981 2797 2657470 1 1280 490 720
3880 2605 2657480 1 1280 490 731
3770 2450 2657490 1 1270 500 740
3649 2319 2657500 1 1280 500 746
3521 2212 2657510 1 1270 510 748
3410 2144 2657520 1 1270 510 736
3300 2102 2657530 1 1260 510 707
3193 2102 2657540 1 1260 510 642
3073 2151 2657550 1 1260 510 514
2944 2229 2657560 1 1240 520 325
5660 3783 2658833 0 1350 450 386
5692 3874 2658843 1 1350 450 422
5617 3924 2658853 1 1350 450 438
5561 3924 2658863 1 1360 450 446
5518 3881 2658873 1 1360 450 465
5413 3811 2658883 1 1360 450 502
5302 3726 2658893 1 1360 450 533
5188 3632 2658903 1 1360 450 543
5126 3536 2658913 1 1350 450 551
5111 3428 2658923 1 1350 450 553
5128 3313 2658933 1 1350 450 548
5166 3242 2658943 1 1340 460 551
5223 3211 2658953 1 1340 460 551
5292 3206 2658963 1 1330 460 553
5382 3236 2658973 1 1330 460 553
5477 3316 2658983 1 1320 470 551
5567 3430 2658993 1 1320 470 550
5651 3536 2659003 1 1300 470 551
5704 3636 2659013 1 1300 470 565
5733 3705 2659023 1 1300 470 580
5745 3756 2659033 1 1300 470 616
5745 3761 2659043 1 1300 470 620
5745 3761 2659053 1 1300 470 614
5733 3746 2659063 1 1300 470 638
5716 3689 2659073 1 1300 470 641
5700 3603 2659083 1 1300 470 652
5686 3501 2659093 1 1300 470 659
5694 3396 2659103 1 1300 470 661
5716 3285 2659113 1 1300 470 659
5756 3170 2659123 1 1300 470 667
5801 3087 2659133 1 1310 470 665
5852 3034 2659143 1 1310 470 670
5904 3001 2659153 1 1310 470 667
5956 2994 2659163 1 1330 470 679
6022 3017 2659173 1 1330 470 702
6092 3059 2659183 1 1330 470 694
6179 3126 2659193 1 1330 480 713
6277 3220 2659203 1 1330 480 714
6375 3331 2659213 1 1330 480 713
6464 3453 2659223 1 1340 490 713
6547 3586 2659233 1 1340 490 703
6620 3727 2659243 1 1340 490 705
6693 3912 2659253 1 1340 490 700
6766 4093 2659263 1 1350 500 700
6848 4266 2659273 1 1360 490 700
6903 4409 2659283 1 1360 490 702
6939 4534 2659293 1 1370 500 699
6959 4610 2659303 1 1370 500 710
6970 4658 2659313 1 1400 500 707
6975 4687 2659323 1 1400 500 702
6975 4687 2659333 1 1400 500 700
6970 4687 2659343 1 1400 500 707
6958 4636 2659353 1 1410 490 707
6916 4558 2659363 1 1410 490 710
6853 4400 2659373 1 1410 490 714
6777 4214 2659383 1 1420 480 728
6712 4009 2659393 1 1430 490 731
6667 3793 2659403 1 1430 490 752
6635 3600 2659413 1 1430 490 768
6623 3422 2659423 1 1430 490 785
6635 3248 2659433 1 1420 490 796
6664 3108 2659443 1 1420 490 796
6708 2991 2659453 1 1420 490 794
6767 2928 2659463 1 1410 500 793
6836 2893 2659473 1 1410 500 796
6901 2876 2659483 1 1410 500 773
6956 2876 2659493 1 1400 510 722
7003 2901 2659503 1 1400 510 603
7043 2937 2659513 1 1410 510 281
6337 4151 2659624 0 1380 500 402
6257 4020 2659634 1 1370 500 448
6218 4051 2659644 1 1380 490 473
6200 4051 2659654 1 1370 480 491
6244 4041 2659664 1 1370 470 575
6328 4018 2659674 1 1370 470 646
6462 4018 2659684 1 1380 470 694
6611 4026 2659694 1 1370 460 697
6769 4039 2659704 1 1370 460 696
6914 4039 2659714 1 1390 460 697
7013 4018 2659724 1 1390 460 647
7081 3986 2659734 1 1390 460 452
7025 3611 2660705 0 1370 450 136
7025 3611 2660715 1 1370 450 183
7025 3611 2660725 1 1360 460 212
7025 3611 2660735 1 1360 460 220
7025 3611 2660745 1 1370 460 237
7025 3611 2660755 1 1370 460 274
7034 3529 2660765 1 1370 460 332
7079 3490 2660775 1 1370 460 367
7139 3448 2660785 1 1370 460 405
7221 3420 2660795 1 1380 470 436
7324 3404 2660805 1 1370 470 445
7441 3415 2660815 1 1370 470 450
7556 3448 2660825 1 1370 470 452
7670 3496 2660835 1 1370 470 450
7781 3561 2660845 1 1380 480 450
7889 3635 2660855 1 1380 480 450
7969 3716 2660865 1 1380 480 452
8011 3792 2660875 1 1380 480 453
8028 3845 2660885 1 1390 480 453
8011 3884 2660895 1 1400 480 453
7964 3917 2660905 1 1400 480 455
7898 3927 2660915 1 1400 480 455
7811 3921 2660925 1 1400 480 455
7728 3884 2660935 1 1420 470 461
7648 3828 2660945 1 1420 470 469
7591 3759 2660955 1 1420 470 475
7537 3674 2660965 1 1420 470 494
7489 3573 2660975 1 1420 470 520
7457 3462 2660985 1 1420 470 532
7435 3344 2660995 1 1430 480 540
7430 3226 2661005 1 1430 480 564
7442 3130 2661015 1 1430 480 578
7465 3050 2661025 1 1430 480 591
7501 2998 2661035 1 1400 480 611
7561 2970 2661045 1 1400 480 647
7637 2958 2661055 1 1400 480 667
7754 2966 2661065 1 1400 480 694
7878 2984 2661075 1 1400 480 711
8006 3009 2661085 1 1420 480 730
8119 3041 2661095 1 1410 490 731
8232 3080 2661105 1 1410 490 742
8345 3124 2661115 1 1420 490 746
8463 3190 2661125 1 1420 490 754
8562 3264 2661135 1 1420 490 758
8648 3344 2661145 1 1430 500 758
8715 3410 2661155 1 1430 500 757
8770 3457 2661165 1 1440 500 758
8816 3491 2661175 1 1440 500 763
8856 3518 2661185 1 1440 500 751
8898 3546 2661195 1 1450 510 760
8940 3577 2661205 1 1450 510 767
8973 3605 2661215 1 1450 510 773
8998 3633 2661225 1 1470 510 776
9017 3650 2661235 1 1470 510 780
9025 3662 2661245 1 1470 510 785
9030 3667 2661255 1 1470 510 784
9030 3667 2661265 1 1480 510 780
9030 3667 2661275 1 1480 510 784
9030 3667 2661285 1 1480 510 785
9030 3667 2661295 1 1480 510 787
9030 3667 2661305 1 1480 510 788
9030 3667 2661315 1 1480 510 793
9030 3667 2661325 1 1480 510 797
9030 3667 2661335 1 1480 510 783
9030 3673 2661345 1 1480 510 785
9030 3673 2661355 1 1490 520 785
9035 3678 2661365 1 1490 520 785
9035 3684 2661375 1 1490 520 788
9040 3684 2661385 1 1490 520 785
9040 3691 2661395 1 1490 520 785
9040 3698 2661405 1 1490 520 788
9040 3706 2661415 1 1490 520 787
9040 3716 2661425 1 1490 520 788
9040 3734 2661435 1 1490 520 787
9045 3758 2661445 1 1490 520 785
9045 3787 2661455 1 1490 520 787
9045 3824 2661465 1 1490 520 785
9057 3866 2661475 1 1490 520 787
9063 3909 2661485 1 1500 510 787
9063 3951 2661495 1 1500 510 788
9063 3997 2661505 1 1500 510 785
9056 4045 2661515 1 1510 510 785
9049 4088 2661525 1 1520 510 787
9041 4112 2661535 1 1520 510 785
9033 4123 2661545 1 1520 510 787
9022 4123 2661555 1 1520 510 787
8984 4096 2661565 1 1530 500 784
8929 4056 2661575 1 1530 500 783
8840 3988 2661585 1 1530 500 783
8752 3917 2661595 1 1530 500 784
8691 3840 2661597 1 1530 500 784
8649 3753 2661607 1 1530 500 787
8630 3660 2661617 1 1520 490 794
8642 3564 2661627 1 1520 490 797
8675 3468 2661637 1 1520 490 802
8724 3374 2661647 1 1510 500 809
8778 3298 2661657 1 1500 500 811
8839 3234 2661667 1 1500 500 818
8902 3189 2661677 1 1490 510 814
8960 3158 2661687 1 1490 510 818
9014 3136 2661697 1 1490 510 821
9068 3122 2661707 1 1480 510 826
9123 3109 2661717 1 1480 510 824
9170 3096 2661727 1 1480 510 824
9212 3080 2661737 1 1480 530 823
9234 3065 2661747 1 1480 530 824
9245 3049 2661757 1 1480 530 821
9245 3031 2661767 1 1490 530 821
9254 3006 2661777 1 1490 530 824
9254 2975 2661787 1 1480 540 823
9254 2934 2661797 1 1500 540 829
9254 2877 2661807 1 1500 540 830
9230 2811 2661817 1 1500 540 830
9201 2748 2661827 1 1510 540 846
9150 2685 2661837 1 1510 540 863
9080 2624 2661847 1 1510 540 869
8996 2570 2661857 1 1510 540 855
8876 2515 2661867 1 1510 540 861
8762 2479 2661877 1 1500 550 861
8651 2455 2661887 1 1490 550 864
8564 2440 2661897 1 1490 550 791
8478 2424 2661907 1 1490 550 581
