294
3087 5101 8540941 0 1460 470 217
3087 5101 8540951 1 1450 470 310
3087 5101 8540961 1 1440 480 335
2976 5117 8540971 1 1430 480 339
2958 5117 8540981 1 1430 480 371
2950 5112 8540991 1 1430 490 425
2950 5112 8541001 1 1430 490 463
2950 5112 8541011 1 1430 490 465
2950 5112 8541021 1 1430 490 477
2950 5112 8541031 1 1430 490 475
2950 5112 8541041 1 1440 490 475
2950 5112 8541051 1 1440 490 490
2963 5112 8541061 1 1430 500 509
3007 5121 8541071 1 1430 500 533
3072 5135 8541081 1 1440 500 542
3184 5178 8541091 1 1440 500 567
3313 5245 8541101 1 1440 500 570
3452 5328 8541111 1 1440 500 583
3581 5413 8541121 1 1440 500 584
3683 5486 8541131 1 1430 510 584
3766 5533 8541141 1 1430 510 583
3818 5567 8541151 1 1430 510 583
3855 5601 8541161 1 1430 510 578
3881 5632 8541171 1 1420 500 566
3892 5658 8541181 1 1420 500 559
3887 5692 8541191 1 1410 510 542
3870 5730 8541201 1 1410 510 546
3833 5775 8541211 1 1410 510 546
3784 5828 8541221 1 1410 510 546
3728 5886 8541231 1 1420 500 536
3667 5930 8541241 1 1420 500 546
3610 5971 8541251 1 1420 500 556
3562 6002 8541261 1 1420 500 564
3522 6024 8541271 1 1420 500 580
3522 6024 8541281 1 1430 500 592
3522 6024 8541291 1 1430 500 585
3442 6046 8541301 1 1440 490 594
3430 6046 8541311 1 1440 490 595
3424 6046 8541321 1 1450 480 600
3418 6016 8541331 1 1450 480 614
3409 5970 8541341 1 1450 480 638
3399 5851 8541351 1 1460 480 675
3394 5664 8541361 1 1460 480 691
3394 5431 8541371 1 1460 480 699
3406 5109 8541381 1 1460 480 697
3428 4811 8541391 1 1450 480 705
3458 4530 8541401 1 1450 480 707
3493 4387 8541411 1 1450 480 713
3526 4303 8541421 1 1440 490 717
3553 4259 8541431 1 1430 500 716
3577 4240 8541441 1 1430 500 708
3601 4240 8541451 1 1420 500 699
3630 4240 8541461 1 1410 500 663
3674 4310 8541471 1 1400 510 627
3726 4413 8541481 1 1380 510 611
3769 4540 8541491 1 1380 510 603
3799 4639 8541501 1 1370 520 602
3820 4713 8541511 1 1360 510 602
3829 4770 8541521 1 1360 510 602
3829 4809 8541531 1 1360 510 609
3812 4831 8541541 1 1360 510 617
3792 4842 8541551 1 1360 510 613
3744 4832 8541561 1 1360 510 616
3676 4788 8541571 1 1360 510 628
3583 4722 8541581 1 1360 510 637
3483 4650 8541591 1 1360 510 665
3379 4582 8541601 1 1360 510 678
3286 4517 8541611 1 1360 510 687
3194 4460 8541621 1 1360 510 693
3121 4423 8541631 1 1360 510 694
3061 4399 8541641 1 1360 510 693
3027 4392 8541651 1 1360 510 694
3012 4397 8541661 1 1370 520 676
3012 4410 8541671 1 1370 520 670
3018 4434 8541681 1 1370 520 664
3061 4486 8541691 1 1360 520 662
3128 4557 8541701 1 1360 520 665
3237 4647 8541711 1 1350 520 662
3375 4753 8541721 1 1350 520 661
3533 4870 8541731 1 1350 520 665
3757 5018 8541741 1 1360 520 662
3992 5177 8541751 1 1360 520 667
4233 5343 8541761 1 1360 520 673
4486 5519 8541771 1 1370 520 676
4716 5679 8541781 1 1370 520 676
4930 5814 8541791 1 1370 520 681
5074 5938 8541801 1 1370 520 685
5180 6023 8541811 1 1390 520 685
5261 6085 8541821 1 1400 520 685
5308 6131 8541831 1 1400 520 685
5328 6177 8541841 1 1410 520 682
5328 6235 8541851 1 1420 520 678
5307 6300 8541861 1 1430 520 675
5260 6377 8541871 1 1440 510 675
5195 6448 8541881 1 1440 510 673
5126 6514 8541891 1 1460 520 673
5059 6553 8541901 1 1470 510 675
4993 6570 8541911 1 1470 510 673
4937 6570 8541921 1 1480 510 676
4883 6570 8541931 1 1490 510 670
4842 6555 8541941 1 1490 510 673
4810 6534 8541951 1 1490 510 673
4783 6507 8541961 1 1500 500 676
4756 6447 8541971 1 1500 500 676
4734 6365 8541981 1 1500 500 685
4719 6240 8541991 1 1500 500 694
4709 6031 8542001 1 1500 500 719
4701 5766 8542011 1 1500 500 727
4720 5442 8542021 1 1500 500 730
4755 5061 8542031 1 1480 500 728
4797 4643 8542041 1 1480 500 721
4843 4370 8542051 1 1470 510 740
4883 4186 8542061 1 1470 510 750
4917 4062 8542071 1 1460 520 754
4952 3974 8542081 1 1460 520 760
4983 3911 8542091 1 1450 530 757
5000 3865 8542101 1 1450 530 760
5009 3853 8542111 1 1430 530 730
5009 3862 8542121 1 1430 530 678
5015 3884 8542131 1 1420 540 566
5022 3990 8542141 1 1410 550 417
5035 4156 8542151 1 1410 550 338
5053 4361 8542161 1 1410 560 334
5084 4545 8542171 1 1410 560 335
5122 4690 8542181 1 1410 560 336
5157 4808 8542191 1 1400 560 351
5175 4899 8542201 1 1400 560 394
5182 4961 8542211 1 1400 560 445
5173 5005 8542221 1 1400 560 498
5148 5026 8542231 1 1410 560 510
5113 5021 8542241 1 1410 560 530
5048 4999 8542251 1 1410 560 561
4953 4922 8542261 1 1410 560 622
4839 4815 8542271 1 1430 550 675
4697 4688 8542281 1 1430 550 733
4555 4581 8542291 1 1430 550 780
4432 4477 8542301 1 1430 550 794
4321 4376 8542311 1 1410 550 811
4233 4285 8542321 1 1410 550 814
4151 4211 8542331 1 1410 550 818
4080 4149 8542341 1 1400 540 817
4045 4111 8542351 1 1410 530 814
4032 4097 8542361 1 1410 530 803
4032 4097 8542371 1 1410 530 787
4040 4097 8542381 1 1410 530 767
4077 4128 8542391 1 1390 540 737
4136 4173 8542401 1 1390 540 713
4245 4273 8542411 1 1390 540 699
4377 4388 8542421 1 1370 530 693
4523 4512 8542431 1 1370 530 700
4669 4594 8542441 1 1360 540 700
4811 4644 8542451 1 1360 540 697
4927 4673 8542461 1 1360 540 700
5025 4683 8542471 1 1360 540 694
5126 4665 8542481 1 1370 540 707
5227 4629 8542491 1 1370 540 727
5320 4579 8542501 1 1370 540 743
5407 4535 8542511 1 1360 550 762
5485 4495 8542521 1 1360 550 790
5559 4471 8542531 1 1380 550 824
5631 4460 8542541 1 1380 550 837
5713 4460 8542551 1 1380 550 887
5801 4476 8542561 1 1390 560 903
5863 4492 8542571 1 1390 560 908
5905 4520 8542581 1 1390 570 905
5948 4556 8542591 1 1390 570 893
5988 4599 8542601 1 1400 580 836
6027 4650 8542611 1 1400 580 719
6063 4707 8542621 1 1420 580 422
6902 5666 8542884 0 1580 520 568
6902 5666 8542894 1 1560 530 574
6902 5666 8542904 1 1560 530 564
6902 5666 8542914 1 1560 530 574
6902 5666 8542924 1 1560 530 591
6902 5666 8542934 1 1560 530 605
6902 5666 8542944 1 1550 540 644
6902 5666 8542954 1 1540 550 671
6902 5666 8542964 1 1540 550 697
7015 5618 8542974 1 1530 560 720
7059 5608 8542984 1 1530 560 759
7111 5603 8542994 1 1520 570 783
7165 5603 8543004 1 1520 570 808
7220 5603 8543014 1 1510 580 824
7293 5603 8543024 1 1530 580 829
7336 5603 8543034 1 1530 590 830
7380 5603 8543044 1 1530 590 826
7434 5609 8543054 1 1530 590 812
7474 5609 8543064 1 1530 590 759
7514 5609 8543074 1 1530 590 647
7544 5594 8543084 1 1530 590 433
7070 4969 8543164 0 1530 590 613
6966 4794 8543174 1 1530 590 638
6921 4784 8543184 1 1530 590 641
6907 4761 8543194 1 1530 590 668
6914 4761 8543204 1 1530 590 707
6932 4772 8543214 1 1530 590 722
6976 4809 8543224 1 1520 600 724
7037 4876 8543234 1 1520 600 725
7120 4963 8543244 1 1520 600 716
7223 5068 8543254 1 1520 600 687
7340 5192 8543264 1 1520 600 641
7458 5328 8543274 1 1520 600 611
7567 5472 8543284 1 1520 600 611
7669 5601 8543294 1 1520 600 619
7767 5690 8543304 1 1520 600 611
7865 5758 8543314 1 1540 600 611
7943 5810 8543324 1 1540 600 619
8006 5836 8543334 1 1540 600 630
8036 5846 8543344 1 1540 600 646
8052 5828 8543354 1 1560 610 694
8059 5774 8543364 1 1560 610 722
8059 5697 8543374 1 1560 610 750
8029 5581 8543384 1 1560 610 773
7985 5431 8543394 1 1560 610 784
7944 5259 8543404 1 1560 610 802
7905 5154 8543414 1 1560 610 829
7871 5087 8543424 1 1560 610 821
7855 5045 8543434 1 1560 610 824
7849 5026 8543444 1 1560 610 824
7855 5026 8543454 1 1560 610 818
7863 5034 8543464 1 1560 610 817
7895 5070 8543474 1 1560 610 790
7941 5156 8543484 1 1560 610 746
8013 5275 8543494 1 1560 610 728
8089 5409 8543504 1 1560 610 719
8182 5524 8543514 1 1560 610 722
8284 5627 8543524 1 1550 620 727
8402 5709 8543534 1 1550 620 727
8520 5786 8543544 1 1550 620 743
8635 5855 8543554 1 1550 620 760
8732 5903 8543564 1 1550 620 763
8820 5936 8543574 1 1560 610 791
8896 5950 8543584 1 1570 610 796
8962 5950 8543594 1 1570 610 820
9022 5935 8543604 1 1580 600 817
9070 5901 8543614 1 1600 600 833
9109 5854 8543624 1 1600 600 840
9141 5799 8543634 1 1620 610 848
9152 5734 8543644 1 1620 610 857
9145 5664 8543654 1 1620 610 848
9127 5586 8543664 1 1620 610 851
9090 5487 8543674 1 1620 610 842
9017 5374 8543684 1 1620 610 824
8921 5254 8543695 1 1620 610 818
8812 5144 8543705 1 1620 610 794
8704 5042 8543715 1 1620 610 791
8597 4951 8543725 1 1620 610 793
8494 4867 8543735 1 1610 620 793
8397 4787 8543745 1 1610 620 796
8336 4736 8543755 1 1600 630 796
8297 4709 8543765 1 1590 640 784
8280 4697 8543775 1 1590 640 793
8280 4697 8543785 1 1590 640 794
8299 4718 8543795 1 1590 640 793
8335 4746 8543805 1 1590 640 799
8400 4799 8543815 1 1580 640 800
8483 4862 8543825 1 1580 640 803
8564 4932 8543835 1 1580 640 799
8642 5001 8543845 1 1580 640 797
8705 5074 8543855 1 1560 640 791
8758 5150 8543865 1 1580 640 779
8795 5238 8543875 1 1580 640 751
8811 5337 8543885 1 1580 640 693
8811 5443 8543895 1 1580 640 627
8787 5543 8543905 1 1560 640 554
8746 5642 8543915 1 1560 640 466
8693 5751 8543925 1 1570 630 394
8625 5868 8543935 1 1570 630 379
8558 5989 8543945 1 1580 620 369
8493 6108 8543955 1 1580 620 367
8441 6209 8543965 1 1590 610 366
8398 6300 8543975 1 1600 600 369
8364 6375 8543985 1 1580 600 372
8333 6447 8543995 1 1590 590 384
8310 6510 8544005 1 1590 590 391
8293 6567 8544015 1 1590 590 405
8279 6618 8544025 1 1600 580 422
8266 6659 8544035 1 1600 580 436
8255 6690 8544045 1 1600 580 453
8248 6712 8544055 1 1610 570 473
8248 6727 8544065 1 1620 580 496
8241 6727 8544075 1 1620 580 491
8241 6727 8544085 1 1630 570 519
8241 6702 8544095 1 1630 570 554
8246 6635 8544105 1 1630 570 613
8246 6538 8544115 1 1630 570 676
8254 6353 8544125 1 1630 570 721
8259 6062 8544135 1 1630 570 759
8243 5700 8544145 1 1630 570 768
8213 5260 8544155 1 1620 580 759
8176 4795 8544165 1 1620 580 760
8130 4314 8544175 1 1600 580 720
8079 3962 8544185 1 1590 590 630
8045 3722 8544195 1 1580 600 539
