595
1421 6004 2527304 0 1330 470 12
1421 6004 2527314 1 1330 470 36
1421 6004 2527324 1 1330 470 46
1421 6004 2527334 1 1330 470 63
1421 6004 2527344 1 1340 470 81
1421 6004 2527354 1 1340 470 91
1421 6004 2527364 1 1340 470 115
1500 6079 2527374 1 1330 470 130
1562 6136 2527384 1 1340 480 141
1637 6203 2527394 1 1340 480 132
1720 6269 2527404 1 1350 490 146
1787 6334 2527414 1 1350 490 148
1855 6400 2527424 1 1360 490 151
1925 6464 2527434 1 1370 500 156
2000 6525 2527444 1 1370 500 155
2078 6579 2527454 1 1370 510 158
2153 6628 2527464 1 1370 510 151
2215 6669 2527474 1 1380 510 134
2269 6700 2527484 1 1400 520 105
2305 6713 2527494 1 1390 520 51
1423 4554 2527744 0 1240 530 41
1423 4554 2527754 1 1230 530 50
1423 4554 2527764 1 1230 530 75
1512 4633 2527774 1 1220 540 89
1569 4697 2527784 1 1220 540 96
1651 4777 2527794 1 1220 540 104
1731 4869 2527804 1 1230 550 103
1810 4968 2527814 1 1230 550 129
1904 5068 2527824 1 1230 550 131
2019 5178 2527834 1 1240 550 151
2149 5296 2527844 1 1240 550 163
2280 5424 2527854 1 1250 560 170
2404 5532 2527864 1 1250 560 172
2522 5628 2527874 1 1250 560 172
2636 5706 2527884 1 1260 570 170
2731 5779 2527894 1 1260 570 165
2814 5846 2527904 1 1270 570 158
2876 5899 2527914 1 1280 570 151
2929 5943 2527924 1 1300 580 134
2977 5984 2527934 1 1310 570 129
3010 6010 2527944 1 1320 570 96
3024 6026 2527954 1 1340 560 98
3024 6026 2527964 1 1340 560 94
3015 6019 2527974 1 1340 560 80
2989 6004 2527984 1 1350 550 47
2953 5966 2527994 1 1350 550 30
2902 5913 2528004 1 1350 550 3
2833 5845 2528014 1 1360 550 1
2753 5764 2528024 1 1370 540 3
2643 5675 2528034 1 1370 540 49
2527 5572 2528044 1 1390 540 75
2408 5445 2528054 1 1370 540 101
2294 5301 2528064 1 1370 540 91
2180 5140 2528074 1 1370 540 91
2068 4982 2528084 1 1360 550 90
1973 4827 2528094 1 1360 550 90
1890 4699 2528104 1 1350 550 91
1828 4599 2528114 1 1350 550 105
1771 4519 2528124 1 1340 560 120
1725 4441 2528134 1 1340 560 125
1693 4362 2528144 1 1320 570 127
1669 4280 2528154 1 1310 570 130
1652 4211 2528164 1 1310 570 129
1652 4151 2528174 1 1300 580 129
1660 4116 2528184 1 1280 580 130
1679 4102 2528194 1 1280 580 148
1713 4102 2528204 1 1280 580 156
1757 4119 2528214 1 1280 580 180
1815 4161 2528224 1 1270 590 180
1891 4218 2528234 1 1270 590 190
1979 4295 2528244 1 1270 590 191
2082 4384 2528254 1 1270 590 196
2185 4482 2528264 1 1270 590 202
2287 4572 2528274 1 1270 590 210
2386 4668 2528284 1 1270 590 217
2488 4768 2528294 1 1270 590 217
2591 4875 2528304 1 1270 590 218
2694 4978 2528314 1 1270 590 218
2774 5066 2528324 1 1270 590 220
2838 5146 2528334 1 1270 590 222
2892 5222 2528344 1 1270 590 222
2928 5299 2528354 1 1260 580 217
2952 5378 2528364 1 1260 580 203
2961 5459 2528374 1 1260 580 195
2961 5535 2528384 1 1260 580 193
2944 5607 2528394 1 1270 570 190
2920 5672 2528404 1 1270 570 190
2887 5730 2528414 1 1280 580 180
2847 5773 2528424 1 1280 580 171
2798 5805 2528434 1 1280 580 184
2735 5834 2528444 1 1280 580 180
2662 5858 2528454 1 1280 580 182
2579 5874 2528464 1 1280 580 187
2494 5890 2528474 1 1300 580 178
2408 5904 2528484 1 1300 580 188
2332 5916 2528494 1 1310 570 193
2268 5930 2528504 1 1310 570 208
2213 5938 2528514 1 1320 570 208
2169 5938 2528524 1 1320 570 208
2141 5938 2528534 1 1340 560 205
2123 5920 2528544 1 1350 550 205
2113 5898 2528554 1 1350 550 202
2106 5852 2528564 1 1350 550 203
2106 5792 2528574 1 1360 550 203
2106 5727 2528584 1 1360 550 203
2118 5656 2528594 1 1360 550 203
2129 5576 2528604 1 1360 550 203
2142 5491 2528614 1 1360 550 208
2157 5396 2528624 1 1360 550 215
2173 5289 2528634 1 1360 550 209
2190 5171 2528644 1 1350 550 226
2202 5045 2528654 1 1350 550 235
2210 4899 2528664 1 1350 550 249
2217 4741 2528674 1 1320 550 259
2225 4597 2528684 1 1310 560 285
2233 4426 2528694 1 1310 560 292
2242 4236 2528704 1 1300 560 312
2253 4059 2528714 1 1280 570 314
2266 3889 2528724 1 1280 570 335
2286 3724 2528734 1 1270 570 344
2315 3580 2528744 1 1270 570 364
2348 3435 2528754 1 1240 570 361
2384 3290 2528764 1 1240 570 369
2427 3146 2528774 1 1230 580 371
2472 3024 2528784 1 1230 580 371
2524 2918 2528794 1 1210 580 374
2575 2834 2528804 1 1200 580 377
2625 2768 2528814 1 1200 580 382
2683 2713 2528824 1 1180 590 396
2738 2670 2528834 1 1180 590 393
2794 2647 2528844 1 1170 590 389
2856 2637 2528854 1 1170 590 396
2929 2637 2528864 1 1170 590 410
3009 2671 2528874 1 1150 600 415
3114 2718 2528884 1 1150 600 427
3233 2786 2528894 1 1150 600 436
3358 2867 2528904 1 1150 600 438
3486 2956 2528914 1 1130 600 433
3621 3056 2528924 1 1130 600 436
3765 3170 2528934 1 1130 600 436
3883 3294 2528944 1 1130 600 440
3984 3423 2528954 1 1130 600 438
4084 3561 2528964 1 1130 600 440
4175 3706 2528974 1 1130 600 440
4261 3870 2528984 1 1130 590 441
4337 4012 2528994 1 1130 590 443
4404 4140 2529004 1 1130 590 449
4466 4263 2529014 1 1130 590 449
4517 4384 2529024 1 1130 590 439
4560 4499 2529034 1 1130 590 440
4597 4614 2529044 1 1130 590 449
4622 4732 2529054 1 1130 590 439
4631 4861 2529064 1 1130 590 449
4631 4995 2529074 1 1130 590 439
4614 5132 2529084 1 1140 590 443
4585 5266 2529094 1 1140 590 453
4547 5397 2529104 1 1140 590 468
4509 5500 2529114 1 1160 580 464
4471 5584 2529124 1 1160 580 464
4437 5654 2529134 1 1160 580 464
4405 5722 2529144 1 1160 580 461
4375 5789 2529154 1 1170 580 442
4337 5854 2529164 1 1180 590 418
4295 5920 2529174 1 1180 590 362
4248 5982 2529184 1 1200 580 309
4186 6042 2529194 1 1200 580 252
4115 6099 2529204 1 1230 590 170
4037 6155 2529214 1 1230 590 91
3959 6196 2529224 1 1230 590 50
4818 6429 2529887 0 1330 510 46
4749 6507 2529897 1 1330 510 39
4699 6527 2529907 1 1330 510 29
4657 6522 2529917 1 1330 510 24
4636 6516 2529927 1 1320 500 24
4630 6516 2529937 1 1320 500 29
4630 6510 2529947 1 1320 500 32
4630 6510 2529957 1 1320 500 41
4630 6510 2529967 1 1320 500 53
4630 6510 2529977 1 1320 500 53
4636 6510 2529987 1 1320 500 78
4645 6515 2529997 1 1320 500 103
4672 6521 2530007 1 1320 500 107
4709 6540 2530017 1 1300 510 115
4773 6574 2530027 1 1300 510 120
4839 6619 2530037 1 1300 510 127
4912 6675 2530047 1 1320 510 134
4991 6736 2530057 1 1320 510 144
5073 6801 2530067 1 1320 510 134
5156 6861 2530077 1 1320 510 143
5224 6898 2530087 1 1330 520 144
5282 6920 2530097 1 1330 520 146
5321 6920 2530107 1 1330 520 148
5350 6896 2530117 1 1330 520 151
5371 6863 2530127 1 1340 520 163
5383 6808 2530137 1 1340 520 171
5383 6720 2530147 1 1340 520 198
5383 6609 2530157 1 1340 520 222
5364 6451 2530167 1 1340 520 239
5346 6256 2530177 1 1340 520 260
5325 6037 2530187 1 1340 520 274
5307 5786 2530197 1 1330 530 277
5288 5564 2530207 1 1330 530 287
5272 5361 2530217 1 1330 530 297
5258 5135 2530227 1 1310 540 302
5253 4909 2530237 1 1310 540 316
5253 4682 2530247 1 1300 540 314
5248 4485 2530257 1 1290 550 329
5248 4311 2530267 1 1260 560 334
5258 4110 2530277 1 1250 560 349
5266 3944 2530287 1 1230 560 361
5274 3802 2530297 1 1220 570 369
5285 3683 2530307 1 1200 570 362
5299 3610 2530317 1 1190 580 369
5313 3569 2530327 1 1170 580 367
5328 3556 2530337 1 1160 580 371
5343 3556 2530347 1 1140 590 387
5357 3570 2530357 1 1130 590 393
5371 3614 2530367 1 1130 590 396
5389 3713 2530377 1 1110 590 396
5406 3848 2530387 1 1110 590 399
5420 4009 2530397 1 1090 600 388
5440 4195 2530407 1 1090 600 399
5462 4399 2530417 1 1090 600 396
5485 4612 2530427 1 1090 600 398
5507 4824 2530437 1 1090 600 396
5530 5030 2530447 1 1090 600 396
5553 5217 2530457 1 1090 600 394
5576 5394 2530467 1 1110 590 382
5600 5567 2530477 1 1110 590 374
5629 5737 2530487 1 1130 590 364
5661 5914 2530497 1 1140 590 373
5701 6096 2530507 1 1150 580 369
5744 6238 2530517 1 1170 580 363
5794 6419 2530527 1 1190 580 363
5845 6626 2530537 1 1200 570 359
5898 6787 2530547 1 1230 580 359
5954 6945 2530557 1 1240 570 363
6014 7100 2530567 1 1240 570 363
6092 7227 2530577 1 1260 570 364
6181 7355 2530587 1 1280 570 364
6289 7480 2530597 1 1300 560 361
6397 7600 2530607 1 1310 560 354
6505 7696 2530617 1 1310 560 346
6608 7779 2530627 1 1320 550 336
6707 7845 2530637 1 1320 550 340
6804 7906 2530647 1 1350 550 335
6882 7946 2530657 1 1350 550 332
6947 7973 2530667 1 1360 550 329
7000 7983 2530677 1 1380 550 322
7042 7989 2530687 1 1390 550 322
7076 7989 2530697 1 1390 550 319
7102 7980 2530707 1 1390 550 315
7122 7973 2530717 1 1410 550 315
7138 7967 2530727 1 1410 550 317
7149 7961 2530737 1 1410 550 317
7159 7943 2530747 1 1420 540 319
7169 7925 2530757 1 1440 540 322
7176 7889 2530767 1 1440 540 324
7185 7843 2530777 1 1440 540 325
7192 7770 2530787 1 1450 540 324
7185 7691 2530797 1 1460 540 325
7169 7602 2530807 1 1460 540 322
7137 7507 2530817 1 1460 540 324
7089 7408 2530827 1 1460 540 324
7031 7310 2530837 1 1460 540 327
6965 7213 2530847 1 1460 540 340
6888 7115 2530857 1 1460 540 338
6804 6994 2530867 1 1460 540 339
6715 6861 2530877 1 1450 550 344
6626 6720 2530887 1 1450 550 344
6542 6598 2530897 1 1450 550 346
6464 6490 2530907 1 1440 560 344
6393 6392 2530917 1 1440 560 346
6326 6321 2530927 1 1430 550 346
6273 6279 2530937 1 1410 560 349
6228 6256 2530947 1 1410 560 353
6192 6256 2530957 1 1410 560 359
6158 6256 2530967 1 1410 560 363
6130 6267 2530977 1 1400 550 363
6107 6285 2530987 1 1400 550 364
6088 6306 2530997 1 1390 560 364
6076 6330 2531007 1 1390 560 361
6070 6364 2531017 1 1380 550 354
6070 6409 2531027 1 1380 550 351
6084 6462 2531037 1 1380 550 348
6106 6528 2531047 1 1360 550 348
6140 6598 2531057 1 1360 550 348
6184 6670 2531067 1 1350 550 346
6237 6740 2531077 1 1350 550 348
6296 6807 2531087 1 1350 550 348
6361 6869 2531097 1 1350 550 346
6430 6932 2531107 1 1350 550 344
6502 6994 2531117 1 1350 550 346
6574 7043 2531127 1 1350 550 343
6652 7089 2531137 1 1360 550 341
6730 7129 2531147 1 1360 550 339
6807 7161 2531157 1 1360 550 338
6887 7186 2531167 1 1360 550 336
6947 7202 2531177 1 1390 550 334
6995 7208 2531187 1 1390 550 333
7041 7193 2531197 1 1390 550 334
7077 7165 2531207 1 1400 550 333
7105 7124 2531217 1 1410 550 333
7122 7058 2531227 1 1410 550 334
7128 6975 2531237 1 1410 550 334
7128 6873 2531247 1 1420 540 333
7110 6776 2531257 1 1440 540 334
7088 6682 2531267 1 1440 540 336
7062 6586 2531277 1 1430 550 338
7030 6468 2531287 1 1430 550 338
6988 6336 2531297 1 1440 560 338
6939 6189 2531307 1 1440 560 334
6880 6042 2531317 1 1440 560 334
6808 5895 2531327 1 1430 560 333
6726 5779 2531337 1 1430 560 338
6662 5682 2531347 1 1420 570 344
6601 5619 2531357 1 1400 560 351
6563 5579 2531367 1 1390 570 358
6540 5555 2531377 1 1380 580 361
6540 5549 2531387 1 1360 570 361
6540 5549 2531397 1 1350 580 361
6540 5555 2531407 1 1350 580 359
6559 5574 2531417 1 1340 580 358
6598 5620 2531427 1 1320 580 358
6651 5685 2531437 1 1320 580 358
6737 5772 2531447 1 1320 580 356
6841 5876 2531457 1 1310 570 358
6957 5991 2531467 1 1310 570 359
7071 6089 2531477 1 1310 570 359
7184 6169 2531487 1 1310 570 359
7296 6238 2531497 1 1310 570 359
7396 6291 2531507 1 1320 580 358
7488 6324 2531517 1 1320 580 349
7554 6345 2531527 1 1340 570 341
7592 6345 2531537 1 1340 570 336
7610 6312 2531547 1 1350 580 338
7610 6266 2531557 1 1360 570 338
7576 6181 2531567 1 1360 570 338
7523 6062 2531577 1 1380 580 339
7445 5921 2531587 1 1390 570 341
7350 5771 2531597 1 1390 570 346
7243 5632 2531607 1 1390 570 353
7140 5498 2531617 1 1390 570 354
7042 5363 2531627 1 1390 570 358
6954 5228 2531637 1 1380 580 361
6888 5126 2531647 1 1380 580 363
6834 5047 2531657 1 1380 580 361
6822 5002 2531667 1 1380 580 359
6849 4984 2531677 1 1380 580 361
6901 4984 2531687 1 1380 580 361
6981 5013 2531697 1 1360 580 359
7093 5069 2531707 1 1360 580 363
7226 5143 2531717 1 1360 580 361
7381 5223 2531727 1 1350 590 363
7524 5298 2531737 1 1350 590 359
7658 5349 2531747 1 1350 590 354
7771 5386 2531757 1 1350 590 339
7854 5386 2531767 1 1350 590 344
7918 5358 2531777 1 1350 590 342
7935 5308 2531787 1 1350 590 342
7924 5228 2531797 1 1350 590 333
7895 5118 2531807 1 1350 590 341
7840 4988 2531817 1 1350 590 349
7771 4838 2531827 1 1350 590 364
7693 4687 2531837 1 1340 600 376
7625 4566 2531847 1 1320 590 389
7582 4467 2531857 1 1320 590 405
7555 4383 2531867 1 1320 590 413
7555 4326 2531877 1 1310 600 412
7585 4288 2531887 1 1310 600 413
7626 4272 2531897 1 1310 600 415
7691 4285 2531907 1 1310 600 420
7773 4317 2531917 1 1310 600 418
7866 4387 2531927 1 1290 600 418
7967 4484 2531937 1 1290 600 420
8054 4598 2531947 1 1290 600 417
8132 4732 2531957 1 1290 600 412
8207 4891 2531967 1 1290 600 402
8261 5068 2531977 1 1280 610 388
8301 5236 2531987 1 1290 610 372
8317 5411 2531997 1 1290 610 358
8303 5592 2532007 1 1290 610 333
8268 5757 2532017 1 1300 620 324
8209 5919 2532027 1 1300 620 312
8136 6079 2532037 1 1300 620 316
8054 6218 2532047 1 1320 610 306
7957 6354 2532057 1 1330 620 299
7849 6485 2532067 1 1350 620 297
7733 6585 2532077 1 1350 620 296
7638 6667 2532087 1 1350 620 297
7549 6727 2532097 1 1360 610 296
7470 6770 2532107 1 1360 610 299
7401 6802 2532117 1 1360 600 301
7343 6816 2532127 1 1360 600 302
7295 6816 2532137 1 1360 600 302
7254 6800 2532147 1 1380 590 306
7219 6760 2532157 1 1380 590 307
7189 6694 2532167 1 1390 580 316
7162 6612 2532177 1 1380 580 314
7140 6511 2532187 1 1380 580 324
7125 6384 2532197 1 1390 570 340
7118 6240 2532207 1 1390 570 341
7118 6081 2532217 1 1390 570 351
7118 5897 2532227 1 1390 570 361
7133 5697 2532237 1 1380 580 361
7146 5505 2532247 1 1380 580 372
7164 5285 2532257 1 1380 580 381
7177 5047 2532267 1 1360 580 386
7187 4795 2532277 1 1360 580 394
7194 4549 2532287 1 1360 580 388
7194 4306 2532297 1 1350 590 402
7187 4034 2532307 1 1340 580 415
7177 3763 2532317 1 1340 580 414
7169 3493 2532327 1 1320 590 431
7169 3240 2532337 1 1310 600 443
7169 2974 2532347 1 1290 600 440
7185 2723 2532357 1 1280 610 443
7213 2486 2532367 1 1260 610 447
7251 2309 2532377 1 1240 620 448
7302 2145 2532387 1 1230 620 452
7356 1990 2532397 1 1230 620 453
7418 1858 2532407 1 1210 630 455
7480 1745 2532417 1 1190 630 456
7542 1644 2532427 1 1190 640 455
7609 1590 2532437 1 1170 650 461
7681 1569 2532447 1 1150 650 466
7764 1569 2532457 1 1130 650 471
7856 1623 2532467 1 1100 660 468
7946 1737 2532477 1 1080 660 478
8034 1893 2532487 1 1080 660 485
8126 2093 2532497 1 1060 660 480
8222 2330 2532507 1 1060 660 480
8324 2592 2532517 1 1070 670 475
8427 2874 2532527 1 1070 670 464
8522 3165 2532537 1 1070 670 465
8611 3463 2532547 1 1070 670 442
8691 3762 2532557 1 1070 670 440
8765 4061 2532567 1 1070 670 435
8835 4354 2532577 1 1070 670 431
8911 4645 2532587 1 1080 660 431
8985 4938 2532597 1 1080 660 438
9052 5193 2532607 1 1100 660 438
9114 5458 2532617 1 1130 650 443
9181 5729 2532627 1 1160 660 448
9251 5989 2532637 1 1180 650 440
9339 6244 2532647 1 1200 650 443
9438 6495 2532657 1 1220 650 443
9549 6729 2532667 1 1240 640 440
9663 6963 2532677 1 1250 640 442
9781 7167 2532687 1 1250 640 439
9899 7353 2532697 1 1270 630 443
10001 7530 2532707 1 1290 630 438
10093 7665 2532717 1 1300 620 427
10159 7773 2532727 1 1300 620 420
10207 7859 2532737 1 1320 610 407
10244 7943 2532747 1 1320 610 397
10269 8009 2532757 1 1340 610 391
10287 8065 2532767 1 1360 610 388
10300 8107 2532777 1 1380 600 389
10300 8144 2532787 1 1380 600 388
10300 8171 2532797 1 1380 600 389
10292 8192 2532807 1 1390 600 389
10276 8209 2532817 1 1390 600 392
10261 8219 2532827 1 1390 600 394
10239 8219 2532837 1 1390 600 389
10213 8219 2532847 1 1410 590 388
10182 8212 2532857 1 1410 590 388
10143 8192 2532867 1 1410 590 388
10099 8148 2532877 1 1410 590 398
10052 8090 2532887 1 1410 590 398
9997 8004 2532897 1 1420 580 398
9936 7891 2532907 1 1420 580 399
9875 7759 2532917 1 1420 580 391
9811 7610 2532927 1 1420 580 392
9746 7433 2532937 1 1420 580 396
9683 7237 2532947 1 1420 580 402
9622 7038 2532957 1 1400 580 409
9563 6836 2532967 1 1400 580 415
9506 6632 2532977 1 1400 580 422
9453 6427 2532987 1 1390 580 414
9407 6221 2532997 1 1390 580 417
9367 6013 2533007 1 1390 580 418
9336 5812 2533017 1 1360 580 423
9313 5652 2533027 1 1360 580 430
9313 5522 2533037 1 1350 590 431
9318 5409 2533047 1 1340 600 436
9341 5327 2533057 1 1310 600 438
9384 5266 2533067 1 1310 600 441
9439 5245 2533077 1 1290 600 444
9506 5262 2533087 1 1280 610 440
9592 5305 2533097 1 1280 610 447
9690 5385 2533107 1 1260 610 452
9807 5493 2533117 1 1240 620 455
9942 5620 2533127 1 1240 620 456
10090 5764 2533137 1 1230 620 456
10240 5926 2533147 1 1240 630 456
10392 6099 2533157 1 1240 630 439
10543 6248 2533167 1 1240 630 420
10666 6393 2533177 1 1240 630 381
10770 6513 2533187 1 1260 620 344
10843 6618 2533197 1 1260 620 322
10879 6684 2533207 1 1270 620 309
10891 6728 2533217 1 1290 630 292
10871 6758 2533227 1 1300 620 277
10828 6777 2533237 1 1300 620 285
10769 6792 2533247 1 1320 610 287
10697 6799 2533257 1 1320 610 274
10619 6799 2533267 1 1340 610 282
10537 6799 2533277 1 1340 610 291
10456 6790 2533287 1 1350 600 301
10374 6774 2533297 1 1350 600 314
10310 6750 2533307 1 1350 600 312
10257 6720 2533317 1 1360 600 329
10221 6685 2533327 1 1360 600 337
10200 6636 2533337 1 1360 600 334
10190 6578 2533347 1 1360 600 343
10190 6492 2533357 1 1360 600 348
10190 6389 2533367 1 1380 590 353
10199 6274 2533377 1 1380 590 358
10208 6152 2533387 1 1380 590 363
10222 6026 2533397 1 1380 590 373
10238 5878 2533407 1 1380 590 377
10257 5718 2533417 1 1380 590 391
10279 5578 2533427 1 1380 590 415
10304 5416 2533437 1 1360 600 420
10334 5239 2533447 1 1360 600 440
10366 5056 2533457 1 1380 600 439
10400 4860 2533467 1 1360 610 447
10435 4655 2533477 1 1360 610 453
10470 4480 2533487 1 1360 610 460
10505 4299 2533497 1 1350 620 465
10541 4121 2533507 1 1330 620 465
10577 3947 2533517 1 1330 620 466
10612 3783 2533527 1 1320 630 465
10650 3643 2533537 1 1330 630 466
10684 3518 2533547 1 1320 640 466
10715 3408 2533557 1 1300 650 466
10744 3310 2533567 1 1280 650 466
10765 3219 2533577 1 1280 650 466
10777 3145 2533587 1 1280 660 468
10784 3080 2533597 1 1280 660 468
10778 3020 2533607 1 1260 670 468
10763 2962 2533617 1 1260 670 468
10743 2912 2533627 1 1250 680 466
10711 2867 2533637 1 1250 680 460
10673 2831 2533647 1 1250 680 447
10630 2811 2533657 1 1270 690 438
10579 2801 2533667 1 1250 700 423
10516 2813 2533677 1 1250 700 396
10445 2841 2533687 1 1270 700 391
10363 2880 2533697 1 1270 700 382
10278 2920 2533707 1 1270 700 382
10192 2957 2533717 1 1280 710 381
10102 2989 2533727 1 1280 710 381
10013 3020 2533737 1 1310 710 381
9923 3057 2533747 1 1330 710 384
9833 3098 2533757 1 1330 710 386
9767 3150 2533767 1 1330 710 386
9705 3212 2533777 1 1330 710 386
9661 3280 2533787 1 1330 710 387
9626 3351 2533797 1 1330 710 387
9604 3420 2533807 1 1330 710 387
9597 3487 2533817 1 1330 710 386
9597 3554 2533827 1 1330 710 384
9620 3624 2533837 1 1310 710 384
9656 3702 2533847 1 1310 710 384
9702 3786 2533857 1 1310 710 386
9772 3879 2533867 1 1310 710 384
9858 3971 2533877 1 1310 710 384
9954 4064 2533887 1 1310 710 384
10057 4166 2533897 1 1310 710 384
10162 4273 2533907 1 1310 710 381
10270 4387 2533917 1 1310 710 381
10394 4496 2533927 1 1310 710 382
10527 4598 2533937 1 1310 710 382
10657 4695 2533947 1 1310 710 381
10786 4782 2533957 1 1310 710 379
10915 4863 2533967 1 1350 710 376
11051 4923 2533977 1 1350 710 377
11166 4969 2533987 1 1350 710 377
11266 5005 2533997 1 1370 710 377
11360 5026 2534007 1 1390 710 379
11445 5037 2534017 1 1390 710 381
11523 5037 2534027 1 1390 710 382
11586 5037 2534037 1 1390 710 381
11642 5021 2534047 1 1420 710 384
11694 5000 2534057 1 1420 710 387
11738 4967 2534067 1 1430 700 396
11774 4929 2534077 1 1430 700 389
11805 4871 2534087 1 1430 700 392
11828 4801 2534097 1 1460 710 392
11841 4728 2534107 1 1460 710 396
11848 4659 2534117 1 1460 710 392
11848 4597 2534127 1 1460 710 381
11856 4536 2534137 1 1460 710 279
