227
2318 6463 81080597 0 1450 500 34
2279 6198 81080607 1 1450 500 63
2256 5999 81080617 1 1440 500 93
2232 5768 81080627 1 1440 500 91
2198 5540 81080637 1 1430 510 125
2151 5252 81080647 1 1430 510 130
2094 4924 81080657 1 1420 520 144
2039 4601 81080667 1 1420 520 136
1987 4303 81080677 1 1410 520 146
1940 4021 81080687 1 1400 530 155
1900 3774 81080697 1 1390 540 163
1866 3604 81080707 1 1370 540 173
1839 3485 81080717 1 1360 550 180
1824 3423 81080727 1 1350 550 260
1816 3415 81080737 1 1340 560 257
1816 3444 81080747 1 1320 570 249
1821 3545 81080757 1 1320 570 250
1834 3725 81080767 1 1310 570 247
1860 3957 81080777 1 1310 570 245
1894 4223 81080787 1 1300 580 254
1953 4513 81080797 1 1300 580 249
2027 4819 81080807 1 1300 580 244
2125 5111 81080817 1 1300 580 225
2241 5398 81080827 1 1300 580 226
2370 5677 81080837 1 1300 580 228
2531 5932 81080847 1 1300 580 233
2730 6171 81080857 1 1310 570 239
2955 6368 81080867 1 1310 570 239
3195 6520 81080877 1 1310 560 237
3413 6643 81080887 1 1320 550 237
3615 6685 81080897 1 1340 550 228
3794 6667 81080907 1 1350 540 226
3922 6608 81080917 1 1360 540 226
4017 6490 81080927 1 1370 530 230
4094 6325 81080937 1 1390 520 237
4131 6130 81080947 1 1400 520 244
4141 5907 81080957 1 1410 510 247
4107 5676 81080967 1 1410 510 251
4034 5440 81080977 1 1420 520 249
3935 5201 81080987 1 1430 510 251
3809 4982 81080997 1 1430 510 251
3648 4776 81081007 1 1430 510 253
3463 4623 81081017 1 1420 520 251
3285 4498 81081027 1 1420 520 247
3094 4391 81081037 1 1410 510 237
2895 4312 81081047 1 1400 520 237
2728 4277 81081057 1 1400 520 235
2565 4271 81081067 1 1390 520 240
2455 4299 81081077 1 1390 520 246
2378 4332 81081087 1 1370 530 241
2349 4369 81081097 1 1370 530 254
2355 4393 81081107 1 1360 540 253
2383 4416 81081117 1 1360 540 251
2444 4439 81081127 1 1360 540 249
2531 4439 81081137 1 1350 530 253
2635 4407 81081147 1 1340 540 241
2761 4351 81081157 1 1340 540 250
2883 4257 81081167 1 1340 540 267
3003 4150 81081177 1 1340 540 279
3138 4034 81081187 1 1350 530 281
3268 3910 81081197 1 1350 530 301
3395 3787 81081207 1 1350 530 304
3523 3665 81081217 1 1350 530 312
3664 3573 81081227 1 1340 520 315
3814 3500 81081237 1 1340 520 320
3948 3444 81081247 1 1340 520 327
4104 3423 81081257 1 1340 520 324
4274 3423 81081267 1 1330 530 324
4448 3472 81081277 1 1330 530 324
4641 3551 81081287 1 1310 520 317
4846 3651 81081297 1 1310 520 317
5023 3776 81081307 1 1310 520 315
5194 3901 81081317 1 1310 520 315
5360 4025 81081327 1 1310 520 310
5484 4134 81081337 1 1310 520 316
5578 4242 81081347 1 1310 520 307
5653 4346 81081357 1 1310 520 302
5702 4444 81081367 1 1310 520 302
5724 4519 81081377 1 1330 530 306
5724 4580 81081387 1 1330 530 311
5703 4612 81081397 1 1330 530 312
5670 4621 81081407 1 1340 520 314
5632 4615 81081417 1 1340 520 317
5579 4587 81081427 1 1340 520 304
5524 4528 81081437 1 1340 520 314
5467 4449 81081447 1 1350 530 334
5415 4339 81081457 1 1350 530 341
5363 4203 81081467 1 1350 530 361
5313 4051 81081477 1 1350 530 373
5267 3883 81081487 1 1350 530 379
5237 3713 81081497 1 1350 530 399
5217 3543 81081507 1 1350 530 394
5231 3404 81081517 1 1350 530 397
5278 3293 81081527 1 1350 530 417
5346 3200 81081537 1 1350 530 420
5438 3146 81081547 1 1350 530 430
5536 3141 81081557 1 1350 530 446
5646 3168 81081567 1 1340 540 444
5762 3238 81081577 1 1340 540 444
5881 3346 81081587 1 1340 540 439
5977 3479 81081597 1 1340 540 443
6059 3617 81081607 1 1340 540 430
6127 3775 81081617 1 1340 550 420
6175 3946 81081627 1 1340 550 420
6210 4088 81081637 1 1340 550 412
6220 4195 81081647 1 1340 550 415
6210 4280 81081657 1 1340 550 405
6187 4312 81081667 1 1340 550 391
6160 4312 81081677 1 1350 540 398
6134 4290 81081687 1 1350 540 398
6110 4235 81081697 1 1350 540 388
6089 4162 81081707 1 1360 550 394
6089 4076 81081717 1 1370 540 402
6110 3979 81081727 1 1370 540 413
6154 3877 81081737 1 1370 540 420
6221 3767 81081747 1 1390 540 417
6304 3653 81081757 1 1390 540 428
6394 3561 81081767 1 1390 540 431
6488 3483 81081777 1 1390 540 436
6586 3415 81081787 1 1390 540 443
6684 3360 81081797 1 1390 540 444
6796 3332 81081807 1 1370 530 444
6909 3322 81081817 1 1370 540 440
7023 3349 81081827 1 1370 540 439
7137 3416 81081837 1 1370 540 445
7274 3510 81081847 1 1370 540 442
7424 3638 81081857 1 1360 550 449
7572 3818 81081867 1 1360 550 446
7722 4034 81081877 1 1360 550 446
7876 4265 81081887 1 1360 560 444
8010 4503 81081897 1 1360 560 443
8129 4746 81081907 1 1360 560 438
8237 4991 81081917 1 1380 570 436
8326 5219 81081927 1 1380 570 414
8403 5436 81081937 1 1390 560 394
8443 5631 81081947 1 1400 560 382
8443 5811 81081957 1 1400 560 369
8427 5981 81081967 1 1420 570 363
8377 6113 81081977 1 1430 560 369
8307 6192 81081987 1 1430 560 369
8223 6236 81081997 1 1440 560 369
8146 6236 81082007 1 1440 560 363
8067 6198 81082017 1 1460 550 363
7985 6133 81082027 1 1470 550 361
7897 6027 81082037 1 1470 550 358
7803 5878 81082047 1 1470 550 356
7722 5700 81082057 1 1480 540 363
7659 5525 81082067 1 1470 530 364
7607 5317 81082077 1 1470 530 369
7577 5087 81082087 1 1480 530 361
7562 4844 81082097 1 1480 530 362
7557 4615 81082107 1 1470 520 374
7565 4395 81082117 1 1470 520 371
7586 4176 81082127 1 1460 530 376
7616 3987 81082137 1 1460 530 377
7661 3817 81082147 1 1450 530 384
7722 3665 81082157 1 1430 530 398
7793 3552 81082167 1 1430 530 391
7880 3464 81082177 1 1420 540 394
7969 3388 81082187 1 1410 550 397
8060 3336 81082197 1 1410 550 404
8156 3299 81082207 1 1400 550 402
8260 3299 81082217 1 1400 550 402
8372 3333 81082227 1 1390 560 394
8483 3387 81082237 1 1390 560 399
8582 3465 81082247 1 1390 560 394
8673 3566 81082257 1 1390 560 387
8761 3683 81082267 1 1390 560 387
8839 3814 81082277 1 1390 560 391
8911 3922 81082280 1 1390 560 391
8961 4014 81082290 1 1400 560 393
8986 4072 81082300 1 1400 560 394
8994 4103 81082310 1 1400 560 389
8994 4116 81082320 1 1420 570 382
8985 4116 81082330 1 1420 570 376
8970 4116 81082340 1 1430 560 376
8945 4085 81082350 1 1430 560 381
8919 4040 81082360 1 1440 570 381
8892 3976 81082370 1 1440 570 387
8892 3908 81082380 1 1450 560 394
8892 3833 81082390 1 1450 560 398
8913 3766 81082400 1 1450 560 394
8945 3707 81082410 1 1450 560 394
8986 3671 81082420 1 1450 560 398
9042 3657 81082430 1 1450 560 396
9109 3657 81082440 1 1450 560 389
9195 3678 81082450 1 1450 560 391
9298 3721 81082460 1 1440 570 388
9412 3781 81082470 1 1440 570 388
9528 3841 81082480 1 1440 570 388
9634 3877 81082490 1 1440 570 388
9733 3898 81082500 1 1440 570 388
9810 3887 81082510 1 1440 560 389
9882 3855 81082520 1 1440 560 391
9951 3808 81082530 1 1440 560 391
10014 3746 81082540 1 1440 570 396
10078 3690 81082550 1 1440 570 400
10148 3638 81082560 1 1440 570 413
10224 3591 81082570 1 1440 570 422
10323 3558 81082570 1 1440 570 420
10436 3535 81082580 1 1440 570 425
10565 3535 81082590 1 1440 570 433
10698 3547 81082600 1 1470 560 438
10846 3571 81082610 1 1460 570 441
11003 3587 81082620 1 1460 570 441
11137 3597 81082630 1 1460 570 441
11238 3588 81082640 1 1440 580 436
11318 3568 81082650 1 1440 580 402
11377 3547 81082660 1 1440 580 312
11410 3535 81082670 1 1430 590 70
10123 4532 81082860 0 1450 540 165
10123 4532 81082870 1 1460 530 117
10133 4572 81082880 1 1460 530 93
10149 4563 81082890 1 1460 530 95
10185 4538 81082900 1 1460 530 100
10226 4510 81082910 1 1460 530 107
10270 4481 81082920 1 1470 520 112
10316 4449 81082930 1 1470 520 113
10364 4416 81082940 1 1460 530 103
8999 4445 81083151 0 1440 500 88
8944 4450 81083161 1 1440 500 108
8935 4470 81083171 1 1440 500 104
8935 4465 81083181 1 1440 500 104
8960 4455 81083191 1 1440 500 96
8997 4436 81083201 1 1430 510 103
9044 4411 81083211 1 1430 510 101
9101 4380 81083221 1 1430 510 53
