193
3412 5184 8734699 0 1690 440 540
3489 5117 8734709 1 1680 440 567
3498 5243 8734719 1 1670 450 562
3498 5279 8734729 1 1650 460 533
3512 5254 8734739 1 1650 470 538
3534 5290 8734749 1 1630 480 545
3558 5330 8734759 1 1630 480 572
3558 5372 8734769 1 1620 490 589
3533 5397 8734779 1 1620 490 592
3495 5397 8734789 1 1610 480 603
3417 5372 8734799 1 1610 490 646
3287 5295 8734809 1 1610 490 697
3122 5183 8734819 1 1600 500 727
2957 5048 8734829 1 1600 500 768
2844 4929 8734839 1 1600 500 791
2766 4836 8734849 1 1590 510 784
2743 4760 8734859 1 1580 510 787
2768 4733 8734869 1 1580 510 783
2825 4733 8734879 1 1570 520 793
2916 4746 8734889 1 1570 520 762
3032 4798 8734899 1 1570 520 748
3164 4859 8734909 1 1570 520 739
3260 4925 8734919 1 1570 520 739
3332 4977 8734929 1 1580 510 740
3389 5013 8734939 1 1580 510 746
3426 5039 8734949 1 1560 510 754
3444 5057 8734959 1 1560 510 768
3444 5062 8734969 1 1560 510 790
3444 5062 8734979 1 1560 510 797
3444 5057 8734989 1 1560 510 794
3444 5052 8734999 1 1560 510 796
3428 5038 8735009 1 1550 510 785
3405 4976 8735019 1 1550 510 788
3367 4883 8735029 1 1550 510 790
3323 4718 8735039 1 1550 510 805
3274 4490 8735049 1 1550 510 809
3147 4221 8735059 1 1550 510 809
3063 3973 8735069 1 1540 520 820
3008 3780 8735079 1 1540 520 851
2955 3624 8735089 1 1540 520 884
2900 3518 8735099 1 1520 530 900
2823 3422 8735109 1 1520 530 926
2732 3333 8735119 1 1510 530 939
2612 3262 8735129 1 1510 530 951
2482 3206 8735139 1 1510 530 935
2345 3161 8735149 1 1500 540 934
2217 3145 8735159 1 1500 540 933
2089 3154 8735169 1 1500 540 947
1960 3179 8735179 1 1490 550 941
1856 3223 8735189 1 1500 550 929
1779 3267 8735199 1 1500 550 908
1720 3312 8735209 1 1490 560 836
1685 3351 8735219 1 1490 560 700
1685 3388 8735229 1 1490 560 415
4018 4493 8735350 0 1530 550 242
4394 4665 8735360 1 1510 540 237
4521 4760 8735370 1 1520 540 218
4622 4839 8735380 1 1520 540 221
4706 4926 8735390 1 1510 530 272
4772 5005 8735400 1 1530 530 361
4795 5078 8735410 1 1530 530 420
4790 5134 8735420 1 1530 530 473
4783 5188 8735430 1 1540 520 520
4753 5234 8735440 1 1540 520 561
4708 5270 8735450 1 1540 520 611
4636 5270 8735460 1 1540 520 667
4522 5248 8735470 1 1540 520 719
4381 5169 8735480 1 1550 520 767
4209 5059 8735490 1 1550 520 812
4074 4928 8735500 1 1550 520 822
3964 4830 8735510 1 1550 520 825
3933 4770 8735520 1 1550 520 825
3939 4735 8735530 1 1550 520 817
3969 4712 8735540 1 1550 520 790
4033 4719 8735541 1 1550 520 720
4148 4747 8735551 1 1550 520 614
4298 4825 8735561 1 1550 520 520
4427 4899 8735571 1 1550 520 496
4508 4971 8735581 1 1550 520 504
4558 4981 8735591 1 1540 520 554
4584 4953 8735601 1 1540 520 653
4597 4900 8735611 1 1540 520 734
4597 4794 8735621 1 1540 520 797
4586 4687 8735631 1 1540 520 842
4593 4600 8735641 1 1530 530 860
4614 4527 8735651 1 1530 530 882
4659 4481 8735661 1 1520 530 890
4731 4460 8735671 1 1520 530 888
4821 4460 8735681 1 1520 530 885
4924 4498 8735691 1 1530 530 881
5065 4588 8735701 1 1530 530 861
5232 4710 8735711 1 1530 530 824
5397 4887 8735721 1 1520 540 794
5554 5110 8735731 1 1520 540 761
5706 5365 8735741 1 1530 540 742
5865 5629 8735751 1 1530 540 754
5973 5800 8735761 1 1550 540 757
6047 5910 8735771 1 1550 540 788
6082 5957 8735781 1 1570 540 818
6090 5978 8735791 1 1580 540 851
6080 5978 8735801 1 1590 530 855
6065 5978 8735811 1 1610 520 857
6023 5978 8735821 1 1620 530 858
5964 5935 8735831 1 1640 530 857
5885 5871 8735841 1 1640 520 857
5806 5791 8735851 1 1660 520 866
5726 5716 8735861 1 1660 510 866
5658 5644 8735871 1 1660 510 867
5593 5553 8735881 1 1670 500 853
5530 5457 8735891 1 1680 500 854
5485 5351 8735901 1 1680 500 858
5444 5240 8735911 1 1680 490 861
5412 5138 8735921 1 1680 490 863
5388 5040 8735931 1 1680 500 866
5380 4945 8735941 1 1680 500 866
5380 4855 8735951 1 1680 500 864
5400 4780 8735961 1 1670 510 875
5424 4714 8735971 1 1660 510 884
5458 4666 8735981 1 1660 520 897
5505 4625 8735991 1 1660 520 900
5561 4589 8736001 1 1650 530 921
5627 4567 8736011 1 1640 530 933
5699 4558 8736021 1 1630 540 945
5784 4558 8736031 1 1630 540 942
5880 4581 8736041 1 1630 540 951
5983 4621 8736051 1 1630 550 942
6092 4673 8736061 1 1630 550 932
6205 4743 8736071 1 1630 550 902
6311 4853 8736081 1 1630 550 872
6414 4991 8736091 1 1630 550 861
6502 5130 8736101 1 1630 550 861
6558 5225 8736111 1 1630 550 863
6592 5292 8736121 1 1640 550 866
6602 5316 8736131 1 1640 550 861
6585 5322 8736141 1 1640 550 866
6551 5316 8736151 1 1640 550 857
6437 5251 8736161 1 1650 550 893
6298 5157 8736171 1 1650 550 918
6143 5043 8736181 1 1660 540 935
6053 4922 8736191 1 1660 540 961
5999 4832 8736201 1 1660 540 977
5969 4763 8736211 1 1660 540 988
5969 4728 8736221 1 1660 540 997
5992 4704 8736231 1 1660 540 978
6024 4688 8736241 1 1650 550 977
6088 4688 8736251 1 1650 550 989
6203 4720 8736261 1 1640 550 959
6353 4765 8736271 1 1640 550 929
6500 4820 8736281 1 1640 550 893
6651 4881 8736291 1 1640 550 861
6834 4945 8736301 1 1640 550 855
7037 4997 8736311 1 1640 550 863
7214 5035 8736321 1 1640 550 864
7393 5065 8736331 1 1640 550 869
7544 5083 8736341 1 1650 550 879
7675 5098 8736351 1 1650 550 897
7788 5105 8736361 1 1650 550 892
7889 5105 8736371 1 1650 550 900
7983 5096 8736381 1 1670 550 912
8050 5085 8736391 1 1670 550 923
8092 5067 8736401 1 1670 550 933
8117 5042 8736411 1 1690 540 944
8130 5004 8736421 1 1690 540 937
8125 4958 8736431 1 1700 550 953
8107 4903 8736441 1 1700 540 968
8075 4846 8736451 1 1720 540 974
8021 4778 8736461 1 1720 540 979
7952 4703 8736471 1 1730 540 996
7867 4636 8736481 1 1730 550 1023
7786 4584 8736491 1 1730 550 1023
7707 4543 8736501 1 1730 550 1023
7637 4510 8736511 1 1730 550 1023
7571 4487 8736521 1 1710 550 1023
7509 4471 8736531 1 1710 560 1023
7444 4471 8736541 1 1710 560 1023
7343 4485 8736551 1 1710 560 1014
7222 4505 8736561 1 1710 560 924
7072 4534 8736571 1 1710 570 760
6892 4576 8736581 1 1710 570 237
5405 5297 8737784 0 1620 450 470
5398 5393 8737794 1 1620 460 507
5376 5393 8737804 1 1620 460 522
5376 5393 8737814 1 1620 470 559
5376 5388 8737824 1 1620 480 636
5381 5388 8737834 1 1620 480 711
5393 5388 8737844 1 1610 480 793
5488 5388 8737854 1 1610 480 860
5638 5412 8737864 1 1610 490 879
5904 5447 8737874 1 1620 500 899
6209 5491 8737884 1 1610 500 896
6539 5533 8737894 1 1610 500 876
6894 5569 8737904 1 1620 510 796
7215 5583 8737914 1 1630 520 515
