238
2052 6304 81087547 0 1430 460 20
2024 6161 81087557 1 1440 470 67
2002 5996 81087567 1 1430 480 85
1978 5785 81087577 1 1430 480 103
1952 5550 81087587 1 1440 480 144
1916 5229 81087597 1 1430 490 165
1873 4851 81087607 1 1430 490 172
1836 4500 81087617 1 1420 490 170
1799 4148 81087627 1 1420 500 172
1764 3837 81087637 1 1410 510 182
1731 3554 81087647 1 1400 520 178
1706 3372 81087657 1 1390 520 178
1684 3227 81087667 1 1370 530 180
1671 3107 81087677 1 1360 540 207
1665 3089 81087687 1 1350 540 198
1665 3126 81087697 1 1340 550 180
1665 3199 81087707 1 1320 550 165
1658 3379 81087717 1 1310 560 161
1674 3619 81087727 1 1300 560 160
1694 3898 81087737 1 1300 560 158
1737 4224 81087747 1 1280 570 161
1792 4567 81087757 1 1280 570 160
1873 4922 81087767 1 1280 570 161
1986 5243 81087777 1 1280 570 156
2120 5564 81087787 1 1280 570 151
2291 5833 81087797 1 1280 570 153
2466 6068 81087807 1 1280 570 155
2657 6236 81087817 1 1300 560 158
2857 6354 81087827 1 1310 560 160
3029 6439 81087837 1 1320 550 161
3179 6449 81087847 1 1340 550 165
3313 6375 81087857 1 1350 540 187
3382 6244 81087867 1 1360 540 191
3408 6058 81087877 1 1390 520 205
3408 5827 81087887 1 1400 520 210
3365 5565 81087897 1 1400 520 213
3299 5294 81087907 1 1410 510 215
3214 5026 81087917 1 1410 510 215
3091 4759 81087927 1 1410 510 205
2958 4553 81087937 1 1410 510 191
2819 4372 81087947 1 1420 500 178
2655 4207 81087957 1 1410 510 170
2483 4091 81087967 1 1410 510 171
2306 4023 81087977 1 1410 510 178
2161 3987 81087987 1 1400 520 191
2060 3996 81087997 1 1400 520 222
1988 4022 81088007 1 1390 520 226
1969 4060 81088017 1 1390 520 225
1979 4088 81088027 1 1390 520 225
2007 4113 81088037 1 1370 530 221
2063 4133 81088047 1 1360 520 221
2141 4125 81088057 1 1360 520 223
2233 4100 81088067 1 1360 520 233
2350 4031 81088077 1 1360 520 249
2472 3930 81088087 1 1360 520 250
2613 3807 81088097 1 1360 520 264
2764 3679 81088107 1 1360 520 277
2898 3567 81088117 1 1360 520 287
3036 3467 81088127 1 1350 520 281
3181 3376 81088137 1 1350 520 289
3329 3298 81088147 1 1350 520 292
3468 3229 81088157 1 1340 520 292
3615 3189 81088167 1 1340 520 292
3774 3173 81088177 1 1340 520 289
3918 3173 81088187 1 1340 520 276
4050 3211 81088197 1 1340 520 285
4195 3285 81088207 1 1340 520 284
4335 3385 81088217 1 1340 520 280
4463 3499 81088227 1 1340 520 280
4584 3624 81088237 1 1340 520 279
4690 3757 81088247 1 1330 530 279
4771 3893 81088257 1 1330 530 280
4836 3991 81088267 1 1330 530 280
4868 4064 81088277 1 1330 530 282
4879 4102 81088287 1 1340 520 285
4879 4119 81088297 1 1340 520 273
4862 4119 81088307 1 1340 520 273
4837 4119 81088317 1 1340 520 282
4805 4095 81088327 1 1350 520 297
4752 4063 81088337 1 1350 520 316
4692 4017 81088347 1 1350 520 319
4626 3948 81088357 1 1350 520 344
4562 3864 81088367 1 1360 510 351
4503 3729 81088377 1 1360 510 373
4451 3593 81088387 1 1360 510 379
4417 3440 81088397 1 1360 510 386
4395 3277 81088407 1 1360 510 394
4395 3113 81088417 1 1360 510 393
4395 2990 81088427 1 1350 520 393
4427 2895 81088437 1 1350 520 394
4470 2846 81088447 1 1350 520 396
4527 2840 81088457 1 1340 520 388
4611 2862 81088467 1 1330 520 388
4712 2928 81088477 1 1330 520 391
4838 3029 81088487 1 1330 520 392
4955 3153 81088497 1 1310 520 392
5065 3289 81088507 1 1330 530 386
5167 3422 81088517 1 1330 530 371
5245 3550 81088527 1 1310 540 342
5307 3673 81088537 1 1310 540 305
5330 3796 81088547 1 1310 540 314
5330 3920 81088557 1 1310 540 317
5319 3983 81088567 1 1310 540 312
5310 4001 81088577 1 1310 540 310
5305 3990 81088587 1 1340 540 314
5305 3964 81088597 1 1340 540 334
5305 3893 81088607 1 1340 540 341
5300 3792 81088617 1 1350 530 358
5317 3680 81088627 1 1350 530 361
5345 3574 81088637 1 1350 530 379
5401 3473 81088647 1 1350 530 389
5478 3365 81088657 1 1350 530 399
5569 3257 81088667 1 1350 530 389
5670 3173 81088677 1 1340 520 388
5779 3107 81088687 1 1360 520 392
5894 3066 81088697 1 1360 520 392
5995 3046 81088707 1 1360 520 392
6093 3041 81088717 1 1360 520 394
6188 3062 81088727 1 1350 530 392
6294 3113 81088737 1 1350 530 392
6399 3184 81088747 1 1350 530 394
6503 3288 81088757 1 1340 540 394
6604 3413 81088767 1 1340 540 391
6703 3551 81088777 1 1340 540 389
6815 3709 81088787 1 1350 540 396
6927 3898 81088797 1 1350 540 389
7032 4108 81088807 1 1340 550 379
7131 4341 81088817 1 1350 550 373
7240 4588 81088827 1 1350 550 341
7327 4845 81088837 1 1350 550 325
7399 5103 81088847 1 1350 550 304
7434 5350 81088857 1 1350 550 307
7434 5559 81088867 1 1360 550 306
7407 5747 81088877 1 1380 550 304
7359 5906 81088887 1 1380 550 307
7306 6030 81088897 1 1380 550 304
7250 6132 81088907 1 1390 550 304
7212 6222 81088917 1 1400 550 307
7179 6289 81088927 1 1410 550 307
7153 6341 81088937 1 1420 540 306
7129 6356 81088947 1 1420 540 294
7102 6333 81088957 1 1430 530 291
7064 6284 81088967 1 1430 530 291
7020 6169 81088977 1 1460 530 296
6974 5989 81088987 1 1460 530 299
6926 5767 81088997 1 1470 520 302
6876 5532 81089007 1 1470 520 307
6826 5257 81089017 1 1470 520 314
6784 4955 81089027 1 1470 520 314
6770 4672 81089037 1 1460 520 339
6770 4423 81089047 1 1450 530 349
6796 4196 81089057 1 1450 530 363
6841 3983 81089067 1 1450 530 371
6900 3799 81089077 1 1430 530 362
6973 3634 81089087 1 1420 530 371
7051 3526 81089097 1 1410 530 372
7152 3441 81089107 1 1410 530 376
7265 3371 81089117 1 1400 540 377
7402 3332 81089127 1 1390 550 377
7541 3325 81089137 1 1390 550 379
7683 3340 81089147 1 1360 550 382
7840 3394 81089157 1 1360 550 381
8005 3469 81089167 1 1350 550 386
8145 3558 81089177 1 1350 550 386
8288 3657 81089187 1 1350 550 384
8424 3768 81089197 1 1350 550 386
8555 3887 81089207 1 1360 560 382
8660 3983 81089217 1 1360 560 377
8742 4060 81089227 1 1360 560 372
8808 4124 81089237 1 1360 560 362
8845 4172 81089247 1 1350 550 373
8864 4199 81089257 1 1350 550 371
8871 4213 81089267 1 1360 550 369
8871 4213 81089277 1 1360 550 368
8863 4213 81089287 1 1360 550 366
8863 4213 81089297 1 1360 550 369
8847 4205 81089307 1 1380 550 367
8830 4156 81089317 1 1390 550 389
8816 4083 81089327 1 1390 550 388
8804 3980 81089337 1 1390 550 392
8798 3871 81089347 1 1370 540 392
8798 3758 81089357 1 1390 550 396
8826 3687 81089367 1 1390 550 396
8862 3644 81089377 1 1390 550 399
8913 3619 81089387 1 1390 550 399
8969 3614 81089397 1 1390 550 399
9033 3634 81089407 1 1390 560 400
9111 3672 81089417 1 1390 560 399
9199 3733 81089427 1 1390 560 399
9288 3818 81089437 1 1390 560 399
9379 3920 81089430 1 1400 560 400
9470 4000 81089440 1 1400 560 402
9537 4053 81089450 1 1400 560 402
9590 4088 81089460 1 1410 560 400
9627 4097 81089470 1 1410 560 397
9654 4076 81089480 1 1410 560 407
9675 4034 81089490 1 1410 560 407
9692 3954 81089500 1 1430 560 410
9712 3853 81089510 1 1430 560 417
9741 3738 81089520 1 1430 560 418
9778 3655 81089530 1 1430 560 422
9825 3595 81089540 1 1430 560 423
9892 3550 81089550 1 1410 560 415
9971 3528 81089560 1 1410 560 414
10054 3528 81089570 1 1410 560 418
10138 3549 81089580 1 1410 560 415
10235 3586 81089590 1 1410 560 418
10339 3634 81089600 1 1400 560 417
10444 3690 81089610 1 1420 570 415
10547 3740 81089620 1 1420 570 418
10634 3784 81089630 1 1420 570 422
10711 3789 81089640 1 1420 570 420
10772 3769 81089650 1 1400 580 425
10830 3706 81089660 1 1400 580 440
10886 3637 81089670 1 1400 580 439
10944 3560 81089680 1 1420 580 442
11004 3484 81089690 1 1420 580 443
11064 3425 81089700 1 1420 580 443
11115 3375 81089710 1 1420 580 436
11162 3348 81089720 1 1420 580 389
11193 3342 81089730 1 1420 580 320
11211 3350 81089740 1 1420 580 148
10001 4689 81089931 0 1450 540 202
10001 4689 81089941 1 1430 530 176
9956 4720 81089951 1 1430 530 163
9963 4748 81089961 1 1450 530 146
9990 4732 81089971 1 1450 530 146
10030 4713 81089981 1 1450 530 144
10072 4685 81089991 1 1450 530 146
10117 4651 81090001 1 1460 530 144
10154 4615 81090011 1 1450 540 90
8857 4624 81090201 0 1440 490 289
8811 4550 81090211 1 1440 480 270
8794 4564 81090221 1 1440 480 235
8777 4615 81090231 1 1440 480 207
8805 4597 81090241 1 1440 480 210
8862 4559 81090251 1 1430 490 182
8929 4507 81090261 1 1430 490 96
