352
3684 4598 2634468 0 1320 450 119
3689 4575 2634478 1 1320 450 132
3689 4575 2634488 1 1320 450 141
3689 4575 2634498 1 1310 450 146
3715 4568 2634508 1 1320 460 143
3748 4568 2634518 1 1320 460 191
3778 4577 2634528 1 1310 460 242
3822 4600 2634538 1 1320 470 284
3875 4638 2634548 1 1320 470 296
3939 4685 2634558 1 1320 470 305
4005 4744 2634568 1 1330 470 312
4075 4820 2634578 1 1330 470 320
4136 4908 2634588 1 1330 470 340
4192 4988 2634598 1 1340 480 368
4215 5065 2634608 1 1340 480 391
4222 5136 2634618 1 1340 480 418
4222 5197 2634628 1 1340 480 439
4199 5250 2634638 1 1340 480 463
4162 5296 2634648 1 1350 470 465
4113 5340 2634658 1 1350 470 485
4050 5378 2634668 1 1360 480 491
3989 5400 2634678 1 1360 480 515
3933 5411 2634688 1 1370 470 515
3881 5394 2634698 1 1370 470 522
3819 5337 2634708 1 1370 470 526
3751 5253 2634718 1 1370 470 527
3656 5137 2634728 1 1380 470 532
3564 5004 2634738 1 1380 470 535
3489 4859 2634748 1 1380 470 540
3423 4707 2634758 1 1370 460 543
3373 4561 2634768 1 1360 470 551
3345 4405 2634778 1 1360 470 561
3331 4241 2634788 1 1360 470 565
3338 4106 2634798 1 1360 470 570
3373 3996 2634808 1 1350 470 567
3426 3904 2634818 1 1340 470 574
3506 3834 2634828 1 1340 470 583
3617 3795 2634838 1 1340 480 585
3748 3777 2634848 1 1340 480 603
3868 3800 2634858 1 1340 480 616
4000 3853 2634868 1 1330 480 617
4139 3927 2634878 1 1330 480 617
4273 4011 2634888 1 1340 490 627
4377 4095 2634898 1 1330 500 627
4462 4179 2634908 1 1330 500 630
4509 4245 2634918 1 1340 500 633
4529 4288 2634928 1 1340 500 638
4529 4316 2634938 1 1340 500 636
4524 4324 2634948 1 1340 500 625
4506 4324 2634958 1 1340 500 622
4481 4324 2634968 1 1340 500 616
4435 4302 2634978 1 1340 500 617
4379 4264 2634988 1 1340 500 617
4316 4215 2634998 1 1350 510 619
4261 4166 2635008 1 1350 510 619
4221 4117 2635018 1 1350 510 617
4191 4059 2635028 1 1350 510 619
4157 3989 2635038 1 1350 510 617
4127 3911 2635048 1 1350 510 617
4105 3837 2635058 1 1350 510 616
4093 3779 2635068 1 1350 510 616
4093 3733 2635078 1 1340 510 616
4093 3704 2635088 1 1340 510 617
4093 3662 2635098 1 1340 510 624
4081 3611 2635108 1 1340 510 630
4064 3556 2635118 1 1330 520 647
4039 3499 2635128 1 1330 520 646
3994 3408 2635138 1 1330 520 665
3936 3295 2635148 1 1310 520 664
3859 3145 2635158 1 1310 520 681
3763 2991 2635168 1 1310 520 699
3655 2823 2635178 1 1300 530 720
3553 2646 2635188 1 1300 530 746
3471 2525 2635198 1 1300 530 750
3401 2418 2635208 1 1290 530 759
3339 2321 2635218 1 1290 530 782
3282 2264 2635228 1 1290 530 790
3239 2240 2635238 1 1280 540 799
3203 2240 2635248 1 1280 540 796
3160 2257 2635258 1 1280 540 785
3098 2310 2635268 1 1280 540 739
3022 2386 2635278 1 1280 540 649
2950 2503 2635288 1 1280 540 533
2931 2650 2635298 1 1280 540 301
5369 4095 2636160 0 1330 440 217
5369 4095 2636170 1 1340 450 212
5419 4192 2636180 1 1340 450 279
5376 4221 2636190 1 1340 450 312
5341 4246 2636200 1 1340 450 351
5279 4246 2636210 1 1340 450 389
5200 4236 2636220 1 1340 450 418
5096 4195 2636230 1 1340 450 464
4998 4139 2636240 1 1340 450 494
4931 4074 2636250 1 1350 450 520
4882 3987 2636260 1 1350 450 515
4854 3872 2636270 1 1350 450 522
4845 3739 2636280 1 1340 460 532
4845 3654 2636290 1 1340 460 537
4874 3613 2636300 1 1340 460 538
4922 3602 2636310 1 1330 460 537
4986 3617 2636320 1 1330 460 537
5074 3672 2636330 1 1330 460 533
5163 3753 2636340 1 1330 460 538
5252 3862 2636350 1 1330 460 532
5308 3966 2636360 1 1330 460 533
5345 4047 2636370 1 1320 470 538
5362 4115 2636380 1 1320 470 536
5362 4151 2636390 1 1320 470 537
5362 4151 2636400 1 1320 470 536
5362 4136 2636410 1 1320 470 554
5362 4096 2636420 1 1320 470 570
5351 4025 2636430 1 1320 470 567
5338 3934 2636440 1 1320 470 570
5338 3837 2636450 1 1330 460 578
5338 3739 2636460 1 1330 460 583
5352 3663 2636470 1 1330 460 591
5377 3603 2636480 1 1340 460 595
5404 3540 2636490 1 1340 460 586
5432 3488 2636500 1 1330 460 591
5461 3444 2636510 1 1330 460 592
5487 3418 2636520 1 1330 460 608
5512 3404 2636530 1 1320 470 599
5539 3397 2636540 1 1320 470 605
5566 3397 2636550 1 1320 470 611
5589 3409 2636560 1 1310 470 614
5609 3425 2636570 1 1310 470 614
5631 3451 2636580 1 1300 480 614
5651 3480 2636590 1 1300 480 624
5667 3512 2636600 1 1300 480 627
5680 3535 2636610 1 1280 480 620
5692 3556 2636620 1 1280 480 622
5701 3571 2636630 1 1280 480 622
5708 3583 2636640 1 1280 480 622
5714 3592 2636650 1 1280 480 624
5720 3599 2636660 1 1280 480 624
5720 3599 2636670 1 1280 480 624
5720 3607 2636680 1 1280 480 625
5720 3607 2636690 1 1280 480 625
5725 3607 2636700 1 1280 480 627
5725 3607 2636710 1 1280 480 631
5725 3607 2636720 1 1280 480 639
5725 3613 2636730 1 1280 480 644
5731 3613 2636740 1 1280 480 636
5737 3626 2636750 1 1280 480 637
5749 3639 2636760 1 1280 480 638
5769 3655 2636770 1 1280 480 638
5799 3687 2636780 1 1290 490 641
5833 3728 2636790 1 1290 490 643
5867 3774 2636800 1 1290 490 646
5906 3840 2636810 1 1290 490 649
5955 3916 2636820 1 1320 490 649
6013 3998 2636830 1 1320 490 647
6077 4085 2636840 1 1320 490 650
6141 4182 2636850 1 1330 480 653
6203 4286 2636860 1 1340 490 655
6246 4397 2636870 1 1350 490 655
6279 4508 2636880 1 1350 490 658
6309 4620 2636890 1 1350 490 656
6335 4701 2636900 1 1370 480 658
6357 4746 2636910 1 1370 480 659
6363 4768 2636920 1 1380 480 656
6363 4768 2636930 1 1380 480 656
6363 4768 2636940 1 1400 480 650
6363 4762 2636950 1 1400 480 646
6355 4757 2636960 1 1400 480 647
6330 4707 2636970 1 1420 470 650
6292 4595 2636980 1 1420 470 655
6234 4442 2636990 1 1420 470 652
6178 4241 2637000 1 1420 470 653
6130 4039 2637010 1 1420 470 655
6112 3853 2637020 1 1400 480 661
6112 3678 2637030 1 1400 480 670
6140 3571 2637040 1 1400 480 664
6182 3489 2637050 1 1390 480 670
6234 3423 2637060 1 1410 490 679
6289 3373 2637070 1 1410 490 687
6343 3339 2637080 1 1400 500 687
6397 3317 2637090 1 1400 500 672
6456 3317 2637100 1 1380 500 617
6520 3333 2637110 1 1380 500 405
5984 4116 2637232 0 1370 500 398
5984 4116 2637242 1 1370 500 417
5984 4116 2637252 1 1380 490 422
5984 4116 2637262 1 1370 480 440
5984 4116 2637272 1 1380 480 466
6108 4075 2637282 1 1380 480 486
6216 4088 2637292 1 1380 480 492
6356 4105 2637302 1 1390 470 498
6487 4105 2637312 1 1390 470 427
6612 4084 2637322 1 1390 470 254
6556 3716 2637913 0 1370 460 122
6556 3716 2637923 1 1360 460 183
6556 3716 2637933 1 1360 460 245
6556 3716 2637943 1 1350 460 307
6556 3716 2637953 1 1350 460 346
6556 3716 2637963 1 1350 460 389
6502 3791 2637973 1 1360 470 430
6496 3796 2637983 1 1360 470 450
6496 3796 2637993 1 1360 470 465
6496 3796 2638003 1 1360 470 473
6496 3796 2638013 1 1360 470 483
6496 3796 2638023 1 1360 470 491
6496 3796 2638033 1 1360 470 492
6496 3796 2638043 1 1360 470 497
6496 3796 2638053 1 1360 470 501
6506 3787 2638063 1 1360 470 512
6515 3777 2638073 1 1360 470 515
6530 3762 2638083 1 1360 470 527
6546 3744 2638093 1 1360 470 540
6564 3724 2638103 1 1360 470 537
6583 3709 2638113 1 1360 470 562
6601 3697 2638123 1 1360 470 570
6623 3687 2638133 1 1360 470 569
6645 3678 2638143 1 1360 470 581
6667 3669 2638153 1 1360 470 591
6685 3663 2638163 1 1350 460 595
6699 3655 2638173 1 1350 460 588
6716 3647 2638183 1 1350 460 602
6734 3636 2638193 1 1350 460 605
6752 3622 2638203 1 1350 460 613
6773 3606 2638213 1 1350 460 616
6795 3589 2638223 1 1340 470 617
6821 3571 2638233 1 1340 470 625
6852 3552 2638243 1 1340 470 641
6882 3538 2638253 1 1350 470 636
6911 3528 2638263 1 1350 470 647
6943 3528 2638273 1 1350 470 659
6981 3528 2638283 1 1360 480 661
7027 3542 2638293 1 1360 480 667
7084 3572 2638303 1 1360 480 670
7152 3623 2638313 1 1370 480 670
7227 3688 2638323 1 1370 480 671
7301 3763 2638333 1 1380 490 673
7351 3837 2638343 1 1380 490 663
7386 3911 2638353 1 1380 490 664
7407 3962 2638363 1 1400 500 667
7412 4009 2638373 1 1400 500 669
7406 4047 2638383 1 1410 490 670
7381 4079 2638393 1 1420 490 650
7329 4105 2638403 1 1420 490 647
7259 4128 2638413 1 1430 490 639
7186 4128 2638423 1 1430 490 628
7119 4119 2638433 1 1440 480 622
7062 4087 2638443 1 1440 480 614
7010 4014 2638453 1 1440 480 616
6957 3915 2638463 1 1450 470 616
6900 3752 2638473 1 1450 470 622
6843 3591 2638483 1 1450 470 630
6794 3432 2638493 1 1450 470 633
6765 3259 2638503 1 1450 470 644
6750 3100 2638513 1 1440 480 638
6762 2976 2638523 1 1440 480 643
6809 2872 2638533 1 1430 480 647
6879 2802 2638543 1 1420 480 662
6971 2777 2638553 1 1420 480 663
7088 2777 2638563 1 1430 490 675
7222 2815 2638573 1 1420 490 681
7348 2859 2638583 1 1420 490 688
7446 2911 2638593 1 1410 500 694
7526 2963 2638603 1 1410 500 693
7601 3025 2638613 1 1420 500 693
7681 3095 2638623 1 1410 510 696
7792 3179 2638633 1 1410 510 693
7921 3267 2638643 1 1420 520 697
8042 3358 2638653 1 1430 520 699
8137 3420 2638663 1 1430 520 702
8215 3451 2638673 1 1450 530 691
8242 3462 2638683 1 1450 530 691
8252 3462 2638693 1 1460 530 694
8252 3462 2638703 1 1460 530 699
8252 3462 2638713 1 1470 530 703
8252 3447 2638723 1 1470 530 717
8261 3431 2638733 1 1480 540 731
8261 3416 2638743 1 1480 540 731
8261 3409 2638753 1 1480 540 742
8261 3409 2638763 1 1480 540 755
8261 3409 2638773 1 1510 530 750
8261 3409 2638783 1 1510 530 756
8261 3409 2638793 1 1510 530 756
8246 3409 2638803 1 1510 530 754
8224 3400 2638813 1 1510 530 754
8201 3390 2638823 1 1510 530 754
8178 3378 2638833 1 1510 530 754
8168 3365 2638843 1 1510 530 756
8159 3356 2638853 1 1510 530 757
8153 3351 2638863 1 1510 530 760
8153 3351 2638873 1 1510 530 763
8153 3351 2638883 1 1510 530 771
8153 3351 2638893 1 1520 530 777
8153 3351 2638903 1 1520 530 782
8153 3357 2638913 1 1520 530 779
8153 3366 2638923 1 1520 530 780
8153 3379 2638933 1 1520 530 782
8159 3407 2638943 1 1520 530 777
8170 3445 2638953 1 1520 530 782
8186 3490 2638963 1 1520 530 780
8207 3547 2638973 1 1520 530 779
8227 3605 2638983 1 1520 530 779
8245 3663 2638993 1 1520 530 779
8245 3703 2639003 1 1520 530 773
8236 3735 2639013 1 1520 530 774
8216 3761 2639023 1 1520 530 770
8186 3788 2639033 1 1520 530 768
8148 3810 2639043 1 1500 520 760
8112 3821 2639053 1 1510 510 756
8076 3813 2639063 1 1510 510 754
8043 3793 2639073 1 1510 510 756
8013 3753 2639083 1 1520 510 757
7986 3695 2639093 1 1520 510 760
7958 3624 2639103 1 1520 510 762
7928 3539 2639113 1 1520 510 767
7901 3450 2639123 1 1520 510 768
7879 3353 2639133 1 1520 510 773
7865 3253 2639143 1 1520 510 780
7865 3167 2639153 1 1520 510 788
7870 3090 2639163 1 1500 510 791
7882 3024 2639173 1 1500 510 794
7896 2973 2639183 1 1500 510 783
7916 2933 2639193 1 1490 520 787
7945 2895 2639203 1 1490 520 794
7983 2863 2639213 1 1490 520 796
8027 2835 2639223 1 1480 530 796
8073 2818 2639233 1 1480 530 799
8124 2808 2639243 1 1480 530 800
8182 2808 2639253 1 1480 530 803
8258 2808 2639263 1 1480 530 806
8344 2818 2639273 1 1480 530 806
8423 2826 2639283 1 1480 540 803
8473 2806 2639293 1 1480 540 806
8504 2782 2639303 1 1480 540 806
8524 2751 2639313 1 1480 540 808
8532 2715 2639323 1 1500 540 811
8532 2678 2639333 1 1500 540 818
8521 2641 2639343 1 1500 540 820
8492 2604 2639353 1 1500 550 820
8450 2558 2639363 1 1500 550 820
8380 2498 2639373 1 1500 550 820
8288 2430 2639383 1 1500 550 820
8180 2364 2639393 1 1520 560 821
8100 2311 2639403 1 1520 560 821
8048 2267 2639413 1 1520 560 821
8015 2244 2639423 1 1520 560 823
7998 2232 2639433 1 1520 560 823
7984 2232 2639443 1 1520 560 823
7977 2224 2639453 1 1510 560 821
7977 2224 2639463 1 1510 560 820
7977 2224 2639473 1 1510 560 820
7977 2214 2639483 1 1510 560 821
7977 2205 2639493 1 1510 560 812
7977 2196 2639503 1 1510 560 784
7968 2184 2639513 1 1520 560 700
7941 2171 2639523 1 1520 560 420
