277
2239 6024 81162104 0 1410 490 24
2231 6056 81162114 1 1410 490 41
2208 6062 81162124 1 1420 480 41
2199 6053 81162134 1 1420 480 48
2190 6021 81162144 1 1420 480 61
2183 5957 81162154 1 1420 480 71
2177 5872 81162164 1 1420 480 90
2177 5738 81162174 1 1410 490 127
2177 5549 81162184 1 1410 490 146
2161 5324 81162194 1 1410 490 134
2141 5031 81162204 1 1400 500 136
2106 4729 81162214 1 1400 500 136
2072 4421 81162224 1 1380 500 158
2043 4095 81162234 1 1380 500 163
2015 3767 81162244 1 1370 510 165
2000 3515 81162254 1 1360 510 165
1993 3314 81162264 1 1350 520 165
1985 3130 81162274 1 1340 520 163
1977 3021 81162284 1 1330 530 160
1971 2963 81162294 1 1310 540 180
1971 2963 81162304 1 1290 530 170
1961 2998 81162314 1 1260 540 163
1951 3066 81162324 1 1250 550 161
1939 3197 81162334 1 1250 550 161
1932 3366 81162344 1 1240 550 167
1932 3561 81162354 1 1240 550 161
1939 3787 81162364 1 1220 560 161
1967 4048 81162374 1 1220 560 158
2007 4332 81162384 1 1220 560 158
2076 4613 81162394 1 1220 560 160
2168 4889 81162404 1 1220 560 160
2276 5128 81162414 1 1220 560 161
2407 5344 81162424 1 1240 550 163
2567 5532 81162435 1 1240 550 163
2747 5663 81162445 1 1250 550 160
2912 5757 81162455 1 1250 550 161
3089 5824 81162465 1 1250 550 163
3273 5839 81162475 1 1260 540 165
3424 5819 81162485 1 1280 540 167
3552 5751 81162495 1 1280 540 175
3665 5636 81162505 1 1290 530 171
3738 5491 81162515 1 1300 530 181
3762 5299 81162525 1 1300 530 180
3752 5107 81162535 1 1300 530 180
3688 4911 81162545 1 1310 520 181
3595 4707 81162555 1 1310 520 178
3483 4543 81162565 1 1310 520 180
3350 4408 81162575 1 1320 510 158
3196 4283 81162585 1 1320 510 148
3027 4198 81162595 1 1330 520 146
2876 4139 81162605 1 1310 520 149
2741 4121 81162615 1 1310 520 163
2616 4121 81162625 1 1310 520 186
2521 4140 81162635 1 1310 520 181
2468 4164 81162645 1 1310 520 195
2444 4182 81162655 1 1310 520 193
2444 4192 81162665 1 1310 520 193
2463 4198 81162675 1 1300 530 196
2494 4204 81162685 1 1300 530 200
2549 4193 81162695 1 1300 530 202
2622 4170 81162705 1 1300 530 200
2706 4124 81162715 1 1300 530 208
2792 4054 81162725 1 1300 530 209
2883 3967 81162735 1 1300 530 235
2983 3862 81162745 1 1300 530 241
3087 3748 81162755 1 1310 520 254
3195 3627 81162765 1 1310 520 269
3292 3520 81162775 1 1300 530 276
3382 3409 81162785 1 1300 530 296
3486 3292 81162795 1 1300 530 312
3594 3170 81162805 1 1300 530 304
3714 3060 81162815 1 1300 530 312
3841 2960 81162825 1 1300 530 312
3955 2869 81162835 1 1300 530 310
4071 2798 81162845 1 1300 530 310
4190 2741 81162855 1 1290 520 310
4294 2714 81162865 1 1290 520 309
4387 2725 81162875 1 1290 520 309
4476 2762 81162885 1 1290 520 310
4561 2841 81162895 1 1290 520 309
4643 2947 81162905 1 1290 520 312
4722 3072 81162915 1 1290 520 314
4787 3197 81162925 1 1290 520 315
4843 3317 81162935 1 1290 520 314
4884 3430 81162945 1 1290 520 317
4919 3524 81162955 1 1290 520 317
4951 3606 81162965 1 1290 520 315
4975 3682 81162975 1 1290 520 319
4989 3756 81162985 1 1290 520 320
4995 3824 81162995 1 1290 520 324
4995 3870 81163005 1 1290 520 339
4995 3903 81163015 1 1310 520 338
4986 3922 81163025 1 1310 520 349
4979 3928 81163035 1 1310 520 358
4968 3928 81163045 1 1310 520 356
4953 3913 81163055 1 1310 520 359
4926 3874 81163065 1 1310 520 359
4886 3818 81163075 1 1330 520 361
4838 3729 81163085 1 1330 520 364
4783 3639 81163095 1 1330 520 373
4718 3524 81163105 1 1330 520 367
4647 3394 81163115 1 1330 520 374
4593 3239 81163125 1 1320 510 384
4545 3093 81163135 1 1320 510 389
4523 2953 81163145 1 1320 510 394
4515 2826 81163155 1 1320 510 394
4528 2723 81163165 1 1300 520 393
4560 2636 81163175 1 1300 520 393
4605 2593 81163185 1 1300 520 393
4666 2576 81163195 1 1290 520 398
4747 2576 81163205 1 1280 520 398
4840 2618 81163215 1 1280 520 399
4937 2705 81163225 1 1270 520 389
5038 2822 81163235 1 1270 520 391
5143 2954 81163245 1 1270 520 392
5249 3086 81163255 1 1270 520 391
5332 3229 81163265 1 1270 520 391
5400 3380 81163275 1 1270 520 392
5441 3513 81163285 1 1280 530 392
5457 3620 81163295 1 1280 530 391
5457 3710 81163305 1 1280 530 392
5444 3760 81163315 1 1280 530 397
5435 3777 81163325 1 1280 530 394
5430 3771 81163335 1 1280 530 391
5425 3759 81163345 1 1290 520 394
5419 3714 81163355 1 1290 520 394
5419 3648 81163365 1 1290 520 397
5419 3570 81163375 1 1290 520 397
5429 3487 81163385 1 1300 520 402
5453 3393 81163395 1 1300 520 410
5489 3284 81163405 1 1300 520 423
5536 3166 81163415 1 1300 520 422
5594 3056 81163425 1 1300 520 428
5660 2960 81163435 1 1300 520 428
5745 2874 81163445 1 1300 520 427
5843 2809 81163455 1 1300 520 428
5930 2767 81163465 1 1300 520 427
6020 2740 81163475 1 1310 520 420
6114 2746 81163485 1 1310 520 415
6212 2777 81163495 1 1310 520 396
6316 2824 81163505 1 1310 520 398
6410 2893 81163515 1 1310 520 381
6496 2966 81163525 1 1310 520 361
6569 3043 81163535 1 1300 530 359
6642 3135 81163545 1 1300 530 344
6718 3255 81163555 1 1300 530 342
6798 3395 81163565 1 1310 540 335
6883 3559 81163575 1 1310 540 335
6951 3753 81163585 1 1310 540 332
7008 3967 81163595 1 1310 540 334
7045 4182 81163605 1 1310 540 335
7060 4398 81163615 1 1310 540 335
7060 4614 81163625 1 1310 540 334
7043 4814 81163635 1 1330 540 320
7026 5019 81163645 1 1330 540 314
7007 5222 81163655 1 1330 540 306
7002 5422 81163665 1 1330 540 299
7002 5615 81163675 1 1340 550 296
6986 5768 81163685 1 1340 550 296
6968 5895 81163695 1 1340 550 297
6935 5972 81163705 1 1350 540 297
6892 6000 81163715 1 1350 540 294
6842 5995 81163725 1 1360 540 294
6781 5954 81163735 1 1370 530 294
6721 5871 81163745 1 1370 530 292
6666 5759 81163755 1 1390 520 296
6617 5635 81163765 1 1390 520 294
6572 5467 81163775 1 1390 520 296
6533 5269 81163785 1 1380 510 296
6502 5056 81163795 1 1380 510 299
6480 4824 81163805 1 1380 510 301
6470 4579 81163815 1 1380 510 307
6470 4343 81163825 1 1370 510 314
6482 4095 81163835 1 1370 510 316
6501 3838 81163845 1 1360 510 304
6528 3607 81163855 1 1360 510 314
6576 3425 81163865 1 1340 510 317
6637 3276 81163875 1 1340 510 324
6717 3137 81163885 1 1330 520 334
6819 3036 81163895 1 1310 520 335
6935 2960 81163905 1 1310 520 339
7053 2916 81163915 1 1300 530 342
7195 2897 81163925 1 1300 530 345
7352 2897 81163935 1 1310 540 345
7501 2917 81163945 1 1300 540 334
7643 2958 81163955 1 1300 540 345
7779 3010 81163965 1 1300 540 344
7907 3072 81163975 1 1300 540 344
8005 3153 81163985 1 1310 550 344
8082 3246 81163995 1 1310 550 340
8148 3359 81164005 1 1310 550 340
8205 3470 81164015 1 1310 550 339
8255 3564 81164025 1 1320 550 339
8296 3647 81164035 1 1320 550 339
8323 3711 81164045 1 1320 550 340
8341 3753 81164055 1 1320 550 339
8341 3781 81164065 1 1320 550 340
8341 3794 81164075 1 1320 550 344
8327 3803 81164085 1 1320 550 333
8318 3808 81164095 1 1320 550 338
8313 3808 81164105 1 1320 550 338
8308 3813 81164115 1 1320 550 339
8302 3813 81164125 1 1340 550 339
8297 3813 81164135 1 1340 550 343
8297 3787 81164145 1 1340 550 349
8287 3750 81164155 1 1340 550 361
8280 3683 81164165 1 1340 550 369
8280 3593 81164175 1 1350 540 384
8280 3488 81164185 1 1350 540 386
8295 3380 81164195 1 1350 540 386
8318 3278 81164205 1 1350 540 384
8356 3204 81164215 1 1350 540 386
8394 3148 81164225 1 1340 550 387
8444 3122 81164235 1 1340 550 393
8501 3122 81164245 1 1340 550 398
8568 3138 81164255 1 1320 550 398
8635 3182 81164265 1 1320 550 398
8702 3249 81164275 1 1320 550 398
8758 3332 81164285 1 1310 560 398
8809 3429 81164295 1 1310 560 396
8847 3539 81164305 1 1310 560 386
8870 3659 81164315 1 1310 560 376
8882 3796 81164325 1 1310 560 374
8876 3930 81164335 1 1310 560 372
8862 4017 81164345 1 1310 560 374
8843 4075 81164355 1 1300 550 376
8836 4096 81164365 1 1310 550 374
8831 4096 81164375 1 1310 550 374
8831 4084 81164385 1 1310 550 374
8823 4044 81164395 1 1330 540 374
8811 3974 81164405 1 1340 550 376
8811 3885 81164415 1 1340 550 376
8818 3778 81164425 1 1350 540 382
8849 3670 81164435 1 1350 540 394
8894 3562 81164445 1 1350 540 399
8956 3453 81164455 1 1350 540 396
9021 3345 81164465 1 1350 540 400
9087 3256 81164475 1 1360 540 404
9171 3180 81164485 1 1350 540 409
9275 3135 81164495 1 1360 550 407
9392 3118 81164505 1 1360 550 409
9519 3118 81164515 1 1360 550 407
9645 3151 81164525 1 1350 550 409
9768 3201 81164535 1 1350 550 407
9889 3264 81164545 1 1350 550 405
10006 3336 81164555 1 1340 560 407
10095 3402 81164565 1 1340 560 407
10165 3464 81164575 1 1340 560 409
10225 3491 81164585 1 1350 570 407
10275 3491 81164595 1 1350 570 410
10319 3472 81164605 1 1350 570 415
10366 3429 81164615 1 1350 570 415
10414 3372 81164625 1 1350 570 418
10467 3305 81164635 1 1350 570 418
10529 3256 81164645 1 1350 570 417
10599 3224 81164655 1 1350 570 413
10677 3203 81164665 1 1340 570 398
10761 3209 81164675 1 1340 570 336
10848 3240 81164685 1 1340 570 245
10935 3288 81164695 1 1340 570 48
9451 4579 81164979 0 1350 530 6
9451 4579 81164989 1 1350 530 63
9466 4571 81164999 1 1350 530 90
9482 4558 81165009 1 1360 540 129
9508 4533 81165019 1 1350 540 149
9541 4501 81165029 1 1350 540 137
9579 4460 81165039 1 1350 540 141
9624 4417 81165049 1 1350 540 136
9670 4376 81165059 1 1350 540 93
8144 4731 81165329 0 1360 500 5
8154 4705 81165339 1 1360 510 49
8170 4684 81165349 1 1350 520 76
8196 4660 81165359 1 1350 530 106
8232 4635 81165369 1 1350 530 101
8273 4608 81165379 1 1340 540 107
8316 4579 81165389 1 1340 540 103
8358 4553 81165399 1 1340 550 53
