336
3595 7009 1359895 0 1300 540 41
3595 7009 1359905 1 1290 520 89
3595 7009 1359915 1 1300 510 127
3622 7108 1359925 1 1300 500 151
3622 7136 1359935 1 1310 480 171
3622 7159 1359945 1 1320 480 215
3609 7179 1359955 1 1320 480 226
3593 7192 1359965 1 1330 480 246
3578 7200 1359975 1 1330 480 253
3564 7200 1359985 1 1340 480 242
3564 7200 1359995 1 1340 480 251
3441 7154 1360005 1 1340 480 239
3359 7088 1360015 1 1340 480 237
3259 6987 1360025 1 1340 480 233
3139 6863 1360035 1 1340 480 235
3024 6731 1360045 1 1340 480 246
2911 6578 1360055 1 1330 470 249
2820 6411 1360065 1 1320 480 270
2750 6245 1360075 1 1320 480 287
2695 6111 1360085 1 1320 480 292
2655 5998 1360095 1 1320 480 301
2633 5888 1360105 1 1310 480 309
2624 5802 1360115 1 1310 480 312
2630 5731 1360125 1 1280 480 314
2659 5692 1360135 1 1280 480 316
2702 5677 1360145 1 1270 490 315
2757 5677 1360155 1 1260 480 334
2830 5711 1360165 1 1250 480 345
2914 5780 1360175 1 1250 480 344
3018 5872 1360185 1 1250 480 349
3142 5988 1360195 1 1250 480 353
3279 6102 1360205 1 1250 480 353
3388 6216 1360215 1 1250 480 351
3475 6312 1360225 1 1250 480 356
3547 6382 1360235 1 1250 480 351
3596 6435 1360245 1 1250 480 338
3618 6446 1360255 1 1250 480 327
3623 6419 1360265 1 1250 480 314
3602 6367 1360275 1 1250 480 246
3545 6260 1360285 1 1250 480 158
3464 6101 1360295 1 1250 480 127
3343 5908 1360305 1 1250 480 129
3198 5682 1360315 1 1250 480 134
3038 5449 1360325 1 1250 480 170
2906 5211 1360335 1 1250 480 212
2803 4992 1360345 1 1250 480 251
2719 4812 1360355 1 1240 490 275
2661 4659 1360365 1 1240 490 284
2630 4561 1360375 1 1230 490 294
2617 4500 1360385 1 1220 500 296
2634 4463 1360395 1 1200 500 310
2686 4463 1360405 1 1190 500 353
2761 4506 1360415 1 1190 500 361
2867 4575 1360425 1 1180 510 389
3019 4704 1360435 1 1180 510 394
3202 4864 1360445 1 1170 510 396
3369 5046 1360455 1 1170 510 396
3514 5211 1360465 1 1170 510 393
3643 5373 1360475 1 1170 510 364
3744 5523 1360485 1 1170 510 312
3805 5645 1360495 1 1170 510 187
3619 6502 1360576 0 1210 490 68
3514 6672 1360586 1 1210 490 101
3480 6686 1360596 1 1210 490 142
3462 6686 1360606 1 1220 480 173
3442 6686 1360616 1 1220 480 191
3420 6648 1360626 1 1220 480 223
3389 6591 1360636 1 1220 480 249
3358 6475 1360646 1 1210 480 279
3319 6314 1360656 1 1220 470 312
3275 6123 1360666 1 1220 470 336
3227 5893 1360676 1 1220 470 363
3180 5634 1360686 1 1220 470 366
3148 5355 1360696 1 1220 470 384
3127 5050 1360706 1 1200 470 394
3127 4740 1360716 1 1200 470 415
3151 4484 1360726 1 1190 470 414
3190 4266 1360736 1 1180 480 427
3244 4089 1360746 1 1180 480 433
3303 3978 1360756 1 1170 480 441
3384 3911 1360766 1 1150 480 440
3478 3887 1360776 1 1150 480 456
3594 3920 1360786 1 1150 490 448
3728 3991 1360796 1 1140 500 420
3874 4167 1360806 1 1130 500 386
4030 4417 1360816 1 1130 500 333
4197 4717 1360826 1 1110 500 277
4372 5051 1360836 1 1110 500 242
4514 5406 1360846 1 1110 490 221
4634 5775 1360856 1 1110 490 217
4740 6072 1360866 1 1110 500 171
4813 6309 1360876 1 1130 500 93
4853 6507 1360886 1 1130 500 51
4871 6650 1360896 1 1150 500 17
4876 6757 1360906 1 1150 500 29
4876 6839 1360916 1 1160 500 56
4870 6917 1360926 1 1170 500 103
4862 6965 1360936 1 1180 490 173
4852 6992 1360946 1 1190 490 225
4840 6992 1360956 1 1210 490 247
4828 6967 1360966 1 1230 490 287
4809 6925 1360976 1 1240 490 332
4784 6819 1360986 1 1240 490 377
4756 6640 1360996 1 1250 480 420
4729 6412 1361006 1 1250 480 446
4703 6083 1361016 1 1260 480 468
4677 5710 1361026 1 1260 480 501
4648 5307 1361036 1 1260 480 509
4618 4914 1361046 1 1250 480 510
4618 4606 1361056 1 1240 490 504
4627 4355 1361066 1 1220 480 490
4636 4112 1361076 1 1210 490 440
4643 3960 1361086 1 1190 490 374
4643 3868 1361096 1 1180 490 240
5139 6965 1361227 0 1130 500 86
5434 7377 1361237 1 1140 500 142
5557 7558 1361247 1 1160 490 171
5693 7702 1361257 1 1180 490 209
5832 7821 1361267 1 1190 490 242
5938 7906 1361277 1 1210 490 254
6022 7948 1361287 1 1230 490 249
6099 7962 1361297 1 1240 490 259
6169 7936 1361307 1 1260 490 269
6233 7883 1361317 1 1270 490 280
6284 7813 1361327 1 1280 490 294
6300 7730 1361337 1 1290 490 325
6292 7608 1361347 1 1290 490 338
6238 7459 1361357 1 1310 480 344
6134 7268 1361367 1 1320 490 361
5996 7047 1361377 1 1320 490 358
5838 6807 1361387 1 1320 490 349
5678 6617 1361397 1 1300 500 341
5517 6449 1361407 1 1300 500 344
5388 6295 1361417 1 1300 500 339
5301 6215 1361427 1 1300 500 342
5241 6197 1361437 1 1290 490 342
5209 6221 1361447 1 1290 490 339
5209 6277 1361457 1 1290 490 342
5220 6375 1361467 1 1270 490 334
5296 6501 1361477 1 1270 490 346
5409 6614 1361487 1 1270 490 369
5547 6728 1361497 1 1260 480 400
5728 6845 1361507 1 1260 480 449
5929 6958 1361517 1 1260 480 472
6142 7066 1361527 1 1260 480 494
6386 7160 1361537 1 1260 480 510
6614 7265 1361547 1 1260 480 512
6832 7375 1361557 1 1270 480 514
7009 7471 1361567 1 1280 480 509
7157 7540 1361577 1 1280 480 499
7285 7592 1361587 1 1290 490 475
7365 7607 1361597 1 1290 490 418
7387 7585 1361607 1 1300 500 349
7369 7539 1361617 1 1320 490 212
7277 7415 1361627 1 1320 490 22
6622 6635 1361677 0 1320 500 30
6315 6250 1361687 1 1300 510 101
6171 6094 1361697 1 1300 510 163
6064 5964 1361707 1 1300 510 202
5983 5855 1361717 1 1290 510 241
5916 5779 1361727 1 1290 510 301
5879 5725 1361737 1 1290 510 333
5862 5707 1361747 1 1280 520 349
5862 5707 1361757 1 1270 510 376
5897 5718 1361767 1 1270 510 417
5949 5756 1361777 1 1270 510 436
6050 5833 1361787 1 1270 510 440
6183 5935 1361797 1 1270 510 443
6336 6039 1361807 1 1260 500 450
6470 6138 1361817 1 1260 500 450
6577 6210 1361827 1 1260 500 450
6666 6267 1361837 1 1260 500 439
6723 6294 1361847 1 1260 500 397
6738 6281 1361857 1 1270 500 363
6724 6242 1361867 1 1270 500 286
6647 6136 1361877 1 1270 500 280
6526 5989 1361887 1 1260 490 287
6376 5815 1361897 1 1260 490 320
6217 5662 1361907 1 1260 490 371
6090 5522 1361917 1 1260 490 402
5985 5391 1361927 1 1260 490 415
5912 5261 1361937 1 1260 490 446
5863 5166 1361947 1 1250 500 443
5829 5094 1361957 1 1250 500 443
5836 5073 1361967 1 1250 500 450
5870 5067 1361977 1 1250 500 458
5923 5067 1361987 1 1250 500 466
6007 5101 1361997 1 1250 500 468
6107 5143 1362007 1 1240 500 473
6217 5193 1362017 1 1240 500 473
6320 5230 1362027 1 1240 500 468
6402 5261 1362037 1 1240 500 433
6470 5256 1362047 1 1240 500 396
6499 5229 1362057 1 1240 500 325
6479 5148 1362067 1 1240 500 247
6426 5007 1362077 1 1240 500 214
6319 4826 1362087 1 1240 500 221
6198 4632 1362097 1 1220 500 267
6067 4469 1362107 1 1220 500 316
6007 4328 1362117 1 1220 500 322
5992 4236 1362127 1 1210 510 335
6007 4193 1362137 1 1210 510 369
6056 4182 1362147 1 1210 510 410
6146 4204 1362157 1 1200 510 435
6264 4285 1362167 1 1200 510 441
6416 4406 1362177 1 1200 510 449
6569 4547 1362178 1 1190 510 449
6717 4713 1362188 1 1200 520 436
6862 4896 1362198 1 1200 520 399
6973 5106 1362208 1 1200 520 304
7063 5337 1362218 1 1210 530 190
6922 7086 1362308 0 1250 530 68
6842 7288 1362318 1 1270 520 153
6800 7312 1362328 1 1280 520 161
6749 7276 1362338 1 1290 510 175
6694 7199 1362348 1 1290 510 207
6631 7059 1362358 1 1300 510 274
6569 6846 1362368 1 1300 510 337
6508 6585 1362378 1 1290 500 384
6465 6216 1362388 1 1300 500 420
6426 5798 1362398 1 1290 490 448
6417 5348 1362408 1 1290 490 474
6427 4845 1362418 1 1280 480 478
6469 4331 1362428 1 1270 490 514
6520 3811 1362438 1 1260 490 522
6578 3392 1362448 1 1240 490 529
6644 3010 1362458 1 1230 490 539
6697 2652 1362468 1 1200 500 545
6742 2444 1362478 1 1180 510 545
6793 2262 1362488 1 1160 520 543
6838 2098 1362498 1 1140 530 522
6879 1998 1362508 1 1110 530 486
6894 1968 1362518 1 1090 550 440
6902 1985 1362528 1 1070 550 277
7464 4741 1362629 0 1030 570 307
7802 5266 1362639 1 1040 570 346
7958 5564 1362649 1 1050 560 356
8108 5874 1362659 1 1070 560 371
8315 6150 1362669 1 1100 550 374
8522 6429 1362679 1 1110 550 377
8730 6709 1362689 1 1120 550 382
8941 6976 1362699 1 1150 540 387
9155 7241 1362709 1 1170 550 387
9364 7506 1362719 1 1200 540 381
9557 7746 1362729 1 1220 540 364
9680 7943 1362739 1 1240 540 336
9761 8111 1362749 1 1250 540 340
9786 8233 1362759 1 1280 540 332
9762 8325 1362769 1 1290 530 301
9705 8397 1362779 1 1300 540 240
9614 8453 1362789 1 1300 540 144
9502 8489 1362799 1 1310 540 109
9377 8511 1362809 1 1330 540 95
9250 8511 1362819 1 1330 540 149
9159 8517 1362829 1 1340 540 195
9091 8504 1362839 1 1350 540 237
9048 8481 1362849 1 1350 540 242
9002 8416 1362859 1 1350 540 262
8954 8315 1362869 1 1350 540 281
8902 8189 1362879 1 1340 540 299
8848 8023 1362889 1 1340 540 314
8793 7812 1362899 1 1340 540 314
8751 7572 1362909 1 1340 540 335
8706 7271 1362919 1 1330 530 339
8658 6969 1362929 1 1330 530 346
8612 6666 1362939 1 1330 530 371
8563 6361 1362949 1 1330 530 384
8503 6032 1362959 1 1330 530 405
8435 5688 1362969 1 1310 540 465
8364 5379 1362979 1 1310 540 518
8297 5110 1362989 1 1310 540 543
8270 4867 1362999 1 1290 530 553
8270 4708 1363009 1 1290 530 557
8310 4624 1363019 1 1280 540 556
8356 4591 1363029 1 1250 540 561
8431 4607 1363039 1 1250 540 567
8523 4707 1363049 1 1240 540 567
8649 4863 1363059 1 1240 540 568
8821 5109 1363069 1 1240 550 560
9024 5407 1363079 1 1240 550 561
9243 5739 1363089 1 1240 550 566
9499 6048 1363099 1 1240 550 564
9780 6359 1363109 1 1240 550 568
10019 6617 1363119 1 1240 550 537
10189 6839 1363129 1 1250 550 442
10312 7017 1363139 1 1250 550 273
9992 7419 1363250 0 1330 510 66
9883 7242 1363260 1 1340 500 93
9829 7157 1363270 1 1340 500 94
9792 7039 1363280 1 1340 500 96
9765 6899 1363290 1 1330 500 155
9751 6728 1363300 1 1330 500 216
9736 6507 1363310 1 1320 500 255
9722 6252 1363320 1 1320 500 292
9709 5977 1363330 1 1320 500 343
9700 5698 1363340 1 1300 510 397
9694 5419 1363350 1 1300 510 449
9687 5142 1363360 1 1300 510 486
9679 4865 1363370 1 1290 510 507
9669 4625 1363380 1 1290 510 538
9664 4410 1363390 1 1280 520 570
9648 4178 1363400 1 1270 520 595
9624 3986 1363410 1 1250 530 633
9592 3822 1363420 1 1240 530 649
9553 3680 1363430 1 1240 530 666
9508 3579 1363440 1 1230 530 685
9456 3505 1363450 1 1220 540 697
9397 3452 1363460 1 1220 540 690
9332 3422 1363470 1 1210 550 690
9263 3408 1363480 1 1210 550 702
9187 3419 1363490 1 1200 550 694
9106 3462 1363500 1 1200 550 670
9011 3526 1363510 1 1180 560 647
8903 3629 1363520 1 1190 560 614
8787 3775 1363530 1 1190 560 591
8684 3950 1363540 1 1190 560 581
8610 4109 1363550 1 1190 560 583
8556 4248 1363560 1 1210 560 583
8517 4374 1363570 1 1200 550 586
8487 4477 1363580 1 1200 550 588
8464 4523 1363590 1 1210 550 591
8443 4532 1363600 1 1210 550 584
8421 4514 1363610 1 1210 550 591
8393 4428 1363620 1 1230 550 594
8362 4298 1363630 1 1220 540 594
8342 4146 1363640 1 1220 540 583
8347 4027 1363650 1 1230 530 473
8369 3931 1363660 1 1230 530 101
9076 4357 1363720 0 1240 540 425
9638 4551 1363730 1 1240 540 458
9884 4653 1363740 1 1250 550 473
10101 4701 1363750 1 1250 550 533
10308 4713 1363760 1 1250 550 550
10516 4708 1363770 1 1260 560 553
10665 4664 1363780 1 1260 560 550
10775 4595 1363790 1 1260 560 442
