238
2755 6032 1597126 0 1440 460 148
2755 6032 1597136 1 1440 460 155
2755 6032 1597146 1 1430 460 120
2755 6032 1597156 1 1430 460 120
2755 6032 1597166 1 1430 460 134
2796 6125 1597176 1 1430 460 209
2844 6158 1597186 1 1440 470 270
2844 6158 1597196 1 1440 470 312
2995 6240 1597206 1 1440 470 337
3106 6284 1597216 1 1450 470 338
3238 6329 1597226 1 1450 470 344
3360 6364 1597236 1 1450 470 339
3475 6378 1597246 1 1460 480 343
3571 6378 1597256 1 1460 480 344
3656 6367 1597266 1 1460 480 339
3734 6340 1597276 1 1460 480 336
3777 6302 1597286 1 1460 480 333
3797 6248 1597296 1 1460 480 345
3797 6170 1597306 1 1460 480 339
3765 6077 1597316 1 1460 480 312
3691 5948 1597326 1 1460 480 291
3591 5819 1597336 1 1460 480 270
3483 5689 1597346 1 1450 480 253
3363 5570 1597356 1 1450 480 235
3234 5452 1597366 1 1450 480 233
3096 5344 1597376 1 1440 490 247
2986 5243 1597386 1 1440 490 279
2895 5185 1597396 1 1440 490 307
2859 5160 1597406 1 1440 490 306
2859 5160 1597416 1 1430 500 306
2874 5160 1597426 1 1430 500 310
2922 5175 1597436 1 1430 500 325
2999 5200 1597446 1 1420 500 337
3095 5251 1597456 1 1420 500 341
3210 5304 1597466 1 1420 500 354
3309 5358 1597476 1 1410 510 364
3397 5400 1597486 1 1410 510 366
3477 5424 1597496 1 1410 510 363
3547 5435 1597506 1 1410 510 368
3610 5429 1597516 1 1410 510 363
3661 5417 1597526 1 1410 510 358
3700 5382 1597536 1 1400 510 346
3731 5334 1597546 1 1400 510 336
3725 5260 1597556 1 1400 510 337
3682 5160 1597566 1 1400 510 320
3614 5042 1597576 1 1400 510 317
3522 4928 1597586 1 1400 510 319
3430 4830 1597596 1 1400 510 317
3340 4743 1597606 1 1380 510 322
3251 4689 1597616 1 1370 510 324
3183 4654 1597626 1 1380 510 325
3130 4632 1597636 1 1380 510 334
3104 4625 1597646 1 1370 520 340
3104 4625 1597656 1 1370 520 334
3111 4625 1597666 1 1370 520 327
3118 4632 1597676 1 1370 520 334
3129 4653 1597686 1 1360 520 342
3164 4686 1597696 1 1360 520 338
3213 4733 1597706 1 1360 520 348
3301 4798 1597716 1 1360 520 359
3395 4874 1597726 1 1360 520 371
3496 4931 1597736 1 1360 520 362
3596 4986 1597746 1 1360 520 364
3684 5017 1597756 1 1360 520 369
3767 5034 1597766 1 1360 520 371
3824 5042 1597776 1 1360 520 372
3881 5049 1597786 1 1360 520 376
3931 5056 1597796 1 1370 520 377
3977 5061 1597806 1 1370 520 377
4010 5061 1597816 1 1370 520 372
4036 5055 1597826 1 1370 520 367
4057 5048 1597836 1 1380 510 371
4073 5035 1597846 1 1380 510 363
4082 5016 1597856 1 1380 510 358
4082 4973 1597866 1 1400 510 356
4077 4914 1597876 1 1400 510 353
4053 4803 1597886 1 1400 510 351
4019 4665 1597896 1 1380 510 353
3964 4509 1597906 1 1380 510 358
3901 4303 1597916 1 1380 510 358
3832 4067 1597926 1 1380 510 354
3749 3812 1597936 1 1380 510 353
3622 3554 1597946 1 1370 520 359
3466 3333 1597956 1 1370 520 362
3289 3138 1597966 1 1370 520 389
3111 2995 1597976 1 1360 520 405
2932 2917 1597986 1 1360 520 409
2825 2882 1597996 1 1350 530 312
4119 5079 1598288 0 1420 500 333
4085 4960 1598298 1 1420 500 366
4076 5026 1598308 1 1420 500 339
4052 5054 1598318 1 1410 500 329
4088 5054 1598328 1 1410 500 334
4167 5103 1598338 1 1410 500 339
4275 5165 1598348 1 1400 500 364
4377 5236 1598358 1 1400 500 384
4477 5293 1598368 1 1400 500 396
4573 5347 1598378 1 1380 500 398
4667 5393 1598388 1 1380 500 399
4759 5431 1598398 1 1380 500 399
4823 5454 1598408 1 1400 510 398
4862 5466 1598418 1 1400 510 391
4885 5466 1598428 1 1400 510 379
4885 5466 1598438 1 1410 510 372
4885 5466 1598448 1 1410 510 366
4885 5466 1598458 1 1410 510 351
4885 5466 1598468 1 1410 510 335
4761 5333 1598478 1 1410 510 325
4657 5230 1598488 1 1410 510 324
4561 5123 1598498 1 1410 510 329
4471 5008 1598508 1 1410 510 327
4392 4859 1598518 1 1410 510 329
4313 4688 1598528 1 1400 520 330
4233 4524 1598538 1 1400 520 342
4160 4354 1598548 1 1400 520 358
4107 4181 1598558 1 1400 520 387
4068 4057 1598568 1 1400 520 405
4058 3978 1598578 1 1400 520 423
4076 3930 1598588 1 1400 520 430
4113 3903 1598598 1 1390 520 445
4180 3908 1598608 1 1370 520 461
4280 3934 1598618 1 1370 520 465
4402 4028 1598628 1 1370 520 466
4535 4166 1598638 1 1370 520 465
4668 4334 1598648 1 1360 520 463
4776 4513 1598658 1 1360 520 466
4866 4689 1598668 1 1360 520 447
4933 4892 1598678 1 1360 520 439
4983 5113 1598688 1 1360 520 439
5022 5294 1598698 1 1370 530 439
5040 5471 1598708 1 1370 530 442
5040 5585 1598718 1 1370 530 450
5031 5659 1598728 1 1390 520 433
5002 5693 1598738 1 1400 530 422
4955 5721 1598748 1 1400 530 409
4895 5721 1598758 1 1400 530 402
4825 5715 1598768 1 1400 530 396
4750 5683 1598778 1 1410 520 369
4672 5631 1598788 1 1410 520 340
4608 5565 1598798 1 1410 520 310
4545 5475 1598808 1 1410 520 304
4481 5343 1598818 1 1410 520 299
4407 5184 1598828 1 1420 520 297
4327 4971 1598838 1 1420 520 301
4246 4714 1598848 1 1410 510 310
4167 4428 1598858 1 1410 510 344
4107 4125 1598868 1 1410 510 377
4059 3863 1598878 1 1400 520 415
4027 3629 1598888 1 1400 520 453
4017 3479 1598898 1 1380 510 475
4022 3368 1598908 1 1370 520 498
4056 3283 1598918 1 1370 520 520
4129 3235 1598928 1 1360 510 532
4228 3235 1598938 1 1350 520 544
4368 3265 1598948 1 1350 520 540
4546 3372 1598958 1 1340 520 535
4748 3521 1598968 1 1350 530 532
4936 3699 1598978 1 1340 540 522
5107 3901 1598988 1 1340 540 520
5267 4086 1598998 1 1340 540 505
5398 4260 1599008 1 1340 540 505
5499 4442 1599018 1 1340 540 502
5581 4571 1599028 1 1330 540 501
5624 4666 1599038 1 1340 550 499
5633 4725 1599048 1 1340 550 478
5619 4762 1599058 1 1340 550 418
5564 4785 1599068 1 1350 540 399
5475 4785 1599078 1 1360 550 361
5364 4758 1599088 1 1360 550 342
5214 4704 1599098 1 1370 540 304
5068 4623 1599108 1 1390 550 279
4924 4538 1599118 1 1390 550 282
4822 4452 1599128 1 1390 550 294
4742 4366 1599138 1 1390 550 310
4676 4265 1599148 1 1400 540 338
4639 4162 1599158 1 1400 540 367
4646 4055 1599168 1 1400 540 394
4681 3929 1599178 1 1390 540 396
4736 3791 1599188 1 1400 540 415
4810 3665 1599198 1 1410 530 456
4897 3577 1599208 1 1400 540 507
5006 3514 1599218 1 1400 540 556
5154 3458 1599228 1 1400 540 570
5327 3400 1599238 1 1390 550 580
5580 3340 1599248 1 1390 550 570
5852 3309 1599258 1 1390 550 441
6137 3274 1599268 1 1380 550 287
6808 5133 1599610 0 1450 500 281
6808 5133 1599620 1 1450 500 340
6808 5133 1599630 1 1450 500 342
6808 5133 1599640 1 1460 500 335
6808 5133 1599650 1 1460 500 334
6808 5133 1599660 1 1480 500 367
6914 5144 1599670 1 1480 500 402
6978 5169 1599680 1 1490 510 422
7069 5195 1599690 1 1490 510 441
7179 5220 1599700 1 1500 510 448
7247 5229 1599710 1 1500 520 463
7337 5229 1599720 1 1500 520 471
7441 5213 1599730 1 1520 530 474
7510 5171 1599740 1 1520 530 474
7546 5112 1599750 1 1520 530 468
7561 5021 1599760 1 1520 530 458
7520 4893 1599770 1 1530 530 453
7437 4741 1599780 1 1530 530 443
7325 4620 1599790 1 1520 540 441
7199 4514 1599800 1 1520 540 440
7075 4417 1599810 1 1530 540 444
6978 4329 1599820 1 1530 540 448
6899 4261 1599830 1 1530 540 439
6855 4207 1599840 1 1530 540 447
6850 4165 1599850 1 1530 540 465
6871 4124 1599860 1 1530 540 489
6930 4082 1599870 1 1530 540 512
7033 4062 1599880 1 1530 540 524
7165 4056 1599890 1 1530 550 537
7347 4086 1599900 1 1530 550 537
7528 4123 1599910 1 1530 550 538
7705 4165 1599920 1 1530 550 540
7847 4175 1599930 1 1530 550 537
7970 4148 1599940 1 1540 550 532
8027 4097 1599950 1 1540 550 521
8047 4018 1599960 1 1540 550 497
8041 3912 1599970 1 1540 550 449
7996 3788 1599980 1 1540 550 334
7910 3650 1599990 1 1540 550 139
7128 3211 1600040 0 1520 560 205
6958 3095 1600050 1 1520 560 333
6949 3095 1600060 1 1510 560 362
6967 3095 1600070 1 1520 570 463
7002 3088 1600080 1 1520 570 515
7105 3115 1600090 1 1520 570 543
7267 3162 1600100 1 1520 570 561
7469 3244 1600110 1 1500 570 559
7694 3336 1600120 1 1500 570 543
7931 3434 1600130 1 1500 570 515
8175 3503 1600140 1 1500 570 436
8398 3565 1600150 1 1500 570 306
