535
2137 6245 191725 0 1220 500 42
2137 6245 191735 1 1220 500 53
2137 6245 191745 1 1220 500 78
2143 6245 191755 1 1220 500 101
2148 6252 191765 1 1220 500 101
2156 6252 191775 1 1220 500 124
2165 6257 191785 1 1220 500 144
2176 6257 191795 1 1220 500 153
2190 6267 191805 1 1220 500 184
2209 6267 191815 1 1220 500 207
2234 6276 191825 1 1220 500 218
2270 6286 191835 1 1220 500 247
2314 6297 191845 1 1220 500 247
2371 6310 191855 1 1220 500 264
2436 6323 191865 1 1220 500 274
2511 6341 191875 1 1220 500 304
2594 6362 191885 1 1220 500 332
2688 6388 191895 1 1220 500 358
2787 6423 191905 1 1220 500 364
2876 6465 191915 1 1220 500 376
2965 6496 191925 1 1220 500 381
3045 6511 191935 1 1220 500 386
3119 6516 191945 1 1220 500 386
3179 6516 191955 1 1220 500 398
3226 6511 191965 1 1220 500 389
3265 6505 191975 1 1220 500 389
3295 6497 191985 1 1220 500 399
3319 6489 191995 1 1220 500 402
3340 6481 192005 1 1220 500 402
3356 6473 192015 1 1220 500 409
3367 6465 192025 1 1220 500 417
3374 6458 192035 1 1220 500 423
3381 6450 192045 1 1220 500 422
3381 6442 192055 1 1220 500 430
3381 6429 192065 1 1220 500 441
3375 6410 192075 1 1240 500 439
3368 6386 192085 1 1250 510 447
3360 6356 192095 1 1230 510 453
3347 6320 192105 1 1230 510 460
3330 6274 192115 1 1230 510 460
3310 6228 192125 1 1230 510 461
3281 6181 192135 1 1230 510 460
3242 6120 192145 1 1230 510 458
3195 6053 192155 1 1250 510 452
3125 5969 192165 1 1250 510 453
3045 5877 192175 1 1230 510 456
2959 5789 192185 1 1230 510 465
2892 5723 192195 1 1230 510 468
2842 5672 192205 1 1220 510 486
2803 5636 192215 1 1220 510 488
2782 5612 192225 1 1210 520 499
2764 5595 192235 1 1210 520 499
2754 5581 192245 1 1200 520 505
2745 5568 192255 1 1200 520 512
2735 5557 192265 1 1180 530 520
2727 5544 192275 1 1180 530 524
2720 5531 192285 1 1170 530 544
2712 5521 192295 1 1170 530 550
2703 5512 192305 1 1160 530 561
2695 5505 192315 1 1160 530 584
2689 5505 192325 1 1140 530 589
2689 5505 192335 1 1140 530 599
2689 5505 192345 1 1120 530 605
2689 5500 192355 1 1120 530 611
2689 5500 192365 1 1120 530 609
2689 5500 192375 1 1120 530 603
2689 5500 192385 1 1120 530 594
2689 5500 192395 1 1120 530 591
2698 5500 192405 1 1120 530 594
2711 5506 192415 1 1120 530 595
2732 5514 192425 1 1120 530 599
2758 5526 192435 1 1120 530 600
2787 5537 192445 1 1120 530 603
2818 5548 192455 1 1120 530 603
2852 5560 192465 1 1120 530 603
2893 5577 192475 1 1120 530 605
2939 5597 192485 1 1120 530 606
2989 5616 192495 1 1120 530 609
3031 5633 192505 1 1120 530 609
3068 5645 192515 1 1120 530 606
3096 5645 192525 1 1120 530 606
3113 5651 192535 1 1120 530 608
3123 5651 192545 1 1120 530 606
3133 5651 192555 1 1120 530 611
3141 5651 192565 1 1120 530 611
3148 5651 192575 1 1120 530 613
3148 5651 192585 1 1120 530 613
3148 5656 192595 1 1120 530 613
3148 5656 192605 1 1120 530 616
3148 5656 192615 1 1140 530 620
3148 5656 192625 1 1140 530 620
3148 5650 192635 1 1140 530 611
3135 5639 192645 1 1140 530 611
3120 5618 192655 1 1140 530 613
3100 5589 192665 1 1120 530 616
3079 5552 192675 1 1120 530 617
3056 5506 192685 1 1120 530 620
3029 5443 192695 1 1120 530 625
3002 5370 192705 1 1120 530 633
2979 5288 192715 1 1120 530 639
2959 5217 192725 1 1130 540 647
2944 5154 192735 1 1130 540 638
2934 5091 192745 1 1130 540 647
2929 5024 192755 1 1130 540 652
2929 4951 192765 1 1130 540 656
2929 4893 192775 1 1130 540 658
2929 4844 192785 1 1130 540 661
2929 4812 192795 1 1130 540 661
2935 4780 192805 1 1130 540 665
2935 4757 192815 1 1120 540 667
2940 4741 192825 1 1120 540 670
2940 4734 192835 1 1120 540 670
2940 4727 192845 1 1100 540 668
2940 4727 192855 1 1100 540 671
2940 4727 192865 1 1090 550 670
2945 4719 192875 1 1090 550 663
2945 4719 192885 1 1090 550 673
2945 4719 192895 1 1070 550 662
2945 4719 192905 1 1070 550 673
2945 4719 192915 1 1060 550 663
2945 4719 192925 1 1060 550 662
2953 4719 192935 1 1060 550 664
2963 4728 192945 1 1050 550 667
2989 4752 192955 1 1050 550 666
3025 4792 192965 1 1050 550 666
3070 4844 192975 1 1050 550 666
3121 4891 192985 1 1050 550 663
3171 4934 192995 1 1050 550 663
3218 4972 193005 1 1050 550 673
3273 5013 193015 1 1060 550 668
3330 5056 193025 1 1060 550 665
3393 5097 193035 1 1060 550 661
3458 5134 193045 1 1070 550 658
3522 5162 193055 1 1070 550 652
3584 5182 193065 1 1070 550 650
3641 5194 193075 1 1090 550 649
3693 5199 193085 1 1100 550 646
3740 5199 193095 1 1100 550 647
3779 5199 193105 1 1110 550 647
3813 5190 193115 1 1110 550 646
3843 5184 193125 1 1110 550 646
3868 5173 193135 1 1120 550 647
3889 5158 193145 1 1110 550 649
3906 5135 193155 1 1110 550 647
3919 5087 193165 1 1110 550 649
3928 5023 193175 1 1110 550 649
3928 4957 193185 1 1110 550 650
3922 4890 193195 1 1110 550 655
3912 4821 193205 1 1110 550 652
3903 4750 193215 1 1110 550 659
3890 4679 193225 1 1110 550 661
3875 4610 193235 1 1100 550 665
3853 4542 193245 1 1100 550 665
3824 4468 193255 1 1100 550 670
3789 4386 193265 1 1080 560 670
3742 4297 193275 1 1070 550 664
3683 4203 193285 1 1060 550 678
3615 4105 193295 1 1060 550 699
3564 4033 193305 1 1060 550 700
3519 3979 193315 1 1050 550 713
3483 3938 193325 1 1050 550 721
3451 3902 193335 1 1030 550 730
3421 3872 193345 1 1030 540 722
3386 3846 193355 1 1030 540 728
3348 3815 193365 1 1010 540 734
3315 3791 193375 1 1010 540 739
3283 3773 193385 1 1010 540 743
3253 3756 193395 1 1010 540 748
3225 3744 193405 1 1020 550 751
3199 3735 193415 1 1020 550 752
3179 3727 193425 1 1000 560 757
3161 3727 193435 1 1000 560 757
3144 3727 193445 1 1000 550 757
3124 3727 193455 1 1000 550 752
3107 3727 193465 1 990 550 751
3088 3735 193475 1 990 550 745
3067 3748 193485 1 990 560 743
3046 3762 193495 1 990 560 727
3025 3787 193505 1 990 560 687
3004 3819 193515 1 990 560 567
2981 3906 193525 1 990 560 312
3583 6096 193938 0 1210 520 60
3540 6097 193948 1 1210 520 125
3522 6106 193958 1 1210 520 181
3510 6106 193968 1 1220 510 237
3504 6112 193978 1 1220 510 257
3504 6127 193988 1 1220 510 282
3509 6147 193998 1 1220 510 314
3524 6172 194008 1 1220 510 324
3549 6203 194018 1 1220 510 351
3603 6237 194028 1 1220 510 369
3676 6302 194038 1 1220 510 364
3776 6365 194048 1 1220 510 362
3878 6426 194058 1 1220 510 369
3988 6489 194068 1 1220 510 381
4093 6533 194078 1 1220 510 399
4194 6563 194088 1 1220 510 409
4266 6579 194098 1 1230 510 425
4320 6591 194108 1 1230 510 441
4362 6591 194118 1 1230 510 442
4390 6591 194128 1 1230 510 450
4402 6591 194138 1 1230 510 466
4402 6591 194148 1 1230 510 491
4402 6591 194158 1 1220 500 499
4402 6591 194168 1 1220 500 509
4402 6591 194178 1 1220 500 513
4397 6591 194188 1 1220 500 512
4388 6591 194198 1 1220 500 522
4367 6575 194208 1 1220 500 514
4341 6553 194218 1 1220 500 505
4311 6522 194228 1 1220 500 491
4271 6479 194238 1 1220 500 467
4219 6398 194248 1 1220 500 456
4159 6293 194258 1 1230 510 449
4088 6176 194268 1 1230 510 440
4020 6054 194278 1 1230 510 438
3959 5923 194288 1 1230 510 436
3908 5807 194298 1 1220 510 435
3875 5701 194308 1 1220 510 438
3854 5622 194318 1 1220 510 436
3849 5564 194328 1 1210 520 436
3849 5521 194338 1 1210 520 438
3865 5487 194348 1 1200 520 438
3889 5466 194358 1 1170 520 438
3928 5453 194368 1 1170 520 440
3976 5453 194378 1 1160 520 450
4044 5474 194388 1 1150 520 465
4117 5514 194398 1 1150 520 468
4207 5568 194408 1 1140 530 491
4306 5637 194418 1 1140 530 501
4413 5717 194428 1 1140 530 512
4521 5797 194438 1 1120 530 512
4628 5877 194448 1 1120 530 519
4722 5957 194458 1 1130 540 524
4807 6019 194468 1 1140 530 533
4859 6076 194478 1 1140 530 540
4899 6128 194488 1 1170 540 537
4932 6179 194498 1 1170 540 542
4950 6230 194508 1 1180 540 550
4958 6283 194518 1 1190 540 551
4958 6337 194528 1 1200 540 554
4951 6388 194538 1 1210 550 557
4938 6434 194548 1 1230 550 561
4922 6473 194558 1 1230 550 557
4906 6508 194568 1 1250 550 557
4887 6543 194578 1 1250 550 543
4867 6579 194588 1 1260 560 537
4847 6616 194598 1 1270 550 536
4827 6648 194608 1 1270 550 536
4809 6680 194618 1 1270 550 544
4792 6711 194628 1 1270 550 544
4776 6739 194638 1 1270 550 540
4754 6765 194648 1 1290 550 540
4729 6792 194658 1 1290 550 533
4700 6816 194668 1 1290 550 532
4667 6842 194678 1 1280 540 526
4631 6870 194688 1 1280 540 522
4591 6898 194698 1 1280 540 515
4551 6924 194708 1 1280 530 519
4513 6950 194718 1 1280 530 517
4477 6975 194728 1 1290 520 520
4443 6992 194738 1 1290 520 507
4409 7007 194748 1 1290 520 494
4374 7017 194758 1 1290 510 488
4343 7026 194768 1 1290 510 491
4314 7032 194778 1 1290 510 498
4293 7032 194788 1 1300 510 488
4278 7038 194798 1 1290 500 498
4268 7038 194808 1 1290 500 498
4259 7038 194818 1 1300 500 496
4251 7038 194828 1 1300 500 496
4245 7044 194838 1 1300 500 496
4240 7044 194848 1 1300 500 490
4235 7044 194858 1 1300 500 490
4230 7049 194868 1 1320 490 495
4230 7049 194878 1 1320 490 495
4223 7049 194888 1 1320 490 495
4223 7049 194898 1 1320 490 491
4223 7049 194908 1 1320 490 491
4218 7049 194918 1 1320 490 488
4218 7049 194928 1 1320 490 486
4218 7049 194938 1 1320 490 490
4213 7049 194948 1 1320 490 490
4213 7049 194958 1 1320 490 488
4213 7049 194968 1 1320 490 494
4207 7049 194978 1 1320 490 497
4207 7044 194988 1 1320 490 504
4207 7044 194998 1 1320 490 510
4207 7044 195008 1 1320 490 510
4207 7044 195018 1 1320 490 510
4207 7044 195028 1 1320 490 513
4207 7044 195038 1 1320 490 540
4207 7044 195048 1 1320 490 554
4207 7044 195058 1 1320 490 584
4207 7044 195068 1 1320 490 614
4207 7044 195078 1 1320 490 641
4200 7044 195088 1 1300 500 667
4188 7044 195098 1 1300 500 702
4172 7039 195108 1 1320 500 713
4154 7039 195118 1 1320 500 722
4149 7033 195128 1 1320 500 721
4149 7033 195138 1 1320 500 730
4149 7033 195148 1 1320 500 721
4149 7033 195158 1 1320 500 728
4149 7033 195168 1 1320 500 751
4149 7033 195178 1 1320 500 754
4149 7033 195188 1 1320 500 750
4149 7033 195198 1 1320 500 757
4149 7033 195208 1 1320 500 752
4149 7033 195218 1 1320 500 748
4149 7033 195228 1 1320 500 739
4156 7024 195238 1 1320 500 728
4167 7010 195248 1 1320 500 728
4182 6996 195258 1 1320 500 711
4192 6982 195268 1 1320 500 700
4198 6972 195278 1 1320 500 696
4204 6965 195288 1 1320 500 694
4209 6949 195298 1 1320 500 691
4209 6927 195308 1 1300 500 697
4215 6881 195318 1 1300 500 688
4215 6821 195320 1 1290 500 679
4215 6821 195330 1 1290 500 675
4230 6699 195340 1 1290 500 669
4236 6630 195350 1 1290 500 664
4250 6554 195360 1 1270 500 663
4268 6468 195370 1 1270 500 673
4291 6361 195380 1 1270 500 670
4320 6241 195390 1 1260 500 662
4353 6103 195400 1 1260 500 649
4385 5960 195410 1 1260 500 647
4414 5832 195420 1 1250 510 633
4442 5715 195430 1 1230 510 630
4468 5620 195440 1 1220 510 624
4495 5529 195450 1 1200 510 622
4525 5442 195460 1 1190 510 620
4555 5363 195470 1 1170 520 617
4587 5300 195480 1 1170 520 622
4621 5249 195490 1 1160 520 622
4662 5206 195500 1 1150 520 624
4706 5164 195510 1 1160 530 625
4755 5124 195520 1 1140 530 638
4806 5080 195530 1 1130 540 637
4853 5054 195540 1 1130 540 637
4897 5039 195550 1 1120 550 649
4937 5039 195560 1 1110 550 643
4995 5067 195570 1 1110 550 643
5063 5110 195580 1 1100 550 646
5135 5186 195590 1 1100 560 646
5207 5266 195600 1 1100 560 650
5281 5348 195610 1 1100 560 653
5348 5415 195620 1 1100 560 656
5411 5476 195630 1 1110 570 659
5459 5529 195640 1 1110 570 667
5502 5584 195650 1 1110 570 670
5542 5644 195660 1 1110 570 663
5572 5706 195670 1 1110 570 666
5598 5779 195680 1 1110 570 670
5622 5856 195690 1 1110 570 673
5644 5937 195700 1 1110 570 679
5653 5986 195710 1 1130 570 687
5653 6022 195720 1 1130 570 694
5641 6049 195730 1 1140 570 699
5614 6082 195740 1 1140 570 699
5577 6115 195750 1 1160 560 699
5522 6145 195760 1 1170 560 697
5464 6171 195770 1 1170 560 700
5404 6188 195780 1 1180 560 694
5358 6193 195790 1 1180 560 697
5316 6193 195800 1 1200 550 700
5282 6193 195810 1 1210 550 705
5254 6193 195820 1 1210 550 705
5231 6188 195830 1 1230 550 707
5212 6183 195840 1 1230 550 702
5193 6175 195850 1 1240 540 700
5172 6150 195860 1 1240 540 697
5150 6114 195870 1 1240 540 697
5134 6069 195880 1 1240 540 696
5128 6024 195890 1 1240 540 696
5128 5981 195900 1 1240 540 694
5139 5943 195910 1 1240 540 693
5157 5907 195920 1 1240 540 694
5182 5873 195930 1 1240 540 696
5218 5842 195940 1 1240 540 697
5260 5812 195950 1 1230 550 700
5304 5796 195960 1 1230 550 700
5347 5784 195970 1 1230 550 702
5390 5774 195980 1 1210 550 705
5433 5764 195990 1 1210 550 708
5481 5754 196000 1 1190 540 711
5532 5743 196010 1 1170 550 717
5590 5733 196020 1 1170 550 721
5652 5722 196030 1 1160 550 722
5714 5710 196040 1 1170 560 725
5786 5696 196050 1 1160 560 731
5857 5681 196060 1 1140 570 733
5926 5670 196070 1 1140 570 722
5997 5660 196080 1 1130 570 727
6072 5660 196090 1 1110 570 733
6151 5660 196100 1 1120 580 734
6234 5660 196110 1 1120 580 737
6320 5674 196120 1 1120 580 739
6403 5686 196130 1 1120 580 740
6484 5699 196140 1 1120 580 743
6564 5714 196150 1 1120 580 748
6646 5733 196160 1 1120 580 749
6733 5754 196170 1 1130 590 757
6827 5779 196180 1 1130 590 756
6920 5811 196190 1 1130 590 768
7010 5847 196200 1 1130 590 773
7098 5885 196210 1 1130 600 779
7192 5923 196220 1 1130 600 780
7286 5960 196230 1 1150 600 787
7381 5997 196240 1 1150 600 791
7462 6031 196250 1 1170 590 793
7534 6060 196260 1 1180 600 793
7596 6082 196270 1 1190 600 790
7648 6100 196280 1 1190 600 788
7692 6117 196290 1 1210 590 790
7734 6134 196300 1 1210 590 787
7758 6151 196310 1 1220 600 746
7770 6168 196320 1 1240 600 589
7760 6195 196330 1 1240 600 76
7609 6646 196642 0 1260 570 101
7609 6646 196652 1 1260 570 131
7609 6646 196662 1 1260 570 171
7609 6646 196672 1 1260 570 213
7609 6646 196682 1 1260 570 249
7609 6646 196692 1 1260 570 259
7609 6646 196702 1 1260 570 282
7609 6646 196712 1 1240 570 304
7609 6646 196722 1 1240 570 335
7609 6646 196732 1 1240 570 366
7609 6646 196742 1 1240 570 417
7688 6713 196752 1 1240 570 443
7752 6725 196762 1 1240 570 488
7841 6740 196772 1 1240 570 513
7947 6752 196782 1 1240 570 542
8047 6760 196792 1 1260 580 566
8151 6760 196802 1 1260 580 592
8264 6760 196812 1 1260 580 617
8381 6754 196822 1 1270 590 627
8489 6754 196832 1 1270 590 645
8590 6741 196842 1 1280 590 652
8670 6729 196852 1 1290 590 659
8734 6718 196862 1 1290 590 664
8787 6708 196872 1 1290 590 665
8821 6697 196882 1 1310 600 668
8838 6687 196892 1 1310 600 666
8843 6675 196902 1 1310 600 673
8835 6661 196912 1 1320 600 673
8808 6644 196922 1 1320 600 673
8769 6625 196932 1 1320 600 675
8721 6604 196942 1 1320 600 676
8661 6580 196952 1 1320 600 675
8592 6546 196962 1 1320 600 676
8517 6508 196972 1 1320 600 675
8432 6465 196982 1 1320 600 676
8340 6420 196992 1 1320 600 676
8235 6369 197002 1 1320 600 675
8135 6317 197012 1 1320 600 676
8046 6272 197022 1 1320 600 676
7984 6231 197032 1 1320 600 679
7938 6206 197042 1 1320 600 679
7913 6193 197052 1 1320 600 676
7913 6188 197062 1 1320 600 675
7918 6188 197072 1 1320 600 675
7939 6188 197082 1 1320 600 682
7982 6188 197092 1 1320 600 691
8039 6198 197102 1 1310 600 690
8118 6219 197112 1 1310 600 700
8216 6240 197122 1 1310 600 713
8327 6262 197132 1 1310 600 724
8437 6281 197142 1 1310 600 727
8542 6299 197152 1 1310 600 731
8643 6311 197162 1 1310 600 733
8736 6319 197172 1 1310 600 739
8818 6314 197182 1 1290 600 739
8892 6302 197192 1 1290 600 740
8950 6295 197202 1 1290 600 746
8988 6276 197212 1 1310 610 754
9012 6249 197222 1 1310 610 758
9022 6225 197232 1 1310 610 751
9014 6197 197242 1 1320 610 750
8994 6161 197252 1 1320 610 751
8946 6117 197262 1 1320 610 750
8868 6064 197272 1 1320 610 753
8769 6008 197282 1 1320 610 754
8665 5946 197292 1 1320 610 756
8561 5877 197302 1 1300 620 756
8457 5802 197312 1 1300 620 759
8353 5729 197322 1 1290 630 762
8251 5656 197332 1 1290 630 763
8151 5581 197342 1 1290 640 759
8052 5516 197352 1 1290 640 759
7946 5444 197362 1 1270 640 759
7836 5368 197372 1 1270 640 762
7738 5299 197382 1 1240 640 765
7673 5251 197392 1 1220 630 773
7631 5218 197402 1 1200 640 777
7626 5211 197412 1 1170 630 768
7626 5211 197422 1 1170 630 767
7638 5211 197432 1 1160 640 768
7660 5199 197442 1 1150 630 770
7689 5192 197452 1 1130 630 771
7744 5192 197462 1 1130 630 777
7814 5192 197472 1 1110 640 785
7916 5216 197482 1 1110 640 796
8020 5261 197492 1 1110 640 784
8148 5320 197502 1 1110 640 790
8292 5381 197512 1 1110 640 790
8447 5438 197522 1 1100 630 793
8595 5485 197532 1 1110 640 794
8737 5523 197542 1 1110 640 791
8887 5557 197552 1 1110 640 794
9030 5574 197562 1 1110 640 796
9155 5580 197572 1 1110 640 800
9270 5557 197582 1 1100 650 808
9376 5557 197592 1 1100 650 808
9483 5571 197602 1 1100 650 811
9593 5583 197612 1 1100 650 812
9699 5599 197622 1 1100 650 811
9807 5615 197632 1 1100 650 806
9903 5621 197642 1 1100 650 806
9991 5621 197652 1 1080 660 803
10039 5608 197662 1 1080 660 805
10068 5590 197672 1 1080 660 808
10083 5568 197682 1 1080 660 809
10090 5544 197692 1 1080 660 809
10090 5518 197702 1 1080 660 803
10090 5503 197712 1 1080 660 785
10090 5496 197722 1 1060 660 779
10090 5488 197732 1 1070 670 742
10090 5478 197742 1 1070 670 670
10065 5463 197752 1 1070 670 529
10006 5421 197762 1 1070 670 292
