589
2632 5743 2378950 0 1220 500 27
2601 5743 2378960 1 1220 500 53
2589 5750 2378970 1 1220 510 91
2580 5755 2378980 1 1220 510 93
2573 5755 2378990 1 1220 510 127
2565 5762 2379000 1 1220 510 132
2558 5762 2379010 1 1220 510 165
2553 5769 2379020 1 1220 510 175
2553 5774 2379030 1 1210 520 178
2553 5774 2379040 1 1210 520 178
2553 5779 2379050 1 1220 530 171
2553 5785 2379060 1 1220 530 170
2562 5794 2379070 1 1220 530 179
2578 5812 2379080 1 1220 530 177
2598 5832 2379090 1 1230 520 175
2626 5854 2379100 1 1230 520 175
2661 5882 2379110 1 1230 520 175
2702 5909 2379120 1 1230 520 175
2747 5936 2379130 1 1240 520 175
2797 5963 2379140 1 1240 520 175
2856 6012 2379150 1 1260 510 177
2921 6051 2379160 1 1270 510 175
2995 6083 2379170 1 1270 510 177
3076 6112 2379180 1 1280 500 175
3165 6140 2379190 1 1280 500 175
3247 6164 2379200 1 1280 500 177
3322 6186 2379210 1 1290 500 177
3402 6209 2379220 1 1290 500 177
3485 6232 2379230 1 1290 500 175
3573 6254 2379240 1 1300 500 177
3664 6266 2379250 1 1300 500 175
3754 6274 2379260 1 1300 500 175
3822 6274 2379270 1 1300 500 177
3875 6267 2379280 1 1300 500 177
3925 6257 2379290 1 1300 500 177
3968 6245 2379300 1 1300 500 179
4005 6230 2379310 1 1300 500 180
4034 6210 2379320 1 1300 500 180
4057 6185 2379330 1 1300 500 179
4077 6158 2379340 1 1300 500 182
4086 6126 2379350 1 1300 500 186
4086 6087 2379360 1 1320 490 173
4071 6046 2379370 1 1320 490 188
4051 5997 2379380 1 1320 490 196
4021 5940 2379390 1 1320 490 205
3984 5879 2379400 1 1320 490 213
3942 5813 2379410 1 1320 490 220
3895 5754 2379420 1 1300 500 222
3845 5699 2379430 1 1300 500 211
3791 5639 2379440 1 1300 500 211
3728 5578 2379450 1 1290 500 218
3658 5513 2379460 1 1280 490 225
3594 5448 2379470 1 1280 490 232
3534 5382 2379480 1 1270 500 240
3480 5314 2379490 1 1270 500 247
3428 5255 2379500 1 1270 500 254
3381 5201 2379510 1 1250 500 241
3346 5157 2379520 1 1250 500 242
3320 5120 2379530 1 1240 500 242
3296 5087 2379540 1 1240 500 242
3276 5059 2379550 1 1240 500 242
3266 5041 2379560 1 1220 500 256
3266 5031 2379570 1 1220 500 251
3266 5022 2379580 1 1220 500 247
3266 5013 2379590 1 1240 500 242
3275 5004 2379600 1 1240 500 239
3287 4997 2379610 1 1240 500 237
3302 4992 2379620 1 1240 500 233
3320 4992 2379630 1 1240 500 235
3342 4983 2379640 1 1240 500 233
3367 4983 2379650 1 1240 500 233
3398 4977 2379660 1 1240 500 233
3435 4977 2379670 1 1240 500 235
3475 4972 2379680 1 1240 500 235
3519 4965 2379690 1 1240 500 235
3565 4955 2379700 1 1240 500 233
3610 4944 2379710 1 1240 500 233
3652 4934 2379720 1 1250 500 233
3691 4920 2379730 1 1250 500 235
3729 4904 2379740 1 1250 500 235
3759 4888 2379750 1 1250 500 235
3784 4871 2379760 1 1250 500 235
3801 4850 2379770 1 1250 500 235
3809 4826 2379780 1 1250 500 235
3809 4796 2379790 1 1250 500 235
3809 4764 2379800 1 1240 500 237
3792 4733 2379810 1 1240 500 239
3773 4702 2379820 1 1240 500 239
3746 4668 2379830 1 1240 500 240
3713 4632 2379840 1 1240 500 240
3677 4595 2379850 1 1240 500 242
3648 4564 2379860 1 1220 500 242
3622 4536 2379870 1 1220 500 242
3606 4516 2379880 1 1220 500 240
3600 4499 2379890 1 1220 500 242
3600 4485 2379900 1 1210 510 240
3600 4475 2379910 1 1210 510 240
3615 4466 2379920 1 1200 500 239
3635 4456 2379930 1 1200 500 235
3664 4447 2379940 1 1200 500 233
3698 4438 2379950 1 1200 500 228
3741 4428 2379960 1 1200 500 223
3790 4416 2379970 1 1200 500 216
3837 4401 2379980 1 1200 500 216
3884 4382 2379990 1 1200 500 218
3933 4362 2380000 1 1200 500 218
3974 4343 2380010 1 1200 500 216
4009 4322 2380020 1 1200 500 216
4039 4302 2380030 1 1200 500 216
4058 4281 2380040 1 1200 500 218
4070 4258 2380050 1 1200 500 216
4070 4235 2380060 1 1200 500 216
4060 4200 2380070 1 1200 500 218
4043 4162 2380080 1 1200 500 218
4014 4120 2380090 1 1200 500 218
3984 4075 2380100 1 1210 510 216
3952 4033 2380110 1 1210 510 219
3924 3997 2380120 1 1210 510 223
3900 3965 2380130 1 1210 510 221
3884 3937 2380140 1 1210 510 221
3872 3916 2380150 1 1210 510 219
3866 3900 2380160 1 1210 510 218
3866 3888 2380170 1 1210 510 216
3866 3878 2380180 1 1210 510 214
3880 3869 2380190 1 1210 510 209
3898 3858 2380200 1 1210 510 209
3922 3851 2380210 1 1210 510 209
3953 3851 2380220 1 1220 500 209
3989 3845 2380230 1 1220 500 209
4032 3845 2380240 1 1220 500 209
4077 3845 2380250 1 1220 500 207
4121 3840 2380260 1 1220 500 207
4162 3840 2380270 1 1220 500 207
4201 3830 2380280 1 1220 500 209
4228 3819 2380290 1 1220 500 207
4245 3806 2380300 1 1220 500 209
4256 3790 2380310 1 1220 500 211
4256 3768 2380320 1 1220 500 212
4251 3741 2380330 1 1210 510 212
4236 3709 2380340 1 1210 510 212
4213 3675 2380350 1 1210 510 214
4180 3637 2380360 1 1210 510 216
4141 3597 2380370 1 1200 510 221
4102 3554 2380380 1 1200 510 219
4064 3511 2380390 1 1200 510 223
4031 3467 2380400 1 1190 510 225
4003 3422 2380410 1 1180 510 226
3984 3384 2380420 1 1180 510 225
3975 3351 2380430 1 1180 510 226
3975 3321 2380440 1 1170 510 225
3984 3305 2380450 1 1170 510 228
4003 3299 2380460 1 1170 510 225
4032 3290 2380470 1 1170 510 225
4068 3290 2380480 1 1170 510 226
4113 3285 2380490 1 1170 510 233
4163 3280 2380500 1 1150 500 237
4214 3280 2380510 1 1150 510 239
4264 3280 2380520 1 1150 510 237
4313 3288 2380530 1 1150 510 244
4360 3304 2380540 1 1150 510 247
4403 3331 2380550 1 1150 510 240
4442 3362 2380560 1 1150 510 171
4871 5394 2381234 0 1270 500 18
4852 5421 2381244 1 1270 500 48
4847 5434 2381254 1 1270 500 63
4847 5447 2381264 1 1270 500 63
4847 5463 2381274 1 1270 500 47
4854 5481 2381284 1 1270 500 50
4864 5496 2381294 1 1270 500 51
4879 5516 2381304 1 1270 500 50
4901 5539 2381314 1 1270 500 53
4928 5564 2381324 1 1270 500 50
4960 5588 2381334 1 1270 500 56
4996 5610 2381344 1 1270 500 50
5035 5630 2381354 1 1270 500 51
5077 5647 2381364 1 1270 500 50
5122 5660 2381374 1 1270 500 50
5173 5672 2381384 1 1270 500 50
5234 5684 2381394 1 1270 500 50
5292 5694 2381404 1 1270 500 50
5347 5700 2381414 1 1270 500 55
5398 5706 2381424 1 1270 500 56
5440 5714 2381434 1 1270 500 58
5477 5723 2381444 1 1270 500 65
5505 5723 2381454 1 1270 500 66
5522 5723 2381464 1 1270 500 66
5532 5723 2381474 1 1270 500 70
5532 5723 2381484 1 1270 500 101
5532 5717 2381494 1 1270 500 96
5524 5708 2381504 1 1270 500 101
5508 5691 2381514 1 1270 500 103
5482 5670 2381524 1 1270 500 103
5448 5641 2381534 1 1270 500 103
5409 5608 2381544 1 1270 500 98
5364 5573 2381554 1 1270 500 90
5315 5531 2381564 1 1270 500 108
5255 5483 2381574 1 1270 500 109
5195 5432 2381584 1 1270 500 95
5137 5377 2381594 1 1270 500 101
5083 5319 2381604 1 1270 500 101
5034 5256 2381614 1 1270 500 101
4988 5194 2381624 1 1270 500 100
4946 5132 2381634 1 1270 500 101
4907 5073 2381644 1 1270 500 105
4871 5014 2381654 1 1270 500 108
4840 4958 2381664 1 1270 500 120
4815 4905 2381674 1 1280 490 125
4793 4855 2381684 1 1280 490 129
4776 4805 2381694 1 1280 490 132
4764 4761 2381704 1 1280 490 132
4755 4720 2381714 1 1270 490 134
4748 4682 2381724 1 1270 490 136
4748 4651 2381734 1 1260 490 141
4753 4624 2381744 1 1260 490 144
4763 4599 2381754 1 1260 490 144
4777 4577 2381764 1 1260 490 146
4791 4556 2381774 1 1260 490 148
4807 4540 2381784 1 1260 490 132
4827 4523 2381794 1 1250 500 132
4849 4509 2381804 1 1250 500 132
4874 4496 2381814 1 1250 500 134
4901 4484 2381824 1 1230 490 137
4931 4473 2381834 1 1240 500 141
4963 4464 2381844 1 1240 500 144
4997 4455 2381854 1 1240 500 149
5034 4447 2381864 1 1240 500 160
5072 4440 2381874 1 1240 500 165
5114 4432 2381884 1 1240 500 172
5160 4425 2381894 1 1240 500 179
5207 4425 2381904 1 1240 500 170
5254 4419 2381914 1 1240 500 173
5302 4419 2381924 1 1240 500 176
5350 4425 2381934 1 1240 500 183
5400 4430 2381944 1 1240 500 183
5451 4437 2381954 1 1240 500 186
5506 4445 2381964 1 1240 500 186
5562 4456 2381974 1 1240 500 190
5619 4468 2381984 1 1240 500 188
5680 4478 2381994 1 1240 500 190
5741 4488 2382004 1 1240 500 191
5803 4501 2382014 1 1240 500 191
5857 4516 2382024 1 1240 500 195
5905 4535 2382034 1 1240 500 193
5953 4553 2382044 1 1250 510 193
6001 4574 2382054 1 1250 510 193
6050 4597 2382064 1 1250 510 196
6099 4623 2382074 1 1250 510 195
6151 4651 2382084 1 1250 510 195
6203 4680 2382094 1 1250 510 200
6256 4714 2382104 1 1260 510 200
6304 4747 2382114 1 1260 510 202
6349 4790 2382124 1 1260 510 202
6389 4839 2382134 1 1260 510 205
6422 4885 2382144 1 1260 510 205
6449 4928 2382154 1 1260 510 205
6472 4969 2382164 1 1260 510 207
6485 5009 2382174 1 1260 510 212
6490 5051 2382184 1 1270 510 215
6490 5097 2382194 1 1270 510 213
6490 5145 2382204 1 1270 510 215
6481 5195 2382214 1 1270 510 217
6467 5246 2382224 1 1270 510 213
6453 5297 2382234 1 1280 500 217
6434 5346 2382244 1 1280 500 213
6411 5396 2382254 1 1280 500 208
6383 5444 2382264 1 1290 510 205
6349 5492 2382274 1 1290 510 205
6311 5534 2382284 1 1290 510 202
6268 5575 2382294 1 1290 510 198
6217 5612 2382304 1 1290 510 198
6160 5644 2382314 1 1290 510 198
6105 5672 2382324 1 1290 510 196
6051 5697 2382334 1 1290 510 196
5996 5715 2382344 1 1290 510 196
5939 5729 2382354 1 1290 510 202
5885 5739 2382364 1 1290 510 196
5830 5746 2382374 1 1290 510 200
5770 5746 2382384 1 1290 510 200
5706 5752 2382394 1 1290 510 200
5649 5752 2382404 1 1290 510 200
5592 5752 2382414 1 1290 510 200
5535 5741 2382424 1 1280 500 202
5479 5729 2382434 1 1280 500 202
5423 5715 2382444 1 1280 500 200
5367 5697 2382454 1 1280 500 205
5313 5676 2382464 1 1280 500 212
5260 5653 2382474 1 1280 500 218
5210 5627 2382484 1 1270 500 222
5164 5597 2382494 1 1270 500 207
5125 5568 2382504 1 1270 500 211
5094 5534 2382514 1 1270 500 211
5068 5499 2382524 1 1270 500 207
5049 5465 2382534 1 1270 500 211
5033 5430 2382544 1 1260 490 211
5019 5392 2382554 1 1260 490 207
5009 5350 2382564 1 1260 490 211
5003 5308 2382574 1 1260 490 209
5003 5267 2382584 1 1260 490 207
5003 5221 2382594 1 1260 490 211
5003 5174 2382604 1 1260 490 211
5003 5124 2382614 1 1260 490 211
5010 5073 2382624 1 1260 490 211
5018 5023 2382634 1 1260 490 214
5028 4974 2382644 1 1260 490 212
5039 4919 2382654 1 1260 490 214
5054 4861 2382664 1 1260 490 214
5070 4800 2382674 1 1260 490 214
5089 4738 2382684 1 1260 490 212
5108 4684 2382694 1 1260 490 214
5129 4635 2382704 1 1260 490 212
5150 4585 2382714 1 1260 490 214
5172 4534 2382724 1 1260 490 218
5194 4479 2382734 1 1260 490 219
5217 4420 2382744 1 1250 500 223
5240 4359 2382754 1 1250 500 221
5265 4297 2382764 1 1250 500 221
5288 4232 2382774 1 1250 500 223
5309 4167 2382784 1 1250 500 221
5331 4109 2382794 1 1250 500 221
5353 4055 2382804 1 1240 500 221
5376 4005 2382814 1 1240 500 221
5396 3956 2382824 1 1240 500 221
5415 3905 2382834 1 1240 500 223
5434 3853 2382844 1 1240 500 225
5449 3796 2382854 1 1240 500 223
5461 3736 2382864 1 1240 500 226
5472 3679 2382874 1 1250 510 226
5478 3627 2382884 1 1250 510 225
5478 3577 2382894 1 1230 510 230
5484 3530 2382904 1 1230 510 228
5484 3489 2382914 1 1230 510 235
5472 3451 2382924 1 1230 510 240
5464 3419 2382934 1 1230 510 254
5452 3391 2382944 1 1220 510 257
5436 3365 2382954 1 1220 510 269
5419 3341 2382964 1 1220 510 280
5397 3323 2382974 1 1210 520 274
5372 3309 2382984 1 1210 520 282
5342 3304 2382994 1 1210 520 291
5311 3299 2383004 1 1210 520 301
5278 3299 2383014 1 1210 520 307
5245 3311 2383024 1 1210 520 317
5212 3318 2383034 1 1210 520 310
5179 3331 2383044 1 1210 520 312
5147 3348 2383054 1 1210 520 317
5118 3365 2383064 1 1210 520 320
5091 3386 2383074 1 1210 520 322
5063 3409 2383084 1 1210 520 322
5034 3435 2383094 1 1210 520 320
5005 3460 2383104 1 1210 520 324
4977 3489 2383114 1 1210 520 325
4951 3522 2383124 1 1210 520 324
4926 3553 2383134 1 1210 520 324
4902 3585 2383144 1 1210 520 325
4882 3619 2383154 1 1210 520 322
4867 3651 2383164 1 1200 510 320
4855 3683 2383174 1 1200 510 320
4845 3716 2383184 1 1200 510 319
4838 3751 2383194 1 1200 510 319
4838 3784 2383204 1 1200 510 312
4833 3813 2383214 1 1200 510 312
4833 3838 2383224 1 1200 510 305
4838 3861 2383234 1 1210 510 316
4845 3885 2383244 1 1210 510 314
4853 3911 2383254 1 1210 510 311
4865 3939 2383264 1 1220 500 309
4883 3964 2383274 1 1220 500 306
4902 3988 2383284 1 1220 500 307
4921 4009 2383294 1 1240 500 304
4942 4030 2383304 1 1240 500 302
4966 4047 2383314 1 1240 500 302
4993 4063 2383324 1 1240 500 301
5021 4078 2383334 1 1250 500 297
5052 4091 2383344 1 1250 500 297
5085 4101 2383354 1 1250 500 296
5121 4110 2383364 1 1250 500 294
5160 4117 2383374 1 1250 500 292
5201 4123 2383384 1 1250 500 292
5242 4123 2383394 1 1250 500 292
5281 4123 2383404 1 1250 500 292
5318 4123 2383414 1 1250 500 294
5356 4114 2383424 1 1250 500 294
5394 4106 2383434 1 1250 500 292
5432 4096 2383444 1 1250 500 292
5470 4086 2383454 1 1250 500 294
5508 4075 2383464 1 1250 500 292
5544 4063 2383474 1 1250 500 292
5579 4049 2383484 1 1250 500 292
5615 4031 2383494 1 1250 500 291
5651 4009 2383504 1 1250 500 292
5686 3986 2383514 1 1250 500 291
5723 3959 2383524 1 1250 500 291
5761 3931 2383534 1 1250 500 291
5802 3902 2383544 1 1250 500 292
5843 3872 2383554 1 1250 500 292
5880 3841 2383564 1 1250 500 292
5914 3807 2383574 1 1260 500 294
5950 3773 2383584 1 1260 500 294
5987 3737 2383594 1 1260 500 294
6026 3704 2383604 1 1260 500 297
6066 3673 2383614 1 1260 500 296
6105 3645 2383624 1 1270 510 297
6147 3623 2383634 1 1260 510 299
6190 3604 2383644 1 1260 510 299
6236 3592 2383654 1 1260 510 299
6281 3584 2383664 1 1260 510 302
6321 3579 2383674 1 1240 520 301
6359 3579 2383684 1 1240 520 302
6395 3579 2383694 1 1240 520 304
6430 3587 2383704 1 1230 520 309
6463 3597 2383714 1 1230 520 314
6495 3615 2383724 1 1230 520 305
6530 3639 2383734 1 1230 520 312
6569 3681 2383744 1 1230 520 317
6608 3734 2383754 1 1230 520 322
6634 3795 2383764 1 1230 520 324
6652 3854 2383774 1 1230 520 324
6661 3914 2383784 1 1230 520 325
6661 3971 2383794 1 1240 520 324
6661 4023 2383804 1 1240 520 324
6653 4071 2383814 1 1240 520 316
6643 4118 2383824 1 1260 510 212
7106 5121 2384749 0 1340 500 15
7112 5144 2384759 1 1340 500 48
7112 5154 2384769 1 1340 500 47
7112 5164 2384779 1 1340 500 65
7118 5174 2384789 1 1340 500 75
7118 5189 2384799 1 1340 500 91
7126 5207 2384809 1 1340 500 101
7133 5228 2384819 1 1340 500 101
7141 5258 2384829 1 1340 500 119
7152 5293 2384839 1 1340 500 132
7164 5329 2384849 1 1330 510 149
7177 5365 2384859 1 1330 510 136
7192 5400 2384869 1 1330 510 143
7206 5435 2384879 1 1330 510 149
7221 5463 2384889 1 1330 510 149
7236 5491 2384899 1 1330 510 148
7256 5515 2384909 1 1330 510 151
7276 5535 2384919 1 1330 510 149
7299 5552 2384929 1 1330 510 151
7328 5567 2384939 1 1330 510 149
7361 5581 2384949 1 1330 510 153
7399 5593 2384959 1 1330 510 153
7442 5606 2384969 1 1330 510 151
7490 5616 2384979 1 1330 510 153
7539 5624 2384989 1 1320 500 153
7587 5624 2384999 1 1320 500 149
7642 5624 2385009 1 1300 510 148
7700 5616 2385019 1 1300 510 148
7762 5606 2385029 1 1300 510 149
7829 5596 2385039 1 1320 510 149
7897 5586 2385049 1 1320 510 151
7961 5576 2385059 1 1320 510 151
8022 5565 2385069 1 1330 520 153
8088 5555 2385079 1 1330 520 153
8152 5546 2385089 1 1330 520 148
8214 5529 2385099 1 1340 520 148
8269 5512 2385109 1 1340 520 149
8319 5494 2385119 1 1340 520 149
8365 5477 2385129 1 1340 520 148
8393 5457 2385139 1 1350 530 149
8410 5436 2385149 1 1350 530 149
8420 5415 2385159 1 1350 530 149
8428 5394 2385169 1 1350 530 149
8420 5374 2385179 1 1360 540 151
8401 5349 2385189 1 1360 540 153
8372 5326 2385199 1 1360 540 153
8336 5301 2385209 1 1360 540 144
8294 5275 2385219 1 1360 540 139
8239 5247 2385229 1 1360 540 137
8185 5216 2385239 1 1350 530 137
8131 5181 2385249 1 1350 530 134
8076 5142 2385259 1 1350 530 134
8020 5101 2385269 1 1360 520 149
7965 5055 2385279 1 1360 520 149
7909 5007 2385289 1 1360 520 149
7855 4961 2385299 1 1360 520 149
7803 4914 2385309 1 1360 520 148
7760 4871 2385319 1 1360 520 148
7724 4830 2385329 1 1350 520 148
7695 4794 2385339 1 1350 520 132
7672 4758 2385349 1 1350 520 132
7653 4728 2385359 1 1350 520 131
7638 4703 2385369 1 1340 510 131
7626 4677 2385379 1 1340 510 132
7615 4654 2385389 1 1340 510 132
7606 4632 2385399 1 1340 510 132
7600 4609 2385409 1 1330 510 132
7595 4589 2385419 1 1330 510 134
7595 4570 2385429 1 1320 510 132
7601 4554 2385439 1 1320 510 132
7612 4538 2385449 1 1300 510 134
7627 4523 2385459 1 1300 510 132
7648 4507 2385469 1 1300 510 136
7675 4490 2385479 1 1290 510 139
7706 4473 2385489 1 1290 510 144
7743 4456 2385499 1 1290 510 149
7785 4439 2385509 1 1290 510 156
7833 4421 2385519 1 1290 510 163
7885 4403 2385529 1 1290 510 165
7937 4384 2385539 1 1300 520 170
7988 4363 2385549 1 1300 520 172
8042 4341 2385559 1 1300 520 173
8098 4318 2385569 1 1310 520 175
8155 4296 2385579 1 1310 520 177
8216 4276 2385589 1 1310 520 179
8284 4259 2385599 1 1310 520 179
8355 4242 2385609 1 1310 520 180
8423 4224 2385619 1 1310 520 179
8485 4206 2385629 1 1330 530 184
8546 4191 2385639 1 1330 530 171
8601 4176 2385649 1 1330 530 178
8653 4162 2385659 1 1330 530 180
8704 4151 2385669 1 1340 520 180
8748 4138 2385679 1 1340 520 180
8785 4124 2385689 1 1340 520 183
8816 4108 2385699 1 1340 520 181
8838 4091 2385709 1 1340 520 183
8849 4075 2385719 1 1340 520 186
8849 4060 2385729 1 1330 520 191
8849 4045 2385739 1 1330 520 196
8831 4030 2385749 1 1330 520 202
8807 4013 2385759 1 1330 520 202
8774 3993 2385769 1 1330 520 208
8735 3977 2385779 1 1330 520 208
8692 3962 2385789 1 1330 520 212
8645 3943 2385799 1 1330 520 217
8594 3923 2385809 1 1330 520 220
8541 3902 2385819 1 1330 520 209
8493 3881 2385829 1 1340 510 212
8447 3858 2385839 1 1340 510 214
8403 3832 2385849 1 1340 510 218
8365 3809 2385859 1 1340 510 219
8332 3788 2385869 1 1340 510 219
8305 3765 2385879 1 1340 510 221
8286 3743 2385889 1 1330 520 221
8272 3725 2385899 1 1330 520 221
8264 3709 2385909 1 1330 520 219
8264 3696 2385919 1 1310 520 221
8264 3685 2385929 1 1310 520 221
8271 3675 2385939 1 1310 520 223
8283 3663 2385949 1 1300 530 221
8298 3649 2385959 1 1300 530 221
8317 3633 2385969 1 1290 530 225
8339 3618 2385979 1 1290 530 223
8361 3600 2385989 1 1290 530 223
8383 3582 2385999 1 1280 540 226
8405 3564 2386009 1 1280 540 226
8430 3546 2386019 1 1290 550 226
8460 3528 2386029 1 1270 550 226
8492 3510 2386039 1 1270 550 225
8528 3493 2386049 1 1270 550 226
8566 3474 2386059 1 1270 550 228
8605 3454 2386069 1 1270 550 230
8637 3437 2386079 1 1270 550 228
8665 3422 2386089 1 1280 540 230
8684 3408 2386099 1 1280 540 228
8692 3399 2386109 1 1280 540 233
8692 3393 2386119 1 1280 540 239
8684 3382 2386129 1 1280 540 242
8660 3370 2386139 1 1280 540 240
8626 3354 2386149 1 1280 540 246
8585 3337 2386159 1 1280 540 246
8535 3311 2386169 1 1290 530 249
8479 3278 2386179 1 1290 530 254
8422 3244 2386189 1 1290 530 247
8367 3210 2386199 1 1290 530 270
8319 3181 2386209 1 1290 530 275
8280 3155 2386219 1 1290 530 279
8249 3130 2386229 1 1290 530 282
8225 3105 2386239 1 1290 530 284
8208 3082 2386249 1 1290 530 284
8199 3061 2386259 1 1290 530 285
8199 3041 2386269 1 1290 530 287
8206 3020 2386279 1 1300 530 287
8217 2999 2386289 1 1300 530 279
8243 2977 2386299 1 1300 530 291
8279 2956 2386309 1 1300 530 301
8329 2934 2386319 1 1300 530 312
8382 2910 2386329 1 1300 530 305
8441 2885 2386339 1 1300 530 317
8503 2860 2386349 1 1300 530 342
8567 2837 2386359 1 1300 530 343
8634 2819 2386369 1 1300 530 353
8703 2804 2386379 1 1300 530 353
8769 2793 2386389 1 1300 530 353
8832 2793 2386399 1 1300 530 340
8896 2793 2386409 1 1310 540 228
