272
2675 5760 8473374 0 1610 480 257
2675 5760 8473384 1 1610 490 274
2675 5760 8473394 1 1600 500 247
2675 5760 8473404 1 1580 510 225
2675 5760 8473414 1 1570 520 244
2675 5760 8473424 1 1560 510 276
2675 5760 8473434 1 1550 520 281
2675 5760 8473444 1 1530 530 286
2675 5760 8473454 1 1510 530 294
2675 5760 8473464 1 1500 540 312
2675 5760 8473474 1 1500 540 322
2675 5760 8473484 1 1470 550 329
2675 5760 8473494 1 1460 550 334
2675 5760 8473504 1 1460 550 342
2675 5760 8473514 1 1450 560 341
2675 5760 8473524 1 1450 560 356
2675 5760 8473534 1 1450 560 366
2675 5760 8473544 1 1450 560 396
2675 5760 8473554 1 1470 560 404
2789 5794 8473564 1 1470 560 417
2837 5828 8473574 1 1470 560 441
2888 5867 8473584 1 1470 560 458
2944 5906 8473594 1 1480 560 475
3002 5944 8473604 1 1480 560 488
3060 5973 8473614 1 1490 550 510
3112 5997 8473624 1 1490 550 516
3154 6012 8473634 1 1510 540 527
3190 6019 8473644 1 1510 540 533
3212 6019 8473654 1 1520 540 535
3224 6019 8473664 1 1530 530 537
3229 6012 8473674 1 1530 530 546
3229 5993 8473684 1 1540 520 546
3207 5934 8473694 1 1540 520 551
3169 5849 8473704 1 1540 520 550
3098 5739 8473714 1 1550 510 559
3018 5628 8473724 1 1550 510 561
2933 5527 8473734 1 1530 520 559
2858 5433 8473744 1 1540 520 562
2787 5350 8473754 1 1540 520 564
2736 5291 8473764 1 1530 530 561
2697 5248 8473774 1 1530 530 559
2685 5230 8473784 1 1530 530 545
2691 5225 8473794 1 1520 540 551
2709 5230 8473804 1 1520 540 554
2756 5251 8473814 1 1520 540 559
2830 5296 8473824 1 1510 540 566
2921 5358 8473834 1 1510 540 586
3018 5418 8473844 1 1510 540 599
3114 5468 8473854 1 1510 540 613
3184 5488 8473864 1 1510 540 625
3238 5488 8473874 1 1510 540 631
3260 5479 8473884 1 1510 540 641
3260 5441 8473894 1 1510 540 671
3240 5387 8473904 1 1510 540 675
3174 5276 8473914 1 1510 540 676
3070 5153 8473924 1 1510 540 684
2940 5022 8473934 1 1500 540 694
2823 4895 8473944 1 1500 540 699
2726 4790 8473954 1 1490 550 702
2642 4701 8473964 1 1490 550 702
2605 4657 8473974 1 1490 550 694
2595 4642 8473984 1 1490 550 688
2602 4642 8473994 1 1470 550 685
2635 4666 8474004 1 1460 550 685
2689 4708 8474014 1 1460 550 687
2757 4765 8474024 1 1460 550 687
2837 4845 8474034 1 1460 550 690
2912 4905 8474044 1 1460 550 693
2984 4951 8474054 1 1460 550 696
3048 4982 8474064 1 1460 550 700
3106 5008 8474074 1 1460 550 691
3159 5026 8474084 1 1460 550 691
3201 5036 8474094 1 1460 550 694
3227 5036 8474104 1 1460 550 693
3243 5036 8474114 1 1460 550 702
3254 5031 8474124 1 1460 550 702
3262 5022 8474134 1 1480 560 700
3268 5010 8474144 1 1490 550 690
3268 4990 8474154 1 1490 550 694
3273 4954 8474164 1 1490 550 696
3273 4907 8474174 1 1490 550 697
3273 4841 8474184 1 1500 540 697
3273 4753 8474194 1 1500 540 702
3263 4650 8474204 1 1490 550 705
3245 4499 8474214 1 1490 550 708
3210 4306 8474224 1 1490 550 710
3163 4085 8474234 1 1490 550 711
3090 3910 8474244 1 1490 550 731
3003 3758 8474254 1 1480 560 754
2906 3622 8474264 1 1480 560 785
2817 3516 8474274 1 1480 560 784
2733 3428 8474284 1 1470 560 827
2662 3351 8474294 1 1470 560 842
2592 3293 8474304 1 1470 560 851
2521 3253 8474314 1 1440 570 861
2470 3226 8474324 1 1440 570 858
2423 3220 8474334 1 1440 570 879
2385 3220 8474344 1 1430 570 893
2355 3231 8474354 1 1430 570 908
2338 3244 8474364 1 1430 570 899
2330 3261 8474374 1 1430 570 902
2330 3282 8474384 1 1430 570 893
2336 3323 8474394 1 1420 580 893
2360 3380 8474404 1 1420 580 845
2395 3449 8474414 1 1420 580 763
2447 3530 8474424 1 1400 580 628
2527 3640 8474434 1 1400 580 349
3812 6027 8474766 0 1510 430 519
3855 5944 8474776 1 1540 450 559
3844 5950 8474786 1 1540 470 557
3813 5950 8474796 1 1580 490 561
3808 5899 8474806 1 1600 510 560
3789 5808 8474816 1 1620 530 589
3761 5737 8474826 1 1630 540 613
3722 5667 8474836 1 1630 550 616
3703 5601 8474846 1 1600 550 619
3696 5560 8474856 1 1590 550 614
3707 5533 8474866 1 1580 550 611
3742 5520 8474876 1 1580 550 617
3792 5544 8474886 1 1550 550 588
3903 5592 8474896 1 1550 550 581
4038 5688 8474906 1 1540 550 574
4188 5784 8474916 1 1530 550 578
4330 5880 8474926 1 1510 540 586
4444 5950 8474936 1 1510 540 622
4540 5994 8474946 1 1510 540 649
4621 6020 8474956 1 1510 540 664
4674 6020 8474966 1 1510 540 669
4709 5999 8474976 1 1510 540 697
4719 5963 8474986 1 1510 540 717
4684 5886 8474996 1 1510 540 724
4620 5760 8475006 1 1510 540 730
4493 5601 8475016 1 1510 540 733
4330 5418 8475026 1 1520 540 725
4144 5254 8475036 1 1520 540 725
3993 5104 8475046 1 1520 540 724
3889 4994 8475056 1 1520 540 721
3817 4913 8475066 1 1520 540 721
3777 4851 8475076 1 1520 540 733
3767 4836 8475086 1 1520 540 731
3777 4842 8475096 1 1520 540 720
3821 4862 8475106 1 1520 540 722
3894 4918 8475116 1 1510 540 727
3986 4992 8475126 1 1510 540 733
4079 5079 8475136 1 1510 540 736
4160 5133 8475146 1 1510 540 742
4233 5166 8475156 1 1510 540 748
4283 5184 8475166 1 1510 540 758
4316 5178 8475176 1 1510 540 768
4338 5137 8475186 1 1510 540 787
4338 5074 8475196 1 1510 540 793
4309 4929 8475206 1 1500 550 824
4253 4751 8475216 1 1500 550 828
4169 4550 8475226 1 1500 550 860
4117 4364 8475236 1 1500 550 853
4086 4225 8475246 1 1500 550 860
4073 4117 8475256 1 1490 560 861
4067 4052 8475266 1 1490 560 864
4072 4016 8475276 1 1490 560 873
4084 3999 8475286 1 1470 560 882
4103 3999 8475296 1 1470 560 888
4129 4011 8475306 1 1470 560 894
4178 4034 8475316 1 1470 560 888
4241 4094 8475326 1 1470 560 885
4310 4183 8475336 1 1460 570 869
4379 4291 8475346 1 1460 570 863
4448 4421 8475356 1 1460 570 849
4516 4549 8475366 1 1460 570 842
4585 4669 8475376 1 1460 570 842
4654 4778 8475386 1 1440 580 837
4724 4881 8475396 1 1440 580 839
4779 4954 8475406 1 1440 580 842
4826 5009 8475416 1 1440 580 840
4854 5048 8475426 1 1460 580 845
4874 5072 8475436 1 1460 580 845
4888 5085 8475446 1 1460 580 846
4901 5094 8475456 1 1470 580 846
4911 5102 8475466 1 1490 580 845
4920 5107 8475476 1 1490 580 845
4932 5107 8475486 1 1490 580 846
4948 5107 8475496 1 1490 580 848
4973 5069 8475497 1 1500 580 858
4973 5069 8475507 1 1510 580 855
5034 4912 8475517 1 1510 580 855
5063 4788 8475527 1 1530 580 875
5092 4647 8475537 1 1530 580 888
5102 4542 8475547 1 1530 580 899
5113 4451 8475557 1 1530 580 912
5113 4369 8475567 1 1530 580 930
5113 4306 8475577 1 1530 580 936
5113 4259 8475587 1 1530 590 947
5119 4223 8475597 1 1530 590 947
5119 4211 8475607 1 1530 590 956
5114 4205 8475617 1 1530 590 961
5114 4205 8475627 1 1520 600 965
5114 4205 8475637 1 1520 600 964
5114 4205 8475647 1 1520 600 965
5114 4205 8475657 1 1520 600 952
5114 4205 8475667 1 1510 610 897
5114 4223 8475677 1 1510 610 794
5120 4252 8475687 1 1510 610 605
5153 4332 8475697 1 1510 610 280
6288 5495 8475787 0 1540 600 307
6623 5716 8475797 1 1540 600 415
6764 5819 8475807 1 1560 610 463
6912 5902 8475817 1 1560 610 475
7031 5973 8475827 1 1570 610 485
7131 6013 8475837 1 1570 610 499
7214 6034 8475847 1 1600 600 537
7281 6043 8475857 1 1620 610 564
7336 6031 8475867 1 1620 600 580
7377 6014 8475877 1 1640 600 595
7398 5990 8475887 1 1660 600 617
7405 5963 8475897 1 1660 590 611
7388 5918 8475907 1 1680 590 616
7344 5862 8475917 1 1680 590 602
7283 5799 8475927 1 1700 600 580
7199 5738 8475937 1 1700 600 567
7111 5681 8475947 1 1710 600 584
7020 5626 8475957 1 1710 600 595
6970 5584 8475967 1 1710 600 600
6939 5549 8475977 1 1710 610 602
6921 5519 8475987 1 1710 610 614
6921 5507 8475997 1 1710 610 631
6941 5507 8476007 1 1710 620 644
6977 5507 8476017 1 1710 620 656
7049 5525 8476027 1 1710 620 667
7127 5547 8476037 1 1700 630 663
7218 5572 8476047 1 1700 630 669
7314 5594 8476057 1 1700 640 675
7410 5609 8476067 1 1680 630 679
7487 5616 8476077 1 1670 640 685
7552 5610 8476087 1 1670 640 688
7588 5593 8476097 1 1670 640 702
7600 5555 8476107 1 1670 640 714
7600 5505 8476117 1 1670 640 719
7566 5408 8476127 1 1670 640 725
7496 5308 8476137 1 1670 640 731
7399 5204 8476147 1 1670 640 742
7287 5101 8476157 1 1670 640 759
7203 5017 8476167 1 1670 640 790
7138 4945 8476177 1 1690 650 793
7089 4877 8476187 1 1690 650 796
7057 4824 8476197 1 1690 650 794
7035 4782 8476207 1 1690 650 803
7035 4773 8476217 1 1690 660 805
7035 4773 8476227 1 1690 660 812
7065 4773 8476237 1 1690 660 821
7106 4785 8476247 1 1690 660 821
7179 4811 8476257 1 1690 660 824
7269 4846 8476267 1 1690 660 827
7369 4875 8476277 1 1690 660 827
7467 4898 8476287 1 1690 660 832
7564 4920 8476297 1 1690 660 832
7660 4943 8476307 1 1690 660 818
7761 4965 8476317 1 1690 660 818
7867 4985 8476327 1 1710 660 827
7980 5003 8476337 1 1710 660 833
8074 5003 8476347 1 1710 670 873
8156 4994 8476357 1 1710 670 896
8221 4982 8476367 1 1710 670 921
8288 4962 8476377 1 1730 670 953
8328 4946 8476387 1 1730 670 958
8348 4936 8476397 1 1730 660 989
8369 4914 8476407 1 1730 660 999
8369 4898 8476417 1 1760 660 1015
8353 4885 8476427 1 1750 670 1023
8327 4869 8476437 1 1750 670 1023
8278 4854 8476447 1 1750 670 1009
8213 4837 8476457 1 1750 670 933
8098 4814 8476458 1 1750 670 650
7912 4783 8476468 1 1780 670 104
