429
4120 4677 2485473 0 1350 410 218
3996 4593 2485483 1 1340 420 251
3894 4635 2485493 1 1350 420 262
3879 4645 2485503 1 1350 420 269
3906 4685 2485513 1 1340 430 270
3962 4744 2485523 1 1340 430 284
4103 4892 2485533 1 1340 430 339
4285 5056 2485543 1 1350 430 367
4493 5231 2485553 1 1340 440 393
4734 5404 2485563 1 1340 440 394
4934 5538 2485573 1 1350 440 397
5107 5645 2485583 1 1350 440 397
5257 5696 2485593 1 1350 450 397
5352 5708 2485603 1 1350 450 397
5410 5693 2485613 1 1360 460 394
5437 5666 2485623 1 1360 460 394
5427 5605 2485633 1 1370 460 396
5391 5522 2485643 1 1370 460 396
5290 5373 2485653 1 1380 470 394
5142 5198 2485663 1 1380 470 396
4963 5006 2485673 1 1400 470 392
4785 4798 2485683 1 1400 470 396
4600 4626 2485693 1 1400 470 404
4409 4479 2485703 1 1400 470 413
4276 4337 2485713 1 1420 470 420
4203 4240 2485723 1 1420 470 422
4169 4172 2485733 1 1420 470 423
4184 4150 2485743 1 1420 470 415
4242 4155 2485753 1 1400 470 418
4328 4177 2485763 1 1400 470 422
4479 4251 2485773 1 1390 470 418
4646 4340 2485783 1 1390 470 415
4824 4439 2485793 1 1390 470 399
4921 4475 2485803 1 1390 470 373
4963 4475 2485813 1 1370 470 351
4963 4446 2485823 1 1370 470 353
4921 4372 2485833 1 1370 470 369
4835 4267 2485843 1 1380 480 393
4721 4142 2485853 1 1380 480 418
4597 4018 2485863 1 1380 480 440
4477 3894 2485873 1 1380 480 481
4366 3776 2485883 1 1370 480 492
4299 3710 2485893 1 1370 480 502
4261 3677 2485903 1 1370 480 510
4272 3682 2485913 1 1370 480 510
4319 3714 2485923 1 1370 480 514
4390 3763 2485933 1 1370 480 504
4505 3868 2485943 1 1370 480 499
4623 3983 2485953 1 1370 480 491
4744 4104 2485963 1 1370 480 488
4860 4213 2485973 1 1370 480 472
4942 4287 2485983 1 1370 480 444
5002 4338 2485993 1 1370 480 404
5017 4338 2486003 1 1370 480 397
5012 4310 2486013 1 1380 490 409
4993 4261 2486023 1 1380 490 413
4940 4185 2486033 1 1380 490 415
4862 4076 2486043 1 1380 490 420
4767 3944 2486053 1 1380 490 436
4652 3804 2486063 1 1380 490 456
4559 3684 2486073 1 1380 490 474
4480 3578 2486083 1 1380 490 465
4457 3526 2486093 1 1370 500 465
4462 3516 2486103 1 1370 500 472
4486 3534 2486113 1 1370 500 470
4541 3594 2486123 1 1370 500 472
4615 3702 2486133 1 1370 500 465
4702 3841 2486143 1 1370 500 465
4768 3964 2486153 1 1360 490 465
4799 4051 2486163 1 1360 490 472
4807 4115 2486173 1 1360 490 472
4790 4150 2486183 1 1360 490 486
4773 4163 2486193 1 1360 490 498
4742 4163 2486203 1 1350 490 491
4701 4133 2486213 1 1350 490 509
4649 4058 2486223 1 1350 490 515
4587 3952 2486233 1 1350 490 537
4519 3778 2486243 1 1350 490 556
4448 3577 2486253 1 1350 490 569
4383 3359 2486263 1 1360 490 591
4328 3129 2486273 1 1370 480 605
4316 2921 2486283 1 1370 480 624
4332 2764 2486293 1 1360 490 667
4409 2634 2486303 1 1360 490 699
4541 2531 2486313 1 1360 490 721
4710 2449 2486323 1 1360 500 750
4876 2380 2486333 1 1360 500 785
5025 2366 2486343 1 1360 500 819
5162 2384 2486353 1 1360 510 837
5310 2424 2486363 1 1360 510 840
5436 2489 2486373 1 1360 520 843
5548 2596 2486383 1 1360 520 839
5637 2731 2486393 1 1360 540 834
5699 2883 2486403 1 1360 540 818
5743 3030 2486413 1 1370 540 754
5743 3174 2486423 1 1370 540 659
5688 3347 2486433 1 1370 540 430
5842 4312 2486976 0 1300 450 262
5807 4291 2486986 1 1300 450 275
5771 4313 2486996 1 1310 450 296
5761 4313 2487006 1 1310 450 299
5772 4319 2487016 1 1310 450 306
5797 4336 2487026 1 1320 460 315
5850 4363 2487036 1 1320 460 339
5906 4432 2487046 1 1320 460 362
5970 4513 2487056 1 1330 460 398
6037 4601 2487066 1 1330 460 407
6103 4683 2487076 1 1330 460 420
6158 4742 2487086 1 1340 470 415
6206 4785 2487096 1 1340 470 418
6240 4801 2487106 1 1350 470 420
6274 4788 2487116 1 1350 470 425
6309 4756 2487126 1 1350 470 433
6348 4686 2487136 1 1350 470 443
6381 4543 2487146 1 1350 470 480
6409 4351 2487156 1 1360 480 527
6424 4060 2487166 1 1360 480 567
6424 3721 2487176 1 1360 480 589
6416 3350 2487186 1 1360 480 619
6376 2959 2487196 1 1360 490 617
6319 2610 2487206 1 1360 490 628
6251 2289 2487216 1 1360 490 638
6191 2032 2487226 1 1360 500 639
6170 1919 2487236 1 1360 500 643
6175 1901 2487246 1 1360 500 644
6181 1937 2487256 1 1350 510 641
6211 2089 2487266 1 1350 520 643
6257 2319 2487276 1 1350 520 644
6308 2563 2487286 1 1340 520 617
6353 2850 2487296 1 1340 520 613
6393 3166 2487306 1 1330 530 620
6415 3465 2487316 1 1330 530 619
6438 3713 2487326 1 1330 530 619
6478 3928 2487336 1 1330 530 611
6529 4129 2487346 1 1330 530 613
6608 4325 2487356 1 1330 530 614
6717 4484 2487366 1 1330 530 616
6847 4620 2487376 1 1340 520 620
6968 4716 2487386 1 1340 520 617
7073 4786 2487396 1 1350 520 617
7168 4840 2487406 1 1350 520 616
7227 4854 2487416 1 1370 520 613
7264 4848 2487426 1 1370 520 606
7285 4828 2487436 1 1380 510 589
7304 4785 2487446 1 1400 510 583
7304 4709 2487456 1 1410 510 564
7286 4610 2487466 1 1420 500 568
7232 4486 2487476 1 1420 500 570
7180 4384 2487486 1 1430 510 568
7128 4298 2487496 1 1440 500 574
7114 4282 2487506 1 1440 500 595
7119 4288 2487516 1 1450 510 600
7136 4310 2487526 1 1450 510 608
7220 4375 2487536 1 1470 510 619
7337 4441 2487546 1 1470 510 633
7477 4508 2487556 1 1470 510 634
7589 4545 2487566 1 1470 510 638
7679 4562 2487576 1 1460 520 638
7753 4562 2487586 1 1460 520 630
7803 4553 2487596 1 1460 520 619
7809 4520 2487606 1 1460 520 605
7786 4474 2487616 1 1460 520 602
7725 4413 2487626 1 1460 520 602
7643 4349 2487636 1 1460 520 597
7548 4278 2487646 1 1460 520 597
7440 4201 2487656 1 1470 520 595
7330 4124 2487666 1 1470 520 595
7219 4048 2487676 1 1470 520 595
7151 4001 2487686 1 1470 520 594
7125 3972 2487696 1 1470 520 600
7125 3972 2487706 1 1470 520 605
7138 3989 2487716 1 1470 520 603
7189 4020 2487726 1 1480 510 602
7268 4072 2487736 1 1480 510 602
7349 4120 2487746 1 1480 510 602
7406 4145 2487756 1 1480 510 599
7446 4157 2487766 1 1490 520 592
7453 4149 2487776 1 1490 520 592
7453 4138 2487786 1 1490 520 592
7441 4112 2487796 1 1490 520 592
7414 4076 2487806 1 1490 520 592
7378 4039 2487816 1 1490 520 591
7336 4007 2487826 1 1490 520 591
7275 3979 2487836 1 1490 520 585
7206 3941 2487846 1 1490 520 592
7131 3888 2487856 1 1480 510 588
7057 3826 2487866 1 1470 520 588
6985 3765 2487876 1 1470 520 589
6950 3731 2487886 1 1470 520 592
6939 3715 2487896 1 1460 530 594
6939 3715 2487906 1 1460 530 589
6944 3715 2487916 1 1460 530 600
6970 3725 2487926 1 1460 530 611
7010 3750 2487936 1 1450 540 620
7078 3774 2487946 1 1450 540 616
7163 3782 2487956 1 1450 540 622
7259 3782 2487966 1 1450 540 625
7358 3754 2487976 1 1440 540 625
7435 3725 2487986 1 1440 540 628
7498 3688 2487996 1 1440 540 628
7529 3647 2488006 1 1430 550 631
7540 3584 2488016 1 1430 550 631
7540 3506 2488026 1 1430 550 634
7512 3413 2488036 1 1430 550 639
7481 3320 2488046 1 1430 550 639
7446 3229 2488056 1 1430 550 641
7414 3162 2488066 1 1430 550 639
7383 3109 2488076 1 1440 560 634
7353 3077 2488086 1 1440 560 616
7310 3055 2488096 1 1440 560 578
7258 3041 2488106 1 1440 560 543
7199 3041 2488116 1 1440 560 541
7151 3047 2488126 1 1440 560 537
7137 3056 2488136 1 1440 560 526
7137 3075 2488146 1 1440 560 522
7173 3110 2488156 1 1440 560 527
7238 3156 2488166 1 1440 560 532
7324 3181 2488176 1 1450 560 535
7374 3181 2488186 1 1450 560 540
7402 3172 2488196 1 1450 560 539
7416 3150 2488206 1 1450 560 560
7425 3106 2488216 1 1450 560 589
7425 3047 2488226 1 1450 560 591
7425 2979 2488236 1 1450 560 600
7425 2907 2488246 1 1450 560 602
7425 2829 2488256 1 1450 560 599
7417 2748 2488266 1 1450 560 595
7401 2667 2488276 1 1450 560 592
7378 2619 2488286 1 1450 560 588
7351 2593 2488296 1 1450 560 585
7322 2577 2488306 1 1440 570 592
7294 2577 2488316 1 1460 570 591
7260 2577 2488326 1 1460 570 589
7221 2587 2488336 1 1460 570 591
7197 2604 2488346 1 1460 570 589
7177 2627 2488356 1 1460 570 591
7168 2655 2488366 1 1460 570 591
7168 2692 2488376 1 1440 580 589
7183 2734 2488386 1 1430 570 591
7209 2774 2488396 1 1430 570 591
7243 2797 2488406 1 1430 570 594
7285 2808 2488416 1 1430 570 591
7331 2790 2488426 1 1430 570 605
7385 2752 2488436 1 1430 570 617
7426 2701 2488446 1 1430 570 616
7458 2638 2488456 1 1430 570 652
7483 2545 2488466 1 1460 570 699
7506 2433 2488476 1 1460 570 721
7528 2289 2488486 1 1460 570 742
7546 2136 2488496 1 1460 570 762
7563 1976 2488506 1 1470 580 780
7580 1841 2488516 1 1470 580 791
7594 1724 2488526 1 1470 580 788
7602 1620 2488536 1 1460 580 791
7602 1555 2488546 1 1460 600 794
7609 1506 2488556 1 1440 610 793
7609 1468 2488566 1 1430 620 791
7601 1447 2488576 1 1410 630 794
7601 1442 2488586 1 1400 630 796
7601 1448 2488596 1 1380 640 793
7601 1468 2488606 1 1380 650 793
7601 1505 2488616 1 1370 660 791
7608 1553 2488626 1 1350 670 793
7620 1586 2488636 1 1330 670 791
7635 1615 2488646 1 1310 680 790
7646 1635 2488656 1 1270 690 793
7654 1649 2488666 1 1250 700 793
7664 1656 2488676 1 1220 700 791
7673 1662 2488686 1 1220 700 788
7673 1662 2488696 1 1220 700 782
7678 1662 2488706 1 1250 700 750
7684 1667 2488716 1 1250 700 707
7693 1683 2488726 1 1270 690 643
7706 1717 2488736 1 1290 680 570
7722 1764 2488746 1 1330 670 490
7735 1830 2488756 1 1350 670 410
7745 1902 2488766 1 1370 660 339
7767 1977 2488776 1 1380 650 276
7789 2059 2488786 1 1400 650 205
7810 2348 2488828 0 1470 610 78
7851 2507 2488838 1 1480 600 176
7860 2618 2488848 1 1490 590 260
7869 2748 2488858 1 1500 580 319
7879 2876 2488868 1 1490 580 366
7911 2979 2488878 1 1500 570 391
7967 3066 2488888 1 1500 570 414
8039 3154 2488898 1 1500 570 439
8120 3243 2488908 1 1500 570 496
8206 3340 2488918 1 1500 570 537
8314 3441 2488928 1 1500 570 567
8436 3557 2488938 1 1520 570 586
8561 3679 2488948 1 1520 570 591
8671 3806 2488958 1 1520 570 585
8771 3935 2488968 1 1520 570 588
8860 4058 2488978 1 1540 570 588
8930 4172 2488988 1 1540 560 591
8986 4262 2488998 1 1540 560 591
8999 4335 2489008 1 1560 570 580
8968 4350 2489018 1 1570 560 539
8908 4314 2489028 1 1570 560 527
8783 4245 2489038 1 1570 560 527
8659 4140 2489048 1 1570 560 527
8559 4033 2489058 1 1580 550 530
8475 3950 2489068 1 1580 550 544
8438 3885 2489078 1 1580 550 536
8424 3860 2489088 1 1560 550 545
8424 3853 2489098 1 1560 550 570
8424 3853 2489108 1 1570 540 586
8430 3873 2489118 1 1570 540 597
8472 3934 2489128 1 1570 540 616
8539 4024 2489138 1 1560 530 617
8652 4142 2489148 1 1560 530 634
8795 4265 2489158 1 1560 530 636
8957 4391 2489168 1 1540 530 664
9077 4477 2489178 1 1540 530 666
9158 4532 2489188 1 1560 530 672
9214 4567 2489198 1 1560 530 675
9260 4591 2489208 1 1560 530 675
9296 4610 2489218 1 1570 540 676
9325 4621 2489228 1 1560 550 675
9340 4621 2489238 1 1560 550 675
9354 4621 2489248 1 1560 550 675
9367 4604 2489258 1 1580 550 667
9377 4582 2489268 1 1580 550 671
9362 4536 2489278 1 1580 550 661
9330 4474 2489288 1 1590 550 644
9236 4356 2489298 1 1590 550 634
9113 4219 2489308 1 1590 550 614
8971 4070 2489318 1 1600 550 611
8830 3932 2489328 1 1600 550 614
8729 3809 2489338 1 1600 550 616
8654 3697 2489348 1 1600 550 627
8616 3631 2489358 1 1590 550 634
8609 3595 2489368 1 1590 550 644
8622 3578 2489378 1 1580 560 641
8628 3578 2489388 1 1580 560 662
8628 3578 2489398 1 1580 560 667
8633 3578 2489408 1 1580 560 673
8633 3578 2489418 1 1570 560 676
8633 3573 2489428 1 1570 560 687
8625 3534 2489438 1 1560 570 697
8613 3470 2489448 1 1560 570 690
8579 3381 2489458 1 1560 570 710
8540 3292 2489468 1 1540 560 713
8498 3205 2489478 1 1540 570 721
8466 3127 2489488 1 1540 570 737
8440 3054 2489498 1 1520 570 752
8448 2998 2489508 1 1520 570 760
8477 2950 2489518 1 1520 570 774
8537 2907 2489528 1 1520 570 777
8633 2886 2489538 1 1520 570 779
8752 2912 2489548 1 1530 560 779
8915 2970 2489558 1 1540 560 776
9079 3075 2489568 1 1540 560 782
9244 3199 2489578 1 1540 560 784
9422 3335 2489588 1 1540 560 782
9610 3439 2489598 1 1560 570 779
9745 3510 2489608 1 1560 570 773
9837 3560 2489618 1 1560 570 754
9899 3581 2489628 1 1570 570 758
9910 3586 2489638 1 1570 570 746
9910 3581 2489648 1 1570 570 746
9899 3574 2489658 1 1580 580 745
9871 3553 2489668 1 1580 580 745
9836 3523 2489678 1 1580 580 745
9796 3476 2489688 1 1600 580 746
9754 3424 2489698 1 1600 580 743
9703 3344 2489708 1 1610 590 722
9647 3247 2489718 1 1610 590 713
9588 3149 2489728 1 1610 590 694
9531 3071 2489738 1 1610 590 694
9476 3006 2489748 1 1610 590 688
9424 2963 2489758 1 1610 590 684
9376 2941 2489768 1 1610 590 684
9335 2933 2489778 1 1610 590 687
9306 2940 2489788 1 1620 580 687
9285 2953 2489798 1 1620 580 693
9272 2969 2489808 1 1620 580 690
9266 2984 2489818 1 1620 580 708
9266 2994 2489828 1 1620 580 717
9266 2982 2489838 1 1640 580 752
9277 2956 2489848 1 1640 580 796
9323 2846 2489858 1 1640 580 817
9392 2663 2489868 1 1640 580 827
9467 2431 2489878 1 1630 590 834
9500 2157 2489888 1 1630 590 845
9506 1914 2489898 1 1630 590 870
9493 1692 2489908 1 1620 600 888
9460 1500 2489918 1 1620 610 899
9413 1348 2489928 1 1610 620 899
9351 1224 2489938 1 1600 630 897
9268 1133 2489948 1 1590 640 882
9170 1088 2489958 1 1580 640 869
9091 1074 2489968 1 1550 650 824
9007 1086 2489978 1 1540 660 785
8910 1134 2489988 1 1530 670 779
8807 1205 2489998 1 1520 680 776
8757 1262 2490008 1 1510 680 776
8736 1319 2490018 1 1470 690 776
8736 1386 2490028 1 1450 700 776
8749 1459 2490038 1 1410 700 779
8785 1552 2490048 1 1410 700 787
8834 1661 2490058 1 1410 700 796
8911 1781 2490068 1 1390 690 796
9010 1883 2490078 1 1410 680 806
9123 1981 2490088 1 1410 680 811
9266 2053 2490098 1 1420 680 809
9413 2110 2490108 1 1440 670 809
9529 2135 2490118 1 1460 660 808
9622 2156 2490128 1 1470 650 806
9696 2171 2490138 1 1480 650 806
9741 2181 2490148 1 1500 640 802
9766 2181 2490158 1 1530 630 794
9772 2188 2490168 1 1540 630 773
9772 2188 2490178 1 1550 620 761
9766 2188 2490188 1 1570 610 733
9741 2188 2490198 1 1580 600 731
9718 2177 2490208 1 1610 600 761
9718 2171 2490218 1 1610 600 794
9738 2171 2490228 1 1630 590 857
9855 2171 2490238 1 1630 590 941
10065 2158 2490248 1 1650 590 1023
10336 2116 2490258 1 1650 590 1023
10655 2077 2490268 1 1660 590 1023
10912 2041 2490278 1 1680 590 1023
11127 2008 2490288 1 1680 600 984
11263 1976 2490298 1 1680 600 926
11358 1947 2490308 1 1680 600 796
11426 1947 2490318 1 1680 600 509
