243
2973 6352 8496947 0 1610 470 381
2973 6352 8496957 1 1610 440 488
2932 6428 8496967 1 1620 420 497
2884 6471 8496977 1 1630 390 474
2873 6481 8496987 1 1620 400 461
2873 6470 8496997 1 1620 410 478
2878 6470 8497007 1 1610 410 502
2878 6470 8497017 1 1610 420 522
2878 6464 8497027 1 1600 430 515
2883 6464 8497037 1 1590 440 515
2927 6475 8497047 1 1600 440 532
2999 6490 8497057 1 1600 450 535
3045 6504 8497067 1 1590 460 538
3111 6517 8497077 1 1580 470 537
3191 6524 8497087 1 1580 480 556
3259 6524 8497097 1 1580 490 564
3312 6517 8497107 1 1570 500 565
3355 6480 8497117 1 1570 510 567
3381 6425 8497127 1 1570 510 570
3373 6335 8497137 1 1570 510 563
3341 6221 8497147 1 1570 510 567
3265 6092 8497157 1 1570 510 575
3168 5971 8497167 1 1570 510 589
3056 5868 8497177 1 1570 510 610
2951 5776 8497187 1 1570 510 638
2876 5723 8497197 1 1560 510 638
2821 5694 8497207 1 1560 510 650
2806 5682 8497217 1 1560 510 668
2806 5682 8497227 1 1550 520 668
2825 5696 8497237 1 1550 520 673
2886 5716 8497247 1 1550 520 669
2978 5757 8497257 1 1540 530 691
3090 5796 8497267 1 1540 530 694
3211 5832 8497277 1 1540 530 705
3316 5822 8497287 1 1530 540 707
3379 5781 8497297 1 1530 540 707
3420 5707 8497307 1 1520 540 730
3411 5595 8497317 1 1510 540 751
3351 5458 8497327 1 1510 540 759
3257 5288 8497337 1 1510 540 776
3132 5140 8497347 1 1510 540 793
3012 5006 8497357 1 1510 540 793
2896 4904 8497367 1 1510 540 797
2827 4848 8497377 1 1510 540 799
2803 4822 8497387 1 1510 540 802
2809 4822 8497397 1 1520 540 797
2815 4859 8497407 1 1510 530 802
2861 4913 8497417 1 1510 530 809
2933 4992 8497427 1 1510 530 811
3011 5070 8497437 1 1510 530 818
3110 5145 8497447 1 1510 530 820
3224 5218 8497457 1 1510 530 820
3322 5280 8497467 1 1510 530 821
3412 5331 8497477 1 1510 530 821
3497 5372 8497487 1 1510 530 821
3568 5402 8497497 1 1510 530 820
3620 5411 8497507 1 1510 530 823
3658 5411 8497517 1 1510 530 821
3681 5399 8497527 1 1500 540 821
3700 5384 8497537 1 1500 540 821
3716 5359 8497547 1 1500 540 818
3728 5307 8497557 1 1500 540 823
3718 5238 8497567 1 1500 540 832
3693 5103 8497577 1 1480 540 819
3632 4878 8497587 1 1480 540 817
3536 4593 8497597 1 1480 540 851
3417 4314 8497607 1 1480 540 885
3277 4080 8497617 1 1480 540 909
3131 3877 8497627 1 1470 550 947
2981 3708 8497637 1 1470 550 971
2855 3589 8497647 1 1470 550 974
2745 3503 8497657 1 1470 550 977
2645 3425 8497667 1 1460 550 985
2535 3365 8497677 1 1460 550 986
2454 3318 8497687 1 1460 550 992
2391 3306 8497697 1 1460 550 992
2348 3313 8497707 1 1450 560 992
2323 3334 8497717 1 1450 560 988
2309 3361 8497727 1 1450 560 982
2317 3404 8497737 1 1440 570 973
2355 3458 8497747 1 1440 570 949
2414 3538 8497757 1 1440 570 908
2515 3638 8497767 1 1440 570 831
2652 3751 8497777 1 1430 570 705
2814 3898 8497787 1 1420 570 492
4372 6337 8497949 0 1520 530 570
4372 6337 8497959 1 1530 520 594
4372 6337 8497969 1 1530 510 605
4421 6252 8497979 1 1530 510 606
4447 6219 8497989 1 1550 510 616
4495 6196 8497999 1 1550 500 614
4558 6207 8498009 1 1550 500 627
4670 6238 8498019 1 1570 510 630
4817 6317 8498029 1 1570 500 638
4988 6415 8498039 1 1570 500 641
5172 6526 8498049 1 1590 500 668
5336 6604 8498059 1 1590 500 691
5486 6643 8498069 1 1590 500 694
5571 6655 8498079 1 1590 510 699
5610 6633 8498089 1 1590 510 721
5619 6564 8498099 1 1590 510 730
5574 6464 8498109 1 1590 510 737
5468 6293 8498119 1 1590 510 740
5322 6119 8498129 1 1600 510 749
5136 5958 8498139 1 1600 510 763
4953 5807 8498149 1 1600 520 759
4777 5705 8498159 1 1600 520 771
4667 5645 8498169 1 1600 520 777
4600 5612 8498179 1 1590 530 779
4600 5612 8498189 1 1590 530 779
4605 5618 8498199 1 1580 530 785
4615 5626 8498209 1 1570 540 787
4665 5662 8498219 1 1570 540 818
4740 5711 8498229 1 1550 540 827
4850 5768 8498239 1 1550 540 849
4949 5803 8498249 1 1550 540 852
5041 5809 8498259 1 1530 550 860
5119 5796 8498269 1 1530 550 853
5190 5751 8498279 1 1520 560 853
5257 5684 8498289 1 1520 560 873
5282 5603 8498299 1 1520 560 887
5304 5522 8498309 1 1520 560 899
5323 5443 8498319 1 1520 560 897
5349 5392 8498329 1 1530 560 896
5374 5359 8498339 1 1530 560 893
5401 5359 8498349 1 1530 560 890
5454 5418 8498359 1 1540 560 882
5524 5516 8498369 1 1540 560 869
5580 5684 8498379 1 1560 570 854
5596 5915 8498389 1 1560 570 854
5585 6188 8498399 1 1560 570 867
5540 6467 8498409 1 1570 560 858
5498 6721 8498419 1 1570 560 879
5463 6867 8498429 1 1580 550 894
5430 6950 8498439 1 1580 550 900
5396 6973 8498449 1 1580 540 902
5357 6973 8498459 1 1590 530 906
5297 6960 8498469 1 1590 530 908
5222 6910 8498479 1 1600 520 906
5125 6822 8498489 1 1600 520 896
5023 6708 8498499 1 1600 510 894
4918 6554 8498509 1 1600 510 899
4809 6341 8498519 1 1600 510 906
4696 6088 8498529 1 1610 500 903
4581 5755 8498539 1 1610 500 918
4494 5439 8498549 1 1610 500 923
4458 5135 8498559 1 1620 500 942
4458 4893 8498569 1 1610 500 941
4491 4728 8498579 1 1600 500 968
4556 4615 8498589 1 1590 510 980
4641 4531 8498599 1 1590 510 989
4742 4480 8498609 1 1570 520 978
4861 4452 8498619 1 1560 530 981
4992 4440 8498629 1 1560 530 987
5147 4463 8498639 1 1530 540 982
5297 4510 8498649 1 1530 540 979
5444 4591 8498659 1 1530 550 995
5587 4697 8498669 1 1530 550 989
5702 4821 8498679 1 1520 560 989
5797 4974 8498689 1 1520 570 986
5863 5127 8498699 1 1520 570 992
5925 5229 8498709 1 1520 570 997
5983 5297 8498719 1 1540 570 978
6049 5319 8498729 1 1540 570 984
6143 5327 8498739 1 1550 580 985
6255 5327 8498749 1 1570 580 987
6386 5319 8498759 1 1570 580 984
6520 5314 8498769 1 1580 580 995
6656 5314 8498779 1 1580 580 947
6818 5327 8498789 1 1600 580 845
6957 5359 8498799 1 1600 580 681
7081 5408 8498809 1 1610 590 306
7528 6063 8499291 0 1740 510 699
7528 6063 8499301 1 1740 520 794
7528 6063 8499311 1 1740 520 784
7528 6063 8499321 1 1740 520 793
7528 6063 8499331 1 1730 530 790
7651 6158 8499341 1 1730 530 794
7734 6185 8499351 1 1730 530 784
7797 6215 8499361 1 1730 540 788
7861 6232 8499371 1 1730 540 793
7938 6248 8499381 1 1730 540 797
8022 6264 8499391 1 1730 540 802
8098 6273 8499401 1 1730 550 808
8161 6280 8499411 1 1730 550 814
8214 6280 8499421 1 1730 550 820
8261 6280 8499431 1 1730 550 829
8301 6280 8499441 1 1730 560 830
8336 6270 8499451 1 1730 560 818
8357 6258 8499461 1 1730 560 832
8357 6239 8499471 1 1730 560 832
8348 6200 8499481 1 1740 560 827
8304 6149 8499491 1 1740 560 821
8228 6070 8499501 1 1740 560 812
8130 5988 8499511 1 1740 560 808
8016 5901 8499521 1 1740 560 808
7930 5835 8499531 1 1740 570 815
7862 5783 8499541 1 1740 570 818
7843 5748 8499551 1 1740 570 820
7829 5725 8499561 1 1740 580 832
7834 5711 8499571 1 1740 580 839
7849 5706 8499581 1 1740 580 855
7888 5706 8499591 1 1720 590 875
7953 5706 8499601 1 1720 590 897
8036 5722 8499611 1 1720 590 899
8122 5729 8499621 1 1710 600 909
8209 5729 8499631 1 1710 600 903
8272 5729 8499641 1 1710 610 908
8317 5706 8499651 1 1710 610 902
8349 5674 8499661 1 1710 620 908
8341 5620 8499671 1 1720 630 906
8307 5540 8499681 1 1720 630 899
8213 5443 8499691 1 1720 640 905
8097 5327 8499701 1 1720 640 921
7967 5236 8499711 1 1720 640 942
7858 5162 8499721 1 1720 640 958
7770 5091 8499731 1 1720 640 974
7696 5036 8499741 1 1720 640 986
7646 4992 8499751 1 1720 640 988
7620 4974 8499761 1 1720 630 1008
7611 4968 8499771 1 1720 630 1017
7618 4968 8499781 1 1720 630 1023
7627 4978 8499791 1 1720 630 1023
7697 5010 8499801 1 1700 630 1023
7807 5058 8499811 1 1700 630 1023
7987 5112 8499821 1 1700 630 1023
8204 5168 8499831 1 1710 620 1023
8445 5225 8499841 1 1710 620 1023
8714 5264 8499851 1 1710 620 1023
8997 5302 8499861 1 1720 630 1023
9289 5332 8499871 1 1720 630 1023
9577 5357 8499881 1 1720 630 1023
9843 5373 8499891 1 1740 630 1023
10036 5384 8499901 1 1740 640 1023
10188 5371 8499911 1 1760 640 1023
10273 5344 8499921 1 1760 640 1023
10295 5329 8499931 1 1780 650 1023
10276 5296 8499941 1 1780 650 1023
10204 5251 8499951 1 1800 660 1023
10053 5198 8499961 1 1800 660 1023
9848 5147 8499971 1 1800 660 1023
9595 5104 8499981 1 1800 660 991
9294 5067 8499991 1 1800 660 770
