551
2850 6147 2906138 0 1130 470 15
2850 6147 2906148 1 1130 480 24
2850 6147 2906158 1 1130 480 42
2850 6147 2906168 1 1130 480 61
2850 6147 2906178 1 1140 480 63
2850 6147 2906188 1 1140 480 91
2850 6147 2906198 1 1160 490 90
2850 6147 2906208 1 1160 490 106
2850 6147 2906218 1 1160 490 109
2850 6147 2906228 1 1160 490 91
2850 6147 2906238 1 1170 500 93
2850 6147 2906248 1 1170 500 103
2850 6147 2906258 1 1170 500 113
2880 6241 2906268 1 1170 500 119
2907 6267 2906278 1 1170 500 127
2944 6293 2906288 1 1170 500 144
2985 6324 2906298 1 1170 500 136
3035 6360 2906308 1 1170 500 144
3093 6394 2906318 1 1170 500 146
3156 6428 2906328 1 1170 500 148
3219 6462 2906338 1 1170 500 151
3279 6485 2906348 1 1160 490 153
3343 6507 2906358 1 1160 490 153
3407 6525 2906368 1 1160 490 161
3474 6539 2906378 1 1160 490 165
3544 6551 2906388 1 1160 490 163
3616 6558 2906398 1 1160 490 165
3688 6558 2906408 1 1150 480 170
3750 6558 2906418 1 1150 480 170
3806 6548 2906428 1 1150 480 172
3852 6536 2906438 1 1150 480 172
3893 6520 2906448 1 1150 480 175
3931 6497 2906458 1 1150 480 179
3960 6467 2906468 1 1150 470 179
3985 6431 2906478 1 1150 470 182
4007 6387 2906488 1 1150 470 184
4022 6338 2906498 1 1150 470 170
4027 6284 2906508 1 1150 470 171
4027 6224 2906518 1 1150 470 171
4013 6158 2906528 1 1150 470 173
3991 6084 2906538 1 1160 470 170
3963 6005 2906548 1 1160 470 170
3927 5918 2906558 1 1170 480 171
3889 5826 2906568 1 1170 480 173
3850 5735 2906578 1 1170 480 173
3808 5652 2906588 1 1170 480 173
3760 5572 2906598 1 1150 470 171
3707 5484 2906608 1 1150 470 176
3650 5394 2906618 1 1150 470 181
3595 5302 2906628 1 1130 480 190
3547 5223 2906638 1 1130 480 200
3506 5152 2906648 1 1130 480 208
3470 5094 2906658 1 1120 480 208
3439 5047 2906668 1 1120 470 215
3413 5008 2906678 1 1120 470 220
3395 4978 2906688 1 1100 470 211
3382 4962 2906698 1 1100 470 233
3376 4956 2906708 1 1100 470 237
3376 4956 2906718 1 1090 460 226
3376 4956 2906728 1 1090 460 223
3381 4956 2906738 1 1090 460 223
3392 4966 2906748 1 1090 460 221
3413 4980 2906758 1 1090 460 221
3442 5008 2906768 1 1100 460 221
3479 5046 2906778 1 1100 460 223
3525 5090 2906788 1 1100 460 225
3579 5138 2906798 1 1100 460 223
3639 5187 2906808 1 1100 460 225
3701 5236 2906818 1 1100 460 230
3764 5283 2906828 1 1100 460 228
3821 5327 2906838 1 1100 460 228
3873 5365 2906848 1 1100 460 233
3928 5394 2906858 1 1100 460 233
3983 5413 2906868 1 1090 460 235
4038 5426 2906878 1 1090 460 235
4095 5431 2906888 1 1090 460 235
4149 5431 2906898 1 1090 460 237
4204 5424 2906908 1 1090 460 239
4244 5415 2906918 1 1080 460 242
4275 5401 2906928 1 1080 460 244
4299 5377 2906938 1 1080 460 251
4316 5345 2906948 1 1090 460 242
4327 5305 2906958 1 1090 460 250
4327 5261 2906968 1 1090 460 262
4327 5208 2906978 1 1090 460 274
4315 5147 2906988 1 1090 460 284
4297 5078 2906998 1 1090 460 274
4272 5002 2907008 1 1090 460 277
4243 4921 2907018 1 1090 460 277
4208 4831 2907028 1 1100 460 281
4165 4739 2907038 1 1090 460 282
4117 4652 2907048 1 1090 460 294
4073 4574 2907058 1 1090 460 304
4031 4499 2907068 1 1090 460 314
3991 4427 2907078 1 1090 460 310
3954 4359 2907088 1 1080 470 322
3920 4293 2907098 1 1080 470 337
3891 4233 2907108 1 1080 470 346
3866 4190 2907118 1 1080 480 358
3850 4159 2907128 1 1080 480 363
3844 4142 2907138 1 1070 480 363
3844 4142 2907148 1 1070 480 351
3844 4142 2907158 1 1070 480 351
3844 4142 2907168 1 1060 480 349
3857 4142 2907178 1 1060 480 351
3874 4165 2907188 1 1060 480 353
3901 4192 2907198 1 1060 480 353
3939 4244 2907208 1 1060 480 358
3987 4310 2907218 1 1060 480 356
4045 4385 2907228 1 1060 480 358
4113 4451 2907238 1 1060 480 358
4189 4514 2907248 1 1060 480 359
4261 4569 2907258 1 1060 480 356
4330 4616 2907268 1 1060 480 358
4398 4653 2907278 1 1050 470 358
4468 4684 2907288 1 1050 470 356
4540 4710 2907298 1 1050 470 354
4615 4727 2907308 1 1050 460 354
4690 4736 2907318 1 1050 460 353
4767 4736 2907328 1 1060 460 351
4824 4736 2907338 1 1060 460 354
4868 4708 2907348 1 1060 460 358
4907 4672 2907358 1 1060 460 358
4940 4624 2907368 1 1060 460 361
4970 4558 2907378 1 1070 470 366
4988 4480 2907388 1 1070 470 368
4996 4373 2907398 1 1070 470 373
4996 4252 2907408 1 1070 480 367
4982 4122 2907418 1 1070 480 372
4963 4000 2907428 1 1070 480 384
4942 3880 2907438 1 1080 490 389
4913 3764 2907448 1 1080 490 400
4880 3652 2907458 1 1080 500 412
4844 3544 2907468 1 1080 500 414
4802 3450 2907478 1 1070 500 423
4755 3362 2907488 1 1070 500 427
4705 3277 2907498 1 1070 500 430
4655 3185 2907508 1 1070 500 438
4604 3107 2907518 1 1060 500 440
4554 3039 2907528 1 1060 500 438
4505 2982 2907538 1 1050 490 438
4465 2944 2907548 1 1050 490 418
4433 2919 2907558 1 1050 490 351
4405 2919 2907568 1 1050 490 143
4631 5974 2907811 0 1130 480 15
4607 5992 2907821 1 1130 480 42
4598 5999 2907831 1 1150 480 51
4598 6012 2907841 1 1150 480 56
4598 6029 2907851 1 1150 480 53
4616 6062 2907861 1 1170 480 80
4651 6114 2907871 1 1170 480 93
4699 6180 2907881 1 1170 490 107
4783 6240 2907891 1 1170 490 142
4855 6338 2907901 1 1170 490 170
4919 6462 2907911 1 1170 490 178
5000 6549 2907921 1 1170 490 208
5081 6619 2907931 1 1170 490 218
5175 6679 2907941 1 1180 480 223
5278 6732 2907951 1 1180 480 226
5364 6781 2907961 1 1180 480 232
5444 6823 2907971 1 1180 480 237
5520 6862 2907981 1 1190 480 239
5590 6896 2907991 1 1190 480 246
5653 6920 2908001 1 1200 480 249
5710 6935 2908011 1 1200 480 253
5759 6942 2908021 1 1200 480 253
5791 6932 2908031 1 1200 480 244
5812 6911 2908041 1 1200 480 249
5823 6873 2908051 1 1210 480 254
5817 6817 2908061 1 1210 480 257
5799 6749 2908071 1 1210 480 264
5772 6667 2908081 1 1220 470 264
5732 6564 2908091 1 1220 470 269
5683 6448 2908101 1 1220 470 270
5630 6305 2908111 1 1220 470 270
5576 6162 2908121 1 1220 470 275
5520 6019 2908131 1 1220 470 282
5469 5861 2908141 1 1210 480 284
5419 5725 2908151 1 1210 480 302
5383 5604 2908161 1 1200 480 314
5357 5505 2908171 1 1200 480 304
5342 5416 2908181 1 1180 480 305
5342 5335 2908191 1 1180 480 310
5347 5271 2908201 1 1170 480 309
5364 5220 2908211 1 1150 480 310
5383 5179 2908221 1 1150 480 309
5409 5147 2908231 1 1150 480 314
5442 5124 2908241 1 1130 480 312
5481 5108 2908251 1 1130 480 319
5527 5108 2908261 1 1130 480 324
5581 5120 2908271 1 1130 480 329
5645 5142 2908281 1 1120 480 337
5717 5184 2908291 1 1120 480 340
5797 5242 2908301 1 1120 480 333
5875 5310 2908311 1 1120 480 336
5950 5390 2908321 1 1120 480 344
6022 5470 2908331 1 1120 480 351
6096 5550 2908341 1 1120 480 361
6173 5639 2908351 1 1130 490 369
6252 5733 2908361 1 1130 490 361
6324 5849 2908371 1 1130 490 367
6392 5971 2908381 1 1130 490 366
6448 6096 2908391 1 1130 490 371
6492 6216 2908401 1 1140 480 369
6527 6342 2908411 1 1140 480 369
6547 6473 2908421 1 1150 490 371
6547 6591 2908431 1 1150 490 369
6547 6694 2908441 1 1150 490 369
6527 6787 2908451 1 1160 490 371
6496 6881 2908461 1 1160 490 371
6456 6973 2908471 1 1170 490 374
6407 7056 2908481 1 1170 490 374
6357 7127 2908491 1 1190 480 377
6305 7192 2908501 1 1190 480 377
6254 7252 2908511 1 1200 480 382
6202 7307 2908521 1 1200 480 382
6152 7356 2908531 1 1210 480 381
6103 7385 2908541 1 1210 480 382
6054 7402 2908551 1 1210 480 382
6003 7412 2908562 1 1210 480 382
6003 7412 2908572 1 1210 480 382
5905 7391 2908582 1 1210 480 381
5861 7367 2908592 1 1210 480 382
5822 7343 2908602 1 1220 470 384
5786 7313 2908612 1 1220 470 386
5754 7277 2908622 1 1220 470 384
5729 7235 2908632 1 1220 470 387
5706 7175 2908642 1 1220 470 387
5686 7103 2908652 1 1210 480 386
5666 7018 2908662 1 1210 480 386
5649 6919 2908672 1 1210 480 387
5638 6810 2908682 1 1210 480 387
5631 6708 2908692 1 1200 480 387
5631 6604 2908702 1 1200 480 389
5631 6494 2908712 1 1200 480 393
5636 6363 2908722 1 1190 470 398
5647 6219 2908732 1 1190 470 389
5664 6081 2908742 1 1190 470 402
5685 5938 2908752 1 1180 480 407
5712 5794 2908762 1 1170 470 413
5744 5652 2908772 1 1170 470 418
5780 5521 2908782 1 1160 470 418
5820 5388 2908792 1 1150 470 423
5860 5252 2908802 1 1150 470 423
5898 5137 2908812 1 1130 480 422
5939 5036 2908822 1 1130 480 414
5982 4933 2908832 1 1130 480 417
6030 4837 2908842 1 1130 490 420
6078 4756 2908852 1 1130 490 425
6128 4683 2908862 1 1120 490 428
6181 4629 2908872 1 1120 490 431
6238 4582 2908882 1 1110 490 435
6296 4540 2908892 1 1100 500 438
6353 4506 2908902 1 1100 500 438
6410 4476 2908912 1 1090 500 443
6469 4450 2908922 1 1090 500 443
6529 4430 2908932 1 1080 510 444
6591 4420 2908942 1 1080 510 444
6655 4420 2908952 1 1080 510 444
6724 4420 2908962 1 1060 510 443
6799 4435 2908972 1 1060 510 443
6878 4454 2908982 1 1060 510 443
6952 4481 2908992 1 1050 510 446
7024 4515 2909002 1 1050 510 448
7103 4553 2909012 1 1050 510 439
7187 4597 2909022 1 1050 510 439
7276 4645 2909032 1 1050 510 439
7365 4695 2909042 1 1060 520 439
7449 4756 2909052 1 1060 520 439
7530 4823 2909062 1 1060 520 442
7611 4893 2909072 1 1060 520 442
7692 4964 2909082 1 1070 520 440
7774 5036 2909092 1 1070 520 445
7857 5107 2909102 1 1080 530 443
7929 5179 2909112 1 1090 520 443
7994 5252 2909122 1 1090 520 443
8056 5330 2909132 1 1090 520 447
8115 5410 2909142 1 1090 520 448
8172 5483 2909152 1 1090 520 447
8224 5554 2909162 1 1100 530 448
8276 5623 2909172 1 1110 530 447
8321 5690 2909182 1 1110 530 447
8361 5756 2909192 1 1110 530 448
8390 5822 2909202 1 1110 530 450
8409 5884 2909212 1 1110 530 448
8421 5939 2909222 1 1120 530 452
8427 5981 2909232 1 1120 530 453
8427 6017 2909242 1 1120 530 453
8416 6048 2909252 1 1140 530 453
8404 6074 2909262 1 1140 530 453
8385 6099 2909272 1 1140 530 453
8362 6124 2909282 1 1140 530 453
8333 6150 2909292 1 1150 520 452
8300 6173 2909302 1 1150 520 453
8264 6199 2909312 1 1160 520 453
8226 6223 2909322 1 1160 520 455
8188 6246 2909332 1 1160 520 453
8149 6269 2909342 1 1170 520 453
8108 6290 2909352 1 1170 520 453
8067 6306 2909362 1 1170 520 455
8025 6318 2909372 1 1170 520 452
7980 6328 2909382 1 1170 520 453
7933 6335 2909392 1 1170 520 450
7883 6340 2909402 1 1170 520 450
7827 6340 2909412 1 1170 520 450
7768 6340 2909422 1 1170 520 452
7711 6340 2909432 1 1170 520 450
7655 6331 2909442 1 1170 520 450
7600 6322 2909452 1 1170 520 452
7546 6310 2909462 1 1170 520 453
7493 6295 2909472 1 1170 520 455
7439 6277 2909482 1 1170 520 453
7384 6258 2909492 1 1170 520 455
7331 6236 2909502 1 1170 520 453
7277 6213 2909512 1 1170 520 455
7224 6190 2909522 1 1170 520 453
7176 6169 2909532 1 1170 520 452
7135 6146 2909542 1 1170 520 452
7098 6124 2909552 1 1170 520 453
7067 6101 2909562 1 1170 520 452
7040 6082 2909572 1 1170 520 453
7018 6066 2909582 1 1190 510 452
7001 6048 2909592 1 1190 510 452
6985 6033 2909602 1 1190 510 450
6973 6020 2909612 1 1190 510 452
6965 6006 2909622 1 1190 510 448
6965 5994 2909632 1 1190 510 447
6960 5983 2909642 1 1200 510 442
6960 5970 2909652 1 1200 510 442
6966 5955 2909662 1 1200 510 442
6971 5937 2909672 1 1200 510 439
6978 5919 2909682 1 1200 510 439
6987 5903 2909692 1 1210 510 439
6998 5885 2909702 1 1210 510 440
7009 5866 2909712 1 1210 510 439
7020 5845 2909722 1 1210 510 440
7033 5823 2909732 1 1200 510 440
7047 5801 2909742 1 1200 510 440
7062 5779 2909752 1 1200 510 440
7079 5758 2909762 1 1190 510 439
7096 5736 2909772 1 1190 510 440
7114 5713 2909782 1 1170 520 440
7134 5691 2909792 1 1170 520 442
7156 5668 2909802 1 1170 520 440
7179 5647 2909812 1 1160 520 440
7202 5627 2909822 1 1160 520 439
7228 5607 2909832 1 1140 510 440
7255 5583 2909842 1 1140 510 440
7286 5561 2909852 1 1130 520 443
7319 5538 2909862 1 1130 520 442
7350 5515 2909872 1 1120 520 443
7380 5489 2909882 1 1120 520 445
7415 5462 2909892 1 1120 520 447
7449 5434 2909902 1 1120 520 448
7483 5406 2909912 1 1120 520 447
7518 5373 2909922 1 1110 510 448
7558 5340 2909932 1 1110 510 450
7601 5309 2909942 1 1110 510 450
7646 5277 2909952 1 1110 510 450
7695 5251 2909962 1 1110 510 453
7748 5228 2909972 1 1110 510 453
7805 5207 2909982 1 1110 510 456
7866 5188 2909992 1 1110 510 460
7928 5171 2910002 1 1110 510 461
7983 5159 2910012 1 1120 520 465
8033 5150 2910022 1 1120 520 465
8094 5143 2910032 1 1120 520 468
8161 5134 2910042 1 1120 520 464
8227 5134 2910052 1 1120 520 468
8290 5134 2910062 1 1120 520 473
8354 5142 2910072 1 1120 520 475
8415 5152 2910082 1 1120 520 475
8473 5165 2910092 1 1120 520 475
8527 5180 2910102 1 1120 520 467
8582 5191 2910112 1 1120 520 471
8639 5199 2910122 1 1120 520 460
8687 5256 2910132 1 1120 530 449
8730 5292 2910142 1 1120 530 399
8773 5313 2910152 1 1120 530 333
8817 5350 2910162 1 1120 530 264
8861 5400 2910172 1 1120 530 208
8910 5459 2910182 1 1120 530 168
8954 5524 2910192 1 1110 530 108
8990 5598 2910202 1 1110 530 1
8841 6816 2910374 0 1200 520 15
8807 6879 2910384 1 1200 520 63
8794 6912 2910394 1 1200 520 80
8784 6942 2910404 1 1190 510 120
8777 6967 2910414 1 1200 510 137
8771 6988 2910424 1 1200 510 139
8771 7008 2910434 1 1200 510 139
8771 7021 2910444 1 1210 510 143
8771 7033 2910454 1 1210 510 144
8780 7046 2910464 1 1200 500 146
8789 7060 2910474 1 1220 500 146
8803 7075 2910484 1 1220 500 153
8818 7090 2910494 1 1220 500 179
8838 7104 2910504 1 1220 500 181
8862 7120 2910514 1 1230 490 212
8888 7135 2910524 1 1230 490 212
8918 7150 2910534 1 1230 490 239
8951 7166 2910544 1 1230 490 244
8986 7186 2910554 1 1240 500 255
9025 7207 2910564 1 1240 500 259
9069 7225 2910574 1 1240 500 262
9120 7245 2910584 1 1240 500 269
9177 7268 2910594 1 1240 500 275
9236 7290 2910604 1 1250 510 276
9302 7312 2910614 1 1250 510 291
9372 7334 2910624 1 1250 510 304
9445 7354 2910634 1 1230 510 309
9517 7373 2910644 1 1230 510 324
9588 7389 2910654 1 1230 510 329
9660 7404 2910664 1 1230 510 334
9732 7417 2910674 1 1230 510 337
9801 7427 2910684 1 1230 510 335
9867 7433 2910694 1 1230 510 340
9926 7433 2910704 1 1230 510 333
9988 7433 2910714 1 1230 510 336
10038 7423 2910724 1 1230 510 339
10079 7415 2910734 1 1240 520 344
10120 7404 2910744 1 1230 520 346
10158 7389 2910754 1 1230 520 348
10194 7373 2910764 1 1230 520 348
10229 7357 2910774 1 1230 520 348
10260 7342 2910784 1 1230 520 351
10289 7327 2910794 1 1230 520 356
10311 7307 2910804 1 1230 520 358
10329 7285 2910814 1 1230 520 361
10345 7259 2910824 1 1230 520 363
10352 7231 2910834 1 1230 520 369
10352 7200 2910844 1 1230 520 373
10352 7165 2910854 1 1230 520 361
10347 7130 2910864 1 1230 520 373
10330 7092 2910874 1 1230 520 362
10306 7053 2910884 1 1230 520 362
10276 7013 2910894 1 1230 520 362
10238 6970 2910904 1 1240 530 362
10194 6922 2910914 1 1240 530 364
10145 6871 2910924 1 1250 530 367
10090 6819 2910934 1 1250 530 362
10030 6767 2910944 1 1250 530 364
9955 6716 2910954 1 1240 530 366
9878 6663 2910964 1 1240 530 367
9800 6608 2910974 1 1240 530 367
9727 6551 2910984 1 1230 520 369
9655 6491 2910994 1 1230 520 369
9585 6427 2911004 1 1230 520 367
9514 6361 2911014 1 1230 520 369
9441 6297 2911024 1 1220 530 369
9371 6242 2911034 1 1220 530 369
9304 6192 2911044 1 1220 530 369
9242 6144 2911054 1 1210 520 369
9185 6097 2911064 1 1210 520 371
9133 6051 2911074 1 1210 520 369
9089 6011 2911084 1 1210 520 372
9051 5975 2911094 1 1210 520 379
9029 5953 2911104 1 1210 520 384
9018 5944 2911114 1 1220 510 386
9018 5944 2911124 1 1220 510 379
9023 5944 2911134 1 1230 520 376
9028 5944 2911144 1 1230 520 376
9047 5944 2911154 1 1240 520 379
9071 5950 2911164 1 1240 520 382
9109 5966 2911174 1 1240 520 384
9158 5994 2911184 1 1240 520 384
9223 6030 2911194 1 1240 520 386
9298 6073 2911204 1 1260 510 389
9386 6116 2911214 1 1240 520 393
9475 6158 2911224 1 1240 520 393
9564 6198 2911234 1 1240 520 393
9650 6236 2911244 1 1240 520 393
9736 6268 2911254 1 1240 520 393
9823 6292 2911264 1 1240 520 394
9908 6312 2911274 1 1230 520 394
9991 6324 2911284 1 1230 520 398
10052 6324 2911294 1 1230 520 396
10106 6324 2911304 1 1230 520 396
10154 6307 2911314 1 1230 520 398
10192 6285 2911324 1 1220 530 396
10219 6258 2911334 1 1220 530 398
10238 6225 2911344 1 1220 530 398
10244 6185 2911354 1 1220 530 398
10235 6136 2911364 1 1220 530 396
10216 6080 2911374 1 1220 530 394
10181 6010 2911384 1 1220 530 394
10134 5932 2911394 1 1230 530 391
10080 5843 2911404 1 1230 530 389
10013 5753 2911414 1 1230 530 391
9931 5665 2911424 1 1230 530 389
9840 5579 2911434 1 1230 530 387
9748 5478 2911444 1 1230 530 389
9656 5373 2911454 1 1230 530 387
9565 5263 2911464 1 1230 530 387
9469 5158 2911474 1 1220 540 387
9369 5060 2911484 1 1220 540 389
9269 4965 2911494 1 1210 530 387
9176 4870 2911504 1 1210 530 389
9097 4786 2911514 1 1190 530 389
9027 4709 2911524 1 1190 530 393
8968 4652 2911534 1 1190 530 391
8915 4608 2911544 1 1180 540 393
8871 4572 2911554 1 1180 540 399
8843 4549 2911564 1 1170 540 388
8825 4538 2911574 1 1160 530 389
8825 4538 2911584 1 1140 530 396
8825 4532 2911594 1 1140 530 393
8830 4532 2911604 1 1140 530 396
8846 4540 2911614 1 1140 530 398
8882 4555 2911624 1 1130 540 391
8930 4582 2911634 1 1130 540 394
8987 4617 2911644 1 1130 540 394
9049 4663 2911654 1 1120 530 396
9123 4713 2911664 1 1120 530 404
9206 4765 2911674 1 1120 530 410
9307 4826 2911684 1 1120 530 413
9420 4885 2911694 1 1120 530 420
9535 4943 2911704 1 1130 540 423
9650 4996 2911714 1 1130 540 414
9767 5047 2911724 1 1140 530 417
9890 5095 2911734 1 1140 530 417
10019 5139 2911744 1 1140 530 420
10137 5177 2911754 1 1140 530 427
10247 5208 2911764 1 1140 530 428
10373 5230 2911774 1 1140 530 431
10500 5243 2911784 1 1140 530 436
10615 5250 2911794 1 1140 530 438
10721 5250 2911804 1 1140 530 436
10826 5250 2911814 1 1140 530 441
10931 5250 2911824 1 1150 540 444
11038 5239 2911834 1 1150 540 448
11130 5225 2911844 1 1150 540 449
11211 5210 2911854 1 1150 540 439
11290 5194 2911864 1 1140 550 443
11365 5175 2911874 1 1140 550 445
11437 5156 2911884 1 1140 550 447
11500 5137 2911894 1 1140 550 450
11549 5118 2911904 1 1140 550 455
11588 5097 2911914 1 1140 550 456
11618 5075 2911924 1 1120 550 473
11638 5050 2911934 1 1120 540 468
11650 5024 2911944 1 1120 540 481
11657 4995 2911954 1 1120 540 490
11657 4964 2911964 1 1140 550 496
11649 4931 2911974 1 1140 550 488
11638 4890 2911984 1 1120 550 488
11620 4846 2911994 1 1120 550 488
11596 4801 2912004 1 1120 540 472
11572 4767 2912014 1 1120 540 409
11549 4739 2912024 1 1120 540 296
11527 4719 2912034 1 1120 540 1
