260
2206 6621 81179800 0 1370 540 27
2178 6633 81179810 1 1360 520 41
2169 6633 81179820 1 1370 510 58
2159 6604 81179830 1 1380 500 50
2145 6560 81179840 1 1380 500 66
2133 6446 81179850 1 1380 500 75
2119 6282 81179860 1 1400 500 86
2105 6086 81179870 1 1380 500 93
2078 5814 81179880 1 1380 500 99
2043 5518 81179890 1 1380 500 108
1994 5205 81179900 1 1370 510 124
1948 4827 81179910 1 1370 510 129
1908 4459 81179920 1 1360 510 136
1873 4099 81179930 1 1350 520 142
1856 3775 81179940 1 1340 520 142
1851 3550 81179950 1 1330 530 148
1856 3390 81179960 1 1310 540 149
1865 3278 81179970 1 1300 540 146
1878 3221 81179980 1 1290 550 127
1891 3200 81179990 1 1260 540 130
1905 3215 81180000 1 1250 550 98
1920 3300 81180010 1 1240 550 76
1936 3431 81180020 1 1220 560 68
1952 3628 81180030 1 1210 560 70
1983 3885 81180040 1 1190 560 70
2018 4183 81180050 1 1190 560 68
2064 4499 81180060 1 1180 570 71
2116 4800 81180070 1 1180 570 70
2168 5092 81180080 1 1180 570 73
2220 5350 81180090 1 1180 570 76
2282 5576 81180100 1 1190 560 85
2365 5780 81180110 1 1190 560 89
2463 5939 81180120 1 1210 560 96
2590 6048 81180130 1 1220 560 94
2728 6123 81180140 1 1240 550 99
2873 6174 81180150 1 1250 550 109
3025 6201 81180160 1 1280 540 103
3175 6212 81180170 1 1290 530 117
3320 6203 81180180 1 1300 530 127
3429 6143 81180190 1 1310 520 136
3519 6050 81180200 1 1330 520 149
3564 5896 81180210 1 1340 510 132
3564 5721 81180220 1 1340 510 137
3542 5532 81180230 1 1350 510 134
3473 5304 81180240 1 1350 510 144
3377 5089 81180250 1 1360 500 129
3263 4883 81180260 1 1360 500 119
3125 4714 81180270 1 1360 500 108
2986 4614 81180280 1 1350 510 107
2847 4560 81180290 1 1350 510 107
2716 4532 81180300 1 1350 510 107
2585 4520 81180310 1 1330 510 122
2462 4520 81180320 1 1330 510 142
2383 4520 81180330 1 1320 510 144
2329 4520 81180340 1 1300 520 148
2305 4511 81180350 1 1300 520 142
2305 4506 81180360 1 1290 520 142
2315 4506 81180370 1 1290 520 144
2343 4492 81180380 1 1290 520 146
2387 4480 81180390 1 1290 520 144
2441 4466 81180400 1 1290 520 149
2519 4446 81180410 1 1280 530 141
2612 4390 81180420 1 1280 530 158
2715 4312 81180430 1 1280 530 173
2802 4197 81180440 1 1280 530 186
2891 4075 81180450 1 1290 520 178
2984 3943 81180460 1 1290 520 183
3084 3803 81180470 1 1290 520 202
3182 3659 81180480 1 1280 530 217
3277 3559 81180490 1 1280 530 226
3365 3469 81180500 1 1280 530 254
3454 3385 81180510 1 1270 520 257
3548 3295 81180520 1 1270 520 264
3644 3207 81180530 1 1270 520 262
3743 3131 81180540 1 1250 530 269
3826 3063 81180550 1 1250 530 269
3897 3004 81180560 1 1250 530 254
3968 2965 81180570 1 1250 530 244
4035 2940 81180580 1 1250 530 216
4100 2940 81180590 1 1250 530 200
4167 2984 81180600 1 1240 530 170
4235 3051 81180610 1 1240 530 180
4307 3155 81180620 1 1240 530 177
4383 3275 81180630 1 1240 530 180
4470 3405 81180640 1 1240 530 180
4563 3511 81180650 1 1230 520 186
4654 3612 81180660 1 1230 520 186
4735 3703 81180670 1 1240 530 187
4810 3793 81180680 1 1240 530 170
4865 3884 81180690 1 1240 530 176
4911 3955 81180700 1 1250 530 178
4951 4021 81180710 1 1250 530 188
4979 4076 81180720 1 1250 530 198
4989 4115 81180730 1 1250 530 215
4989 4145 81180740 1 1250 530 226
4973 4156 81180750 1 1250 530 235
4940 4145 81180760 1 1270 520 246
4896 4119 81180770 1 1270 520 254
4840 4055 81180780 1 1270 520 244
4774 3963 81180790 1 1270 520 259
4700 3853 81180800 1 1280 520 279
4633 3717 81180810 1 1280 520 279
4587 3592 81180820 1 1280 520 289
4556 3474 81180830 1 1280 520 301
4547 3331 81180840 1 1270 520 306
4555 3174 81180850 1 1270 520 309
4575 3007 81180860 1 1270 520 312
4619 2867 81180870 1 1270 520 314
4693 2769 81180880 1 1250 530 305
4786 2699 81180890 1 1250 530 317
4882 2671 81180900 1 1250 530 329
4984 2686 81180910 1 1240 530 337
5096 2729 81180920 1 1240 530 342
5218 2819 81180930 1 1240 530 334
5345 2927 81180940 1 1230 530 333
5450 3047 81180950 1 1230 530 336
5536 3178 81180960 1 1230 530 338
5609 3322 81180970 1 1240 540 336
5663 3474 81180980 1 1240 540 334
5695 3603 81180990 1 1240 540 333
5711 3718 81181000 1 1240 540 344
5701 3825 81181010 1 1240 540 345
5683 3893 81181020 1 1240 540 334
5660 3926 81181030 1 1240 540 338
5652 3937 81181040 1 1240 540 338
5647 3937 81181050 1 1250 540 344
5647 3937 81181060 1 1250 540 339
5647 3930 81181070 1 1270 530 342
5656 3898 81181080 1 1270 530 334
5677 3849 81181090 1 1270 530 339
5710 3757 81181100 1 1280 530 349
5753 3650 81181110 1 1280 530 359
5808 3532 81181120 1 1280 530 366
5871 3411 81181130 1 1290 520 373
5934 3290 81181140 1 1290 520 373
6013 3194 81181150 1 1280 530 362
6102 3114 81181160 1 1280 530 366
6208 3062 81181170 1 1280 530 367
6319 3027 81181180 1 1280 530 369
6425 3003 81181190 1 1280 530 366
6525 2990 81181200 1 1280 540 366
6623 3000 81181210 1 1280 540 367
6725 3026 81181220 1 1280 540 361
6832 3083 81181230 1 1260 540 373
6941 3194 81181240 1 1260 540 371
7050 3340 81181250 1 1260 540 373
7170 3524 81181260 1 1260 560 371
7300 3751 81181270 1 1260 560 369
7422 4008 81181280 1 1260 560 364
7537 4286 81181290 1 1260 560 358
7631 4571 81181300 1 1250 550 344
7710 4861 81181310 1 1250 550 337
7780 5142 81181320 1 1250 550 315
7840 5420 81181330 1 1260 560 316
7881 5670 81181340 1 1260 560 307
7909 5901 81181350 1 1260 560 304
7909 6084 81181360 1 1270 550 302
7900 6208 81181370 1 1290 550 292
7875 6294 81181380 1 1290 550 276
7830 6347 81181390 1 1300 540 275
7785 6370 81181400 1 1310 540 270
7733 6370 81181410 1 1310 540 267
7677 6332 81181420 1 1340 540 265
7620 6251 81181430 1 1350 530 267
7565 6143 81181440 1 1360 520 267
7515 5985 81181450 1 1370 520 272
7467 5780 81181460 1 1370 520 279
7423 5544 81181470 1 1370 520 280
7383 5270 81181480 1 1370 520 284
7349 4993 81181490 1 1370 520 280
7331 4726 81181500 1 1370 520 284
7321 4466 81181510 1 1370 520 287
7329 4215 81181520 1 1360 520 277
7353 3975 81181530 1 1350 520 291
7387 3742 81181540 1 1340 520 304
7447 3549 81181550 1 1330 530 317
7513 3365 81181560 1 1330 530 312
7607 3186 81181570 1 1310 540 315
7717 3048 81181580 1 1300 540 317
7857 2953 81181590 1 1300 540 319
7997 2887 81181600 1 1290 550 322
8141 2866 81181610 1 1270 550 325
8289 2885 81181620 1 1270 550 329
8447 2930 81181630 1 1270 550 330
8599 3002 81181640 1 1270 550 330
8737 3086 81181650 1 1270 550 334
8869 3179 81181660 1 1270 550 334
8985 3286 81181670 1 1260 560 332
9072 3391 81181680 1 1260 560 334
9140 3494 81181690 1 1260 560 329
9192 3593 81181700 1 1260 560 327
9234 3692 81181710 1 1260 560 329
9268 3791 81181720 1 1270 560 329
9295 3890 81181730 1 1270 560 329
9309 3936 81181740 1 1290 560 334
9315 3963 81181750 1 1290 560 335
9315 3978 81181760 1 1290 560 333
9315 3978 81181770 1 1300 550 338
9315 3978 81181780 1 1310 560 341
9305 3978 81181790 1 1310 560 341
9294 3967 81181800 1 1320 550 339
9280 3930 81181810 1 1320 550 349
9264 3877 81181820 1 1320 550 361
9252 3788 81181830 1 1320 550 369
9252 3691 81181840 1 1340 550 361
9252 3588 81181850 1 1340 550 362
9265 3501 81181860 1 1340 550 366
9298 3441 81181870 1 1340 550 367
9345 3400 81181880 1 1340 550 369
9408 3373 81181890 1 1320 550 371
9479 3364 81181900 1 1320 550 369
9556 3364 81181910 1 1320 550 371
9627 3384 81181920 1 1310 560 366
9698 3416 81181930 1 1310 560 367
9769 3459 81181940 1 1300 550 362
9840 3504 81181950 1 1290 560 362
9910 3551 81181960 1 1290 560 361
9968 3599 81181970 1 1290 560 361
10017 3616 81181980 1 1270 560 367
10050 3610 81181990 1 1270 560 367
10078 3590 81182000 1 1270 560 374
10102 3540 81182010 1 1280 570 379
10130 3467 81182020 1 1280 570 387
10161 3378 81182030 1 1280 570 389
10198 3286 81182040 1 1280 570 391
10252 3210 81182050 1 1280 570 396
10317 3146 81182060 1 1280 570 398
10397 3105 81182070 1 1300 580 398
10493 3087 81182080 1 1300 580 398
10599 3087 81182090 1 1300 580 399
10712 3105 81182100 1 1300 580 398
10828 3140 81182110 1 1300 580 398
10951 3185 81182120 1 1300 580 388
11064 3228 81182130 1 1300 580 391
11170 3265 81182140 1 1300 580 391
11253 3274 81182150 1 1300 580 392
11326 3266 81182160 1 1280 570 402
11392 3232 81182170 1 1280 570 409
11466 3192 81182180 1 1280 570 413
11540 3146 81182190 1 1260 570 410
11615 3102 81182200 1 1260 570 409
11691 3070 81182210 1 1260 570 407
11769 3046 81182220 1 1250 560 399
11851 3041 81182230 1 1230 560 339
11930 3046 81182240 1 1230 560 254
11999 3057 81182250 1 1230 560 61
10181 4224 81182524 0 1310 550 65
10195 4219 81182534 1 1310 550 86
10218 4200 81182544 1 1310 550 90
10254 4185 81182554 1 1310 550 95
10293 4167 81182564 1 1310 550 95
10338 4148 81182574 1 1320 550 93
10383 4126 81182584 1 1320 550 61
9276 4416 81182774 0 1300 520 187
9252 4386 81182784 1 1290 510 181
9245 4461 81182794 1 1300 510 181
9245 4447 81182804 1 1300 510 180
9268 4428 81182814 1 1300 510 181
9307 4400 81182824 1 1300 510 176
9355 4369 81182834 1 1300 510 136
