347
3162 4981 8663577 0 1420 530 279
3162 4981 8663587 1 1420 530 325
3162 4981 8663597 1 1420 530 324
3162 4981 8663607 1 1430 530 309
3162 4981 8663617 1 1430 530 312
3162 4981 8663627 1 1430 530 339
3162 4981 8663637 1 1430 530 353
3162 4981 8663647 1 1430 530 373
3162 4981 8663657 1 1450 540 372
3162 4981 8663667 1 1450 540 389
3162 4981 8663677 1 1450 540 396
3162 4981 8663687 1 1450 540 412
3162 4981 8663697 1 1450 540 418
3162 4981 8663707 1 1450 540 452
3162 4981 8663717 1 1450 540 465
3162 4981 8663727 1 1450 540 485
3259 5002 8663737 1 1450 540 489
3332 5033 8663747 1 1450 540 502
3419 5081 8663757 1 1450 540 517
3516 5135 8663767 1 1450 540 515
3613 5193 8663777 1 1450 540 522
3704 5243 8663787 1 1450 540 512
3790 5291 8663797 1 1450 540 516
3850 5338 8663807 1 1450 540 516
3899 5381 8663817 1 1450 540 516
3941 5420 8663827 1 1450 540 515
3973 5456 8663837 1 1450 540 515
3995 5489 8663847 1 1450 540 520
4011 5521 8663857 1 1450 540 497
4011 5563 8663867 1 1450 540 477
4011 5613 8663877 1 1450 540 468
4000 5671 8663887 1 1450 540 461
3977 5728 8663897 1 1450 540 461
3952 5783 8663907 1 1450 540 468
3926 5837 8663917 1 1450 540 472
3899 5886 8663927 1 1430 530 496
3874 5925 8663937 1 1450 530 501
3851 5956 8663947 1 1450 530 517
3831 5979 8663957 1 1460 530 515
3813 5996 8663967 1 1470 520 521
3799 6007 8663977 1 1470 520 526
3788 6012 8663987 1 1480 510 524
3780 6012 8663997 1 1480 510 530
3780 6012 8664007 1 1480 510 527
3774 6012 8664017 1 1500 510 526
3774 6012 8664027 1 1500 510 526
3769 6004 8664037 1 1510 500 529
3762 5969 8664047 1 1510 500 529
3752 5918 8664057 1 1510 500 527
3742 5819 8664067 1 1520 490 532
3734 5717 8664077 1 1520 490 541
3734 5550 8664087 1 1510 500 548
3734 5342 8664097 1 1510 500 559
3745 5054 8664107 1 1510 500 557
3757 4749 8664117 1 1500 510 557
3770 4434 8664127 1 1500 510 561
3785 4211 8664137 1 1490 520 581
3807 4064 8664147 1 1480 530 613
3822 3967 8664157 1 1480 530 614
3831 3882 8664167 1 1470 530 627
3838 3797 8664177 1 1470 530 631
3846 3740 8664187 1 1450 540 628
3853 3703 8664197 1 1440 540 633
3853 3680 8664207 1 1430 550 630
3853 3675 8664217 1 1410 560 617
3853 3682 8664227 1 1400 560 567
3853 3694 8664237 1 1400 560 444
3853 3776 8664247 1 1390 570 309
3853 3905 8664257 1 1390 570 193
3863 4057 8664267 1 1390 570 146
3888 4205 8664277 1 1390 570 101
3922 4350 8664287 1 1390 570 106
3960 4467 8664297 1 1390 570 104
4001 4575 8664307 1 1390 570 101
4045 4676 8664317 1 1380 570 158
4097 4791 8664327 1 1380 570 195
4153 4903 8664337 1 1380 570 223
4200 4978 8664347 1 1390 570 247
4230 5028 8664357 1 1390 570 292
4249 5050 8664367 1 1400 560 339
4257 5058 8664377 1 1400 560 384
4257 5058 8664387 1 1410 560 422
4257 5058 8664397 1 1410 560 443
4252 5058 8664407 1 1410 560 456
4252 5053 8664417 1 1430 550 465
4240 5048 8664427 1 1440 560 469
4224 5037 8664437 1 1440 560 474
4195 5020 8664447 1 1450 550 464
4160 4996 8664457 1 1450 550 465
4122 4963 8664467 1 1450 550 470
4081 4926 8664477 1 1450 550 477
4036 4884 8664487 1 1460 540 477
3989 4833 8664497 1 1460 540 485
3924 4762 8664507 1 1460 540 492
3849 4680 8664517 1 1450 550 512
3766 4598 8664527 1 1450 550 548
3670 4514 8664537 1 1450 550 586
3578 4427 8664547 1 1450 550 627
3495 4356 8664557 1 1450 550 649
3430 4295 8664567 1 1440 560 662
3375 4255 8664577 1 1430 550 665
3343 4228 8664587 1 1430 550 659
3316 4209 8664597 1 1430 550 650
3307 4201 8664607 1 1430 550 622
3307 4201 8664617 1 1410 560 550
3307 4201 8664627 1 1410 560 453
3335 4219 8664637 1 1410 560 314
3373 4261 8664647 1 1410 560 80
3675 4536 8664689 0 1400 550 141
3814 4631 8664699 1 1400 550 244
3873 4672 8664709 1 1400 550 342
3931 4695 8664719 1 1390 560 397
3991 4707 8664729 1 1390 560 452
4050 4707 8664739 1 1390 560 499
4111 4698 8664749 1 1390 560 516
4171 4684 8664759 1 1390 560 537
4229 4666 8664769 1 1390 560 543
4290 4653 8664779 1 1390 560 545
4352 4644 8664789 1 1390 560 538
4416 4639 8664799 1 1390 560 440
4481 4639 8664809 1 1390 560 217
5000 5126 8664919 0 1430 560 398
5000 5126 8664929 1 1430 560 415
5000 5126 8664939 1 1430 560 364
5000 5126 8664949 1 1450 560 368
5084 5174 8664959 1 1450 560 373
5153 5203 8664969 1 1450 560 367
5248 5245 8664979 1 1470 560 369
5289 5296 8664989 1 1470 560 369
5357 5353 8664999 1 1490 560 369
5442 5426 8665009 1 1490 560 374
5520 5502 8665019 1 1490 560 374
5583 5579 8665029 1 1490 560 376
5635 5644 8665039 1 1490 560 376
5675 5707 8665049 1 1500 570 384
5700 5767 8665059 1 1500 570 402
5716 5834 8665069 1 1500 570 415
5716 5905 8665079 1 1500 570 430
5708 5968 8665089 1 1500 570 455
5693 6027 8665099 1 1510 560 467
5667 6079 8665109 1 1510 560 472
5635 6125 8665119 1 1510 560 473
5600 6161 8665129 1 1520 560 475
5564 6188 8665139 1 1520 560 478
5527 6208 8665149 1 1520 560 480
5490 6223 8665159 1 1530 550 485
5460 6233 8665169 1 1530 550 488
5433 6238 8665179 1 1530 540 491
5413 6238 8665189 1 1550 540 491
5397 6238 8665199 1 1560 530 493
5382 6230 8665209 1 1560 530 491
5367 6214 8665219 1 1560 530 495
5354 6191 8665229 1 1560 530 493
5340 6145 8665239 1 1560 530 496
5327 6084 8665249 1 1560 530 488
5316 5984 8665259 1 1560 530 505
5311 5831 8665269 1 1560 530 546
5311 5643 8665279 1 1560 530 588
5319 5385 8665289 1 1560 530 602
5331 5032 8665299 1 1560 530 597
5352 4615 8665309 1 1550 540 603
5379 4204 8665319 1 1550 540 602
5396 3869 8665329 1 1540 550 638
5409 3586 8665339 1 1530 560 678
5420 3476 8665349 1 1520 570 702
5441 3391 8665359 1 1510 580 722
5455 3324 8665369 1 1490 580 724
5464 3278 8665379 1 1470 590 719
5464 3255 8665389 1 1460 600 710
5470 3247 8665399 1 1450 600 693
5470 3247 8665409 1 1440 610 613
5462 3278 8665419 1 1430 620 489
5446 3329 8665429 1 1430 620 405
5426 3426 8665439 1 1410 630 342
5417 3533 8665449 1 1410 630 151
5640 4717 8665550 0 1430 620 109
5723 4781 8665560 1 1430 620 225
5735 4810 8665570 1 1430 620 240
5740 4828 8665580 1 1440 610 239
5740 4834 8665590 1 1450 600 240
5753 4846 8665600 1 1460 600 252
5753 4857 8665610 1 1460 600 309
5753 4866 8665620 1 1460 600 337
5746 4873 8665630 1 1460 580 373
5739 4879 8665640 1 1460 580 404
5732 4885 8665650 1 1460 580 418
5725 4885 8665660 1 1470 580 428
5716 4891 8665670 1 1470 580 430
5703 4891 8665680 1 1470 580 438
5687 4881 8665690 1 1470 580 446
5663 4867 8665700 1 1470 580 448
5624 4832 8665710 1 1480 570 478
5576 4784 8665720 1 1480 570 509
5515 4720 8665730 1 1470 580 535
5434 4644 8665740 1 1470 580 564
5339 4560 8665750 1 1470 580 595
5236 4480 8665760 1 1470 580 644
5136 4410 8665770 1 1470 580 667
5045 4348 8665780 1 1470 580 693
4964 4296 8665790 1 1460 580 708
4905 4261 8665800 1 1460 580 722
4859 4238 8665810 1 1460 580 731
4839 4227 8665820 1 1460 580 727
4831 4227 8665830 1 1450 590 696
4831 4227 8665840 1 1450 590 619
4831 4239 8665850 1 1450 590 502
4860 4271 8665860 1 1450 590 314
5427 4635 8665950 0 1450 590 455
5594 4701 8665960 1 1450 590 465
5626 4709 8665970 1 1450 590 467
5669 4697 8665980 1 1450 590 475
5723 4676 8665990 1 1450 590 473
5783 4656 8666000 1 1450 590 475
5817 4636 8666010 1 1450 590 488
5835 4613 8666020 1 1460 600 509
5842 4598 8666030 1 1460 600 520
5842 4587 8666040 1 1460 600 513
5850 4581 8666050 1 1460 600 512
5850 4581 8666060 1 1480 600 469
5850 4581 8666070 1 1480 600 371
5850 4576 8666080 1 1470 610 149
7097 5087 8666471 0 1570 610 388
7097 5087 8666481 1 1570 610 497
7097 5087 8666491 1 1570 610 501
7097 5087 8666501 1 1560 610 499
7097 5087 8666511 1 1560 610 501
7097 5087 8666521 1 1560 610 509
7209 5060 8666531 1 1560 610 522
7250 5047 8666541 1 1570 610 540
7293 5029 8666551 1 1570 610 561
7336 5011 8666561 1 1580 600 589
7381 4991 8666571 1 1600 600 616
7423 4971 8666581 1 1590 610 639
7463 4950 8666591 1 1590 610 638
7504 4931 8666601 1 1610 620 646
7539 4913 8666611 1 1610 620 649
7571 4894 8666621 1 1610 620 646
7599 4875 8666631 1 1610 620 640
7621 4857 8666641 1 1610 620 616
7639 4840 8666651 1 1610 620 515
7649 4815 8666661 1 1610 620 285
7085 4167 8666772 0 1570 630 512
6994 4034 8666782 1 1570 630 567
6953 4021 8666792 1 1570 630 572
6930 3991 8666802 1 1570 630 560
6917 3951 8666812 1 1570 630 561
6925 3931 8666822 1 1570 630 561
6932 3920 8666832 1 1570 630 569
6941 3914 8666842 1 1570 630 589
6941 3914 8666852 1 1570 630 599
6941 3914 8666862 1 1570 630 616
6941 3914 8666872 1 1590 640 638
7056 3949 8666882 1 1590 640 638
7122 3995 8666892 1 1590 640 637
7207 4055 8666902 1 1590 640 638
7305 4124 8666912 1 1590 640 577
7407 4205 8666922 1 1590 640 422
7508 4293 8666932 1 1590 640 129
8061 4982 8667112 0 1590 640 146
8061 4982 8667122 1 1590 640 167
8061 4982 8667132 1 1590 640 212
8050 4905 8667142 1 1600 630 247
8038 4832 8667152 1 1590 640 296
8018 4746 8667162 1 1590 640 336
7993 4659 8667172 1 1610 640 376
7960 4572 8667182 1 1610 640 399
7930 4453 8667192 1 1610 640 417
7906 4396 8667202 1 1600 650 422
7899 4380 8667212 1 1620 650 431
7899 4366 8667222 1 1620 650 435
7905 4366 8667232 1 1620 650 428
7905 4366 8667242 1 1620 650 415
7914 4366 8667252 1 1620 660 400
7925 4382 8667262 1 1620 660 384
7943 4407 8667272 1 1620 660 363
7966 4438 8667282 1 1620 660 315
7993 4478 8667292 1 1610 670 253
8025 4524 8667302 1 1630 670 105
8236 4763 8667342 0 1610 670 10
8423 4886 8667352 1 1610 670 108
8516 4946 8667362 1 1610 670 160
8600 4990 8667372 1 1610 670 225
8690 5029 8667382 1 1610 670 304
8769 5057 8667392 1 1610 670 369
8841 5075 8667402 1 1620 660 423
8904 5083 8667412 1 1620 660 465
8968 5083 8667422 1 1640 660 522
9018 5075 8667432 1 1640 660 556
9059 5061 8667442 1 1640 660 591
9091 5043 8667452 1 1640 660 606
9114 5021 8667462 1 1660 660 638
9130 4993 8667472 1 1670 650 641
9139 4960 8667482 1 1670 650 656
9139 4925 8667492 1 1670 650 668
9139 4884 8667502 1 1690 660 678
9126 4837 8667512 1 1690 660 682
9108 4783 8667522 1 1690 660 681
9086 4726 8667532 1 1690 660 685
9048 4670 8667542 1 1680 670 684
9010 4625 8667552 1 1680 670 685
8966 4586 8667562 1 1710 670 663
8919 4549 8667572 1 1710 670 636
8869 4511 8667582 1 1700 680 567
8795 4472 8667592 1 1700 680 448
8706 4418 8667602 1 1680 680 282
8599 4362 8667612 1 1680 680 99
8480 4301 8667622 1 1680 680 3
8353 4240 8667632 1 1670 690 63
8238 4191 8667642 1 1670 690 179
8153 4149 8667652 1 1650 680 247
8087 4115 8667662 1 1650 680 315
8036 4093 8667672 1 1650 680 396
7990 4080 8667682 1 1620 680 466
7971 4080 8667692 1 1620 680 512
7971 4085 8667702 1 1620 680 540
7978 4098 8667712 1 1620 680 556
8022 4133 8667722 1 1610 670 561
8088 4181 8667732 1 1610 670 570
8178 4237 8667742 1 1610 670 567
8288 4294 8667752 1 1610 670 550
8410 4352 8667762 1 1610 670 497
8519 4411 8667772 1 1610 670 417
8607 4452 8667782 1 1610 670 310
8680 4489 8667792 1 1630 670 148
8324 5361 8668033 0 1630 640 107
8324 5361 8668043 1 1630 640 113
8324 5361 8668053 1 1630 640 85
8324 5361 8668063 1 1630 640 68
8324 5361 8668073 1 1630 640 89
8324 5361 8668083 1 1630 640 98
8324 5361 8668093 1 1630 640 119
8324 5361 8668103 1 1630 640 139
8324 5361 8668113 1 1650 640 141
8324 5361 8668123 1 1650 640 170
8324 5361 8668133 1 1650 640 187
8324 5361 8668143 1 1650 640 213
8324 5361 8668153 1 1650 640 255
8324 5361 8668163 1 1650 640 361
8285 5232 8668173 1 1650 640 474
8264 5084 8668183 1 1650 640 546
8238 4839 8668193 1 1650 650 566
8207 4529 8668203 1 1650 650 510
8172 4195 8668213 1 1650 650 513
8134 3922 8668223 1 1620 660 539
8117 3689 8668233 1 1620 660 545
8105 3562 8668243 1 1620 660 491
8105 3476 8668253 1 1610 670 336
