239
3379 6231 8414429 0 1350 800 616
3379 6231 8414439 1 1350 800 616
3280 6259 8414449 1 1350 800 616
3271 6259 8414459 1 1350 800 611
3264 6259 8414469 1 1390 790 622
3249 6266 8414479 1 1420 790 638
3228 6273 8414489 1 1410 770 658
3214 6278 8414499 1 1430 750 666
3205 6278 8414509 1 1450 730 675
3205 6283 8414519 1 1440 720 682
3200 6283 8414529 1 1450 700 693
3200 6291 8414539 1 1460 670 699
3200 6291 8414549 1 1470 650 699
3195 6296 8414559 1 1460 640 697
3195 6296 8414569 1 1470 620 699
3195 6304 8414579 1 1480 600 700
3200 6304 8414589 1 1470 590 694
3207 6304 8414599 1 1480 570 710
3222 6313 8414609 1 1490 550 722
3247 6320 8414619 1 1480 540 727
3281 6329 8414629 1 1490 530 736
3324 6337 8414639 1 1490 520 749
3373 6345 8414649 1 1490 520 754
3428 6353 8414659 1 1490 520 767
3486 6361 8414669 1 1490 520 779
3545 6368 8414679 1 1490 520 784
3592 6368 8414689 1 1490 520 784
3631 6358 8414699 1 1490 520 790
3656 6342 8414709 1 1490 520 791
3666 6319 8414719 1 1490 520 797
3666 6255 8414729 1 1490 520 797
3627 6166 8414739 1 1490 520 796
3558 6034 8414749 1 1490 520 796
3469 5900 8414759 1 1490 520 784
3384 5789 8414769 1 1490 520 788
3300 5695 8414779 1 1490 520 793
3221 5620 8414789 1 1480 530 794
3173 5572 8414799 1 1480 530 794
3145 5542 8414809 1 1460 530 788
3150 5542 8414819 1 1460 530 785
3160 5542 8414829 1 1460 530 788
3202 5548 8414839 1 1450 540 802
3262 5570 8414849 1 1450 540 820
3337 5602 8414859 1 1440 540 819
3414 5641 8414869 1 1440 540 827
3471 5663 8414879 1 1440 540 827
3514 5669 8414889 1 1430 550 828
3523 5669 8414899 1 1400 550 839
3523 5650 8414909 1 1400 550 860
3508 5590 8414919 1 1400 550 866
3460 5501 8414929 1 1400 550 869
3390 5368 8414939 1 1400 550 854
3304 5249 8414949 1 1400 550 854
3227 5139 8414959 1 1390 550 853
3194 5069 8414969 1 1390 550 867
3194 5015 8414979 1 1390 550 866
3217 4972 8414989 1 1390 550 866
3249 4940 8414999 1 1390 550 869
3306 4908 8415009 1 1390 550 867
3377 4875 8415019 1 1390 550 854
3451 4824 8415029 1 1390 550 858
3511 4727 8415039 1 1400 540 876
3562 4600 8415049 1 1390 550 905
3557 4413 8415059 1 1390 550 938
3511 4226 8415069 1 1390 550 968
3438 4059 8415079 1 1390 550 1003
3350 3905 8415089 1 1390 550 1023
3256 3759 8415099 1 1380 550 1023
3159 3659 8415109 1 1380 550 1023
3087 3591 8415119 1 1380 550 1023
3033 3555 8415129 1 1360 560 1023
2991 3538 8415139 1 1360 560 1023
2967 3538 8415149 1 1350 570 1023
2957 3543 8415159 1 1350 570 1023
2957 3558 8415169 1 1340 570 1023
2957 3579 8415179 1 1340 570 1023
2963 3617 8415189 1 1320 580 1023
2986 3668 8415199 1 1320 580 1023
3018 3727 8415209 1 1320 580 1023
3066 3803 8415219 1 1320 590 1023
3115 3875 8415229 1 1320 590 1012
3168 3938 8415239 1 1320 590 984
3221 3985 8415249 1 1320 590 983
3266 4021 8415259 1 1320 590 964
3306 4047 8415269 1 1310 580 949
3348 4072 8415279 1 1310 580 937
3390 4095 8415289 1 1310 580 942
3433 4116 8415299 1 1320 580 936
3480 4137 8415309 1 1320 580 924
3531 4164 8415319 1 1320 580 893
3587 4196 8415329 1 1320 580 869
3651 4238 8415339 1 1320 580 794
3725 4299 8415349 1 1320 580 662
3799 4374 8415359 1 1340 570 423
4557 6306 8415440 0 1360 570 821
4803 6470 8415450 1 1380 570 842
4817 6551 8415460 1 1390 560 851
4822 6497 8415470 1 1410 560 869
4840 6353 8415480 1 1410 560 873
4867 6223 8415490 1 1440 560 893
4856 6092 8415500 1 1440 560 893
4841 5960 8415510 1 1440 560 893
4823 5883 8415520 1 1450 550 884
4832 5841 8415530 1 1460 550 863
4867 5836 8415540 1 1460 550 830
4918 5892 8415550 1 1470 550 762
5001 5990 8415560 1 1490 550 733
5083 6134 8415570 1 1490 550 730
5163 6278 8415580 1 1500 540 757
5287 6376 8415590 1 1500 540 796
5347 6445 8415600 1 1500 540 818
5365 6462 8415610 1 1500 540 843
5392 6446 8415620 1 1500 540 885
5398 6409 8415630 1 1500 540 899
5391 6306 8415640 1 1490 550 899
5301 6111 8415650 1 1490 550 899
5157 5854 8415660 1 1490 550 896
4978 5638 8415670 1 1490 550 906
4792 5441 8415680 1 1490 550 902
4607 5257 8415690 1 1490 550 900
4494 5118 8415700 1 1490 550 908
4430 5028 8415710 1 1480 560 885
4407 4970 8415720 1 1480 560 872
4407 4953 8415730 1 1460 550 873
4427 4964 8415740 1 1450 560 875
4484 4993 8415750 1 1450 560 876
4572 5077 8415760 1 1450 560 876
4680 5197 8415770 1 1430 560 879
4817 5342 8415780 1 1430 560 888
4944 5486 8415790 1 1430 560 893
5065 5594 8415800 1 1420 570 900
5178 5677 8415810 1 1420 570 912
5247 5718 8415820 1 1420 570 911
5287 5718 8415830 1 1400 580 921
5287 5692 8415840 1 1400 580 956
5244 5582 8415850 1 1420 580 968
5171 5353 8415860 1 1420 580 991
5066 5045 8415870 1 1420 580 994
4965 4719 8415880 1 1410 590 1023
4867 4469 8415890 1 1410 590 1023
4811 4269 8415900 1 1420 590 1023
4777 4132 8415910 1 1420 590 1023
4758 4057 8415920 1 1410 600 1023
4758 4024 8415930 1 1410 600 1023
4758 4024 8415940 1 1410 600 1023
4781 4053 8415950 1 1410 600 1023
4816 4104 8415960 1 1410 600 1023
4863 4243 8415970 1 1390 610 1011
4933 4418 8415980 1 1390 610 1000
5018 4617 8415990 1 1390 610 1000
5136 4772 8416000 1 1390 610 994
5268 4923 8416010 1 1390 610 1002
5408 5031 8416020 1 1390 610 1008
5531 5112 8416030 1 1390 610 1012
5645 5153 8416040 1 1390 610 1023
5752 5148 8416050 1 1390 610 1023
5843 5113 8416060 1 1390 610 1023
5903 5032 8416061 1 1390 610 1023
5943 4906 8416071 1 1410 610 1023
5963 4749 8416081 1 1410 610 1023
5952 4606 8416091 1 1410 610 1023
5921 4493 8416101 1 1410 610 1023
5890 4399 8416111 1 1430 620 1023
5859 4329 8416121 1 1430 620 1023
5828 4287 8416131 1 1430 620 1023
5795 4265 8416141 1 1430 620 1023
5760 4258 8416151 1 1430 620 1023
5706 4275 8416161 1 1410 630 1023
5653 4307 8416171 1 1410 630 1023
5601 4361 8416181 1 1410 630 1023
5556 4415 8416191 1 1410 630 1023
5529 4469 8416201 1 1400 630 930
5513 4519 8416211 1 1400 630 594
7862 5650 8416462 0 1530 540 700
7741 5626 8416472 1 1530 540 770
7655 5715 8416482 1 1540 530 779
7606 5741 8416492 1 1530 530 790
7582 5726 8416502 1 1520 540 787
7582 5743 8416512 1 1510 540 802
7582 5760 8416522 1 1490 560 820
7626 5777 8416532 1 1480 570 827
7689 5816 8416542 1 1490 580 834
7813 5869 8416552 1 1470 590 836
7952 5922 8416562 1 1490 590 845
8102 5970 8416572 1 1490 590 857
8224 5997 8416582 1 1500 600 866
8324 6013 8416592 1 1500 600 864
8410 6008 8416602 1 1500 620 867
8446 5985 8416612 1 1520 620 866
8454 5950 8416622 1 1530 630 861
8444 5879 8416632 1 1530 630 857
8375 5774 8416642 1 1540 640 851
8261 5647 8416652 1 1540 640 849
8118 5518 8416662 1 1540 640 851
7976 5410 8416672 1 1540 640 860
7894 5317 8416682 1 1560 640 855
7853 5245 8416692 1 1560 640 861
7858 5207 8416702 1 1560 640 900
7910 5192 8416712 1 1560 640 921
7993 5201 8416722 1 1560 640 946
8116 5226 8416732 1 1560 640 978
8263 5263 8416742 1 1550 650 1017
8425 5378 8416752 1 1550 650 1023
8562 5438 8416762 1 1550 650 1023
8647 5462 8416772 1 1540 660 1023
8647 5462 8416782 1 1540 660 1023
8690 5383 8416792 1 1530 670 1023
8588 5274 8416802 1 1530 670 1023
8422 5085 8416812 1 1530 670 1023
8159 4872 8416822 1 1530 670 1023
7893 4644 8416832 1 1530 670 1023
7626 4475 8416842 1 1520 680 1023
7468 4335 8416852 1 1500 670 1023
7364 4214 8416862 1 1500 670 1023
7295 4153 8416872 1 1500 670 1023
7283 4134 8416882 1 1500 670 1023
7300 4144 8416892 1 1500 670 1023
7337 4175 8416902 1 1500 670 1023
7445 4237 8416912 1 1480 680 1023
7588 4321 8416922 1 1480 680 1023
7755 4416 8416932 1 1480 680 1023
7973 4495 8416942 1 1460 670 1023
8191 4563 8416952 1 1450 680 1023
8443 4612 8416962 1 1450 680 1023
8716 4647 8416972 1 1470 690 1023
8972 4673 8416982 1 1450 700 1023
9237 4654 8416992 1 1450 700 1023
9460 4641 8417002 1 1460 710 1023
9652 4631 8417012 1 1460 710 1023
9776 4605 8417022 1 1460 710 1023
9851 4580 8417032 1 1470 720 1023
9892 4556 8417042 1 1470 720 1023
9864 4538 8417052 1 1450 730 1023
9772 4463 8417062 1 1480 740 1023
9637 4349 8417072 1 1480 740 1023
9423 4247 8417082 1 1510 740 1023
9175 4144 8417092 1 1510 740 1023
8904 4078 8417102 1 1510 740 882
8563 4037 8417112 1 1510 740 30
