434
2722 6306 2947508 0 1160 470 34
2722 6306 2947518 1 1160 470 65
2785 6383 2947528 1 1160 470 65
2820 6421 2947538 1 1160 470 81
2866 6460 2947548 1 1160 470 93
2919 6498 2947558 1 1160 470 99
2985 6537 2947568 1 1160 470 106
3056 6576 2947578 1 1160 470 95
3137 6608 2947588 1 1160 470 108
3221 6640 2947598 1 1160 470 129
3305 6670 2947608 1 1160 470 148
3387 6698 2947618 1 1160 470 136
3471 6721 2947628 1 1160 470 141
3553 6740 2947638 1 1150 460 148
3638 6755 2947648 1 1150 460 149
3727 6765 2947658 1 1150 460 153
3799 6765 2947668 1 1150 460 153
3858 6765 2947678 1 1140 450 158
3916 6756 2947688 1 1140 450 158
3964 6741 2947698 1 1140 450 160
4004 6718 2947708 1 1140 450 161
4036 6689 2947718 1 1130 450 172
4060 6655 2947728 1 1140 440 173
4078 6617 2947738 1 1140 440 179
4083 6569 2947748 1 1140 440 184
4077 6512 2947758 1 1140 440 186
4064 6443 2947768 1 1140 430 187
4041 6366 2947778 1 1140 440 171
4009 6285 2947788 1 1140 440 171
3970 6202 2947798 1 1140 440 173
3922 6122 2947808 1 1160 440 173
3867 6037 2947818 1 1160 440 183
3806 5952 2947828 1 1160 440 202
3747 5870 2947838 1 1160 440 218
3683 5791 2947848 1 1150 430 211
3615 5726 2947858 1 1150 430 225
3560 5665 2947868 1 1140 420 247
3509 5607 2947878 1 1140 420 244
3465 5561 2947888 1 1140 420 250
3430 5520 2947898 1 1130 420 260
3403 5483 2947908 1 1130 420 269
3384 5456 2947918 1 1120 420 272
3371 5442 2947928 1 1120 420 272
3366 5436 2947938 1 1120 410 269
3366 5436 2947948 1 1120 410 267
3378 5436 2947958 1 1110 410 270
3393 5436 2947968 1 1100 400 275
3426 5444 2947978 1 1100 400 280
3472 5463 2947988 1 1100 400 285
3525 5495 2947998 1 1080 400 287
3596 5534 2948008 1 1080 400 276
3679 5577 2948018 1 1090 400 277
3762 5622 2948028 1 1090 400 277
3842 5667 2948038 1 1090 400 279
3919 5711 2948048 1 1100 400 279
3998 5743 2948058 1 1100 400 281
4078 5768 2948068 1 1100 400 281
4158 5783 2948078 1 1100 400 279
4220 5783 2948088 1 1110 400 277
4272 5783 2948098 1 1110 400 276
4313 5770 2948108 1 1110 400 273
4341 5749 2948118 1 1120 400 287
4360 5721 2948128 1 1120 400 285
4365 5673 2948138 1 1120 400 285
4353 5614 2948148 1 1120 400 285
4330 5538 2948158 1 1120 400 287
4290 5446 2948168 1 1120 400 274
4242 5344 2948178 1 1120 400 277
4189 5232 2948188 1 1120 400 274
4121 5124 2948198 1 1130 400 274
4054 5018 2948208 1 1130 400 276
3988 4912 2948218 1 1130 400 279
3926 4812 2948228 1 1120 400 277
3869 4716 2948238 1 1120 400 279
3820 4643 2948248 1 1120 400 279
3777 4584 2948258 1 1110 400 284
3740 4534 2948268 1 1110 400 292
3707 4500 2948278 1 1100 400 296
3687 4481 2948288 1 1100 400 306
3676 4472 2948298 1 1080 400 306
3676 4472 2948308 1 1080 400 301
3676 4472 2948318 1 1080 400 294
3685 4472 2948328 1 1080 400 294
3702 4467 2948338 1 1070 390 292
3733 4472 2948348 1 1070 390 296
3771 4482 2948358 1 1060 390 299
3825 4510 2948368 1 1060 380 302
3884 4548 2948378 1 1050 380 302
3963 4593 2948388 1 1050 380 302
4053 4631 2948398 1 1050 380 302
4158 4667 2948408 1 1050 380 302
4257 4696 2948418 1 1060 380 304
4353 4710 2948428 1 1060 380 306
4441 4715 2948438 1 1060 380 304
4528 4715 2948448 1 1060 380 304
4615 4703 2948458 1 1070 390 306
4711 4680 2948468 1 1070 390 307
4793 4648 2948478 1 1080 400 304
4856 4600 2948488 1 1090 400 306
4909 4542 2948498 1 1090 400 306
4953 4462 2948508 1 1100 410 309
4984 4352 2948518 1 1100 420 312
5006 4223 2948528 1 1100 420 312
5013 4087 2948538 1 1110 430 310
5002 3946 2948548 1 1110 430 324
4979 3796 2948558 1 1120 440 344
4949 3641 2948568 1 1110 440 338
4904 3487 2948578 1 1110 450 358
4850 3309 2948588 1 1120 460 367
4792 3114 2948598 1 1110 460 386
4721 2958 2948608 1 1120 470 396
4640 2812 2948618 1 1120 470 392
4566 2674 2948628 1 1100 470 397
4493 2560 2948638 1 1100 470 399
4420 2460 2948648 1 1100 460 402
4349 2369 2948658 1 1090 460 397
4281 2290 2948668 1 1080 460 391
4214 2227 2948678 1 1070 460 372
4150 2175 2948688 1 1070 450 335
4091 2148 2948698 1 1070 450 272
4042 2143 2948708 1 1060 450 182
4000 2152 2948718 1 1050 440 100
3967 2200 2948728 1 1050 440 12
4913 6191 2949010 0 1210 430 12
4929 6213 2949020 1 1220 430 25
4942 6234 2949030 1 1230 430 51
4962 6261 2949040 1 1240 440 65
4997 6298 2949050 1 1240 440 81
5040 6362 2949060 1 1250 440 96
5104 6443 2949070 1 1230 450 93
5182 6528 2949080 1 1230 450 119
5269 6612 2949090 1 1230 450 146
5353 6695 2949100 1 1230 450 165
5430 6763 2949110 1 1230 440 186
5503 6834 2949120 1 1230 440 178
5583 6908 2949130 1 1230 440 185
5655 6968 2949140 1 1220 430 191
5721 7011 2949150 1 1230 430 191
5779 7042 2949160 1 1230 430 193
5820 7056 2949170 1 1230 430 185
5849 7056 2949180 1 1220 420 180
5866 7043 2949190 1 1230 420 173
5866 7017 2949200 1 1230 420 176
5866 6961 2949210 1 1240 430 175
5837 6885 2949220 1 1250 420 170
5787 6779 2949230 1 1250 420 171
5722 6671 2949240 1 1250 420 176
5648 6534 2949250 1 1260 420 180
5575 6379 2949260 1 1260 420 183
5506 6214 2949270 1 1250 410 193
5441 6052 2949280 1 1250 410 193
5381 5897 2949290 1 1240 420 196
5325 5740 2949300 1 1240 420 203
5277 5609 2949310 1 1230 420 208
5240 5495 2949320 1 1230 420 215
5213 5379 2949330 1 1220 420 206
5203 5291 2949340 1 1220 420 209
5203 5223 2949350 1 1210 430 214
5219 5184 2949360 1 1200 420 212
5238 5158 2949370 1 1190 420 218
5266 5140 2949380 1 1190 420 223
5266 5140 2949390 1 1180 410 237
5352 5150 2949400 1 1170 420 242
5413 5178 2949410 1 1170 420 254
5485 5239 2949420 1 1170 420 267
5574 5339 2949430 1 1160 420 274
5673 5464 2949440 1 1160 420 282
5788 5594 2949450 1 1160 420 287
5890 5724 2949460 1 1170 430 276
5983 5871 2949470 1 1170 430 277
6077 6030 2949480 1 1170 430 279
6167 6175 2949490 1 1180 440 279
6255 6326 2949500 1 1180 440 273
6326 6481 2949510 1 1180 440 279
6382 6613 2949520 1 1180 440 264
6427 6740 2949530 1 1180 440 247
6450 6855 2949540 1 1180 440 240
6455 6963 2949550 1 1190 450 212
6449 7061 2949560 1 1190 450 213
6423 7141 2949570 1 1200 450 198
6381 7209 2949580 1 1210 460 190
6327 7254 2949590 1 1220 450 188
6258 7295 2949600 1 1220 450 178
6190 7316 2949610 1 1230 450 180
6122 7325 2949620 1 1230 450 165
6065 7337 2949630 1 1230 450 158
6014 7348 2949640 1 1250 440 158
5951 7348 2949650 1 1250 440 156
5892 7338 2949660 1 1250 440 156
5837 7320 2949670 1 1260 440 144
5787 7297 2949680 1 1260 440 149
5737 7273 2949690 1 1260 440 137
5692 7250 2949700 1 1260 430 137
5654 7217 2949710 1 1260 430 139
5631 7186 2949720 1 1250 420 139
5616 7160 2949730 1 1250 420 139
5607 7137 2949740 1 1260 420 141
5607 7117 2949750 1 1250 410 139
5602 7096 2949760 1 1250 410 139
5602 7073 2949770 1 1240 410 141
5602 7053 2949780 1 1240 410 141
5610 7034 2949790 1 1230 400 141
5618 7011 2949800 1 1240 400 144
5626 6984 2949810 1 1240 400 149
5633 6951 2949820 1 1230 390 155
5643 6911 2949830 1 1230 390 155
5653 6866 2949840 1 1230 390 156
5658 6820 2949850 1 1230 390 156
5658 6776 2949860 1 1210 390 156
5658 6725 2949870 1 1210 390 158
5658 6666 2949880 1 1210 390 160
5652 6598 2949890 1 1200 390 163
5642 6518 2949900 1 1200 390 177
5631 6423 2949910 1 1190 390 171
5619 6319 2949920 1 1190 390 181
5607 6215 2949930 1 1190 390 190
5597 6111 2949940 1 1180 390 193
5588 6006 2949950 1 1180 390 202
5571 5888 2949960 1 1170 390 208
5556 5761 2949970 1 1170 390 211
5543 5663 2949980 1 1170 390 230
5533 5560 2949990 1 1160 390 253
5525 5451 2950000 1 1160 390 252
5519 5340 2950010 1 1150 390 260
5519 5231 2950020 1 1150 390 274
5528 5134 2950030 1 1150 390 280
5538 5044 2950040 1 1150 390 273
5556 4955 2950050 1 1150 390 282
5574 4865 2950060 1 1150 390 291
5591 4774 2950070 1 1140 400 297
5615 4699 2950080 1 1140 400 304
5640 4633 2950090 1 1130 400 314
5665 4572 2950100 1 1120 400 316
5696 4520 2950110 1 1120 400 305
5729 4473 2950120 1 1120 410 309
5767 4425 2950130 1 1110 410 305
5807 4377 2950140 1 1110 410 309
5846 4334 2950150 1 1100 420 310
5883 4294 2950160 1 1100 420 312
5917 4253 2950170 1 1110 430 314
5958 4215 2950180 1 1100 430 317
6000 4178 2950190 1 1110 440 319
6046 4151 2950200 1 1110 450 317
6100 4131 2950210 1 1100 450 325
6161 4115 2950220 1 1110 460 325
6230 4102 2950230 1 1110 460 324
6300 4102 2950240 1 1110 460 322
6373 4109 2950250 1 1110 460 325
6443 4117 2950260 1 1110 460 327
6511 4135 2950270 1 1120 470 330
6577 4159 2950280 1 1120 470 334
6643 4187 2950290 1 1120 470 339
6709 4226 2950300 1 1130 470 340
6775 4272 2950310 1 1130 470 345
6843 4336 2950320 1 1120 470 344
6903 4407 2950330 1 1120 480 338
6957 4484 2950340 1 1120 480 341
7007 4564 2950350 1 1120 480 346
7058 4647 2950360 1 1120 480 344
7102 4732 2950370 1 1130 490 344
7142 4824 2950380 1 1130 490 346
7178 4917 2950390 1 1130 490 346
7209 5011 2950400 1 1140 500 348
7236 5104 2950410 1 1150 490 348
7256 5197 2950420 1 1150 490 348
7265 5293 2950430 1 1160 500 349
7265 5390 2950440 1 1160 500 348
7259 5479 2950450 1 1170 500 349
7242 5550 2950460 1 1170 500 348
7220 5610 2950470 1 1180 510 353
7190 5656 2950480 1 1180 510 346
7157 5689 2950490 1 1180 510 348
7123 5713 2950500 1 1190 500 349
7083 5729 2950510 1 1190 500 361
7042 5740 2950520 1 1190 500 348
7000 5740 2950530 1 1200 500 349
6958 5740 2950540 1 1200 500 351
6915 5724 2950550 1 1200 500 359
6872 5706 2950560 1 1200 500 359
6828 5684 2950570 1 1200 500 363
6783 5655 2950580 1 1190 500 361
6750 5621 2950590 1 1180 490 361
6718 5583 2950600 1 1180 490 359
6692 5541 2950610 1 1170 490 364
6673 5497 2950620 1 1170 490 369
6660 5452 2950630 1 1180 480 368
6652 5406 2950640 1 1180 480 368
6652 5358 2950650 1 1170 470 369
6652 5311 2950660 1 1170 470 368
6669 5265 2950670 1 1160 460 369
6690 5219 2950680 1 1160 460 373
6717 5177 2950690 1 1160 460 371
6752 5135 2950700 1 1150 450 371
6793 5095 2950710 1 1150 450 373
6841 5057 2950720 1 1160 450 367
6888 5023 2950730 1 1160 450 372
6934 4993 2950740 1 1160 450 374
6991 4958 2950750 1 1160 450 382
7051 4925 2950760 1 1170 460 382
7116 4893 2950770 1 1170 460 384
7192 4859 2950780 1 1180 460 389
7277 4824 2950790 1 1180 460 398
7368 4792 2950800 1 1170 470 388
7463 4769 2950810 1 1180 480 396
7556 4750 2950820 1 1180 480 407
7651 4741 2950830 1 1170 480 413
7754 4741 2950840 1 1170 490 415
7863 4741 2950850 1 1170 490 423
7970 4759 2950860 1 1180 490 418
8073 4786 2950870 1 1170 500 420
8185 4820 2950880 1 1170 500 420
8308 4864 2950890 1 1170 500 425
8437 4906 2950900 1 1170 500 427
8546 4960 2950910 1 1170 500 431
8651 5023 2950920 1 1180 510 433
8754 5087 2950930 1 1180 510 438
8862 5168 2950940 1 1180 510 436
8972 5261 2950950 1 1190 510 441
9066 5365 2950960 1 1190 510 440
9148 5466 2950970 1 1190 510 420
9231 5548 2950980 1 1190 510 422
9304 5617 2950990 1 1200 520 410
9369 5666 2951000 1 1200 520 394
9417 5713 2951010 1 1200 520 362
9455 5754 2951020 1 1200 520 294
9485 5794 2951030 1 1200 520 122
8408 7029 2951473 0 1240 480 8
8394 7057 2951483 1 1240 480 24
8389 7062 2951493 1 1240 480 32
8395 7068 2951503 1 1240 480 44
8408 7078 2951513 1 1240 480 61
8425 7090 2951523 1 1240 480 53
8450 7101 2951533 1 1240 480 88
8483 7119 2951543 1 1250 470 105
8524 7142 2951553 1 1250 470 146
8571 7170 2951563 1 1250 470 170
8630 7198 2951573 1 1250 470 178
8699 7227 2951583 1 1260 480 195
8777 7258 2951593 1 1260 480 218
8863 7282 2951603 1 1260 480 221
8958 7302 2951613 1 1260 480 239
9043 7316 2951623 1 1270 480 242
9120 7331 2951633 1 1270 480 252
9204 7346 2951643 1 1270 480 259
9288 7359 2951653 1 1270 480 267
9374 7371 2951663 1 1270 480 275
9446 7380 2951673 1 1270 480 274
9508 7380 2951683 1 1270 480 274
9560 7375 2951693 1 1270 480 274
9599 7364 2951703 1 1270 480 272
9630 7349 2951713 1 1270 480 274
9650 7328 2951723 1 1260 480 274
9657 7300 2951733 1 1260 480 274
9657 7263 2951743 1 1260 480 275
9637 7217 2951753 1 1260 480 275
9609 7165 2951763 1 1260 480 274
9573 7110 2951773 1 1260 480 274
9526 7050 2951783 1 1260 480 274
9480 6988 2951793 1 1250 470 279
9429 6926 2951803 1 1240 480 274
9375 6862 2951813 1 1240 480 275
9324 6808 2951823 1 1250 480 279
9276 6760 2951833 1 1240 490 277
9231 6712 2951843 1 1240 490 279
9198 6675 2951853 1 1250 500 279
9172 6646 2951863 1 1240 500 279
9166 6631 2951873 1 1240 500 279
9166 6621 2951883 1 1240 500 280
9166 6615 2951893 1 1230 510 282
9166 6615 2951903 1 1230 510 274
9181 6615 2951913 1 1230 510 287
9207 6621 2951923 1 1220 510 301
9244 6636 2951933 1 1220 510 307
9304 6661 2951943 1 1230 520 317
9378 6693 2951953 1 1230 520 329
9466 6730 2951963 1 1230 520 337
9549 6766 2951973 1 1230 520 335
9629 6798 2951983 1 1230 520 340
9702 6826 2951993 1 1230 520 340
9769 6846 2952003 1 1230 520 340
9831 6862 2952004 1 1230 520 340
9831 6862 2952014 1 1230 520 342
9939 6871 2952024 1 1240 520 334
9967 6871 2952034 1 1240 520 340
9987 6859 2952044 1 1230 510 344
9992 6841 2952054 1 1230 510 344
9987 6819 2952064 1 1230 510 337
9962 6782 2952074 1 1230 510 327
9912 6737 2952084 1 1230 510 320
9844 6681 2952094 1 1230 510 319
9765 6621 2952104 1 1230 510 317
9679 6555 2952114 1 1230 510 315
9588 6485 2952124 1 1230 510 314
9487 6413 2952134 1 1230 510 312
9376 6339 2952144 1 1230 510 312
9257 6267 2952154 1 1230 510 309
9147 6199 2952164 1 1220 500 312
9054 6134 2952174 1 1220 500 315
8972 6075 2952184 1 1220 500 320
8888 6024 2952194 1 1220 500 332
8824 5978 2952204 1 1220 500 339
8774 5948 2952214 1 1220 500 336
8739 5931 2952224 1 1220 500 349
8724 5922 2952234 1 1220 500 359
8724 5922 2952244 1 1220 500 361
8724 5922 2952254 1 1220 500 364
8732 5932 2952264 1 1230 490 362
8761 5947 2952274 1 1230 490 372
8802 5975 2952284 1 1230 490 384
8863 6012 2952294 1 1230 490 393
8936 6058 2952304 1 1230 490 388
9017 6104 2952314 1 1230 490 389
9108 6151 2952324 1 1230 490 389
9204 6198 2952334 1 1230 490 391
9320 6241 2952344 1 1230 490 394
9448 6288 2952354 1 1230 490 394
9577 6339 2952364 1 1230 490 397
9708 6390 2952374 1 1230 490 400
9848 6442 2952384 1 1240 500 402
9991 6494 2952394 1 1240 500 407
10133 6537 2952404 1 1240 500 407
10270 6575 2952414 1 1240 500 407
10419 6603 2952424 1 1240 500 409
10573 6623 2952434 1 1220 500 413
10711 6638 2952444 1 1230 510 413
10843 6650 2952454 1 1230 510 417
10971 6659 2952464 1 1230 520 417
11100 6665 2952474 1 1240 530 418
11216 6665 2952484 1 1250 540 418
11324 6665 2952494 1 1260 560 417
11440 6690 2952504 1 1270 560 407
11550 6699 2952514 1 1300 580 371
11639 6699 2952524 1 1310 580 274
11716 6699 2952534 1 1320 600 30
