422
3850 7298 1032985 0 1510 500 304
3850 7298 1032995 1 1510 500 371
3850 7298 1033005 1 1520 490 371
3850 7298 1033015 1 1510 490 364
3850 7298 1033025 1 1510 490 374
3850 7298 1033035 1 1510 490 389
3830 7216 1033045 1 1510 490 397
3763 7120 1033055 1 1510 490 400
3672 6990 1033065 1 1510 490 402
3565 6856 1033075 1 1510 490 407
3465 6719 1033085 1 1490 490 415
3356 6591 1033095 1 1490 490 420
3241 6462 1033105 1 1480 500 423
3125 6335 1033115 1 1470 490 423
3019 6238 1033125 1 1470 490 405
2949 6159 1033135 1 1470 490 361
2900 6095 1033145 1 1460 500 301
2867 6038 1033155 1 1460 500 237
2837 5986 1033165 1 1460 500 202
2815 5937 1033175 1 1460 500 196
2797 5900 1033185 1 1450 510 200
2791 5872 1033195 1 1450 510 215
2791 5853 1033205 1 1450 510 233
2791 5839 1033215 1 1440 510 257
2791 5829 1033225 1 1440 510 286
2791 5820 1033235 1 1430 520 320
2796 5813 1033245 1 1430 520 359
2801 5813 1033255 1 1420 530 405
2816 5813 1033265 1 1420 530 471
2835 5813 1033275 1 1420 530 517
2899 5860 1033285 1 1420 530 542
3017 5928 1033295 1 1420 530 557
3172 6028 1033305 1 1420 530 567
3337 6134 1033315 1 1420 530 566
3494 6244 1033325 1 1410 530 569
3629 6339 1033335 1 1410 530 569
3751 6412 1033345 1 1410 530 567
3823 6471 1033355 1 1410 530 564
3868 6503 1033365 1 1410 530 540
3894 6516 1033375 1 1410 530 452
3899 6516 1033385 1 1410 520 322
3879 6503 1033395 1 1410 520 50
2882 5201 1033526 0 1400 520 368
2843 5035 1033536 1 1400 520 415
2843 5065 1033546 1 1410 520 417
2853 5065 1033556 1 1410 520 430
2911 5100 1033566 1 1400 530 474
3003 5160 1033576 1 1400 530 512
3141 5269 1033586 1 1400 530 570
3314 5412 1033596 1 1390 540 589
3511 5577 1033606 1 1390 540 617
3725 5723 1033616 1 1370 530 633
3898 5864 1033626 1 1370 530 638
4043 6001 1033636 1 1370 530 655
4154 6092 1033646 1 1370 530 659
4222 6159 1033656 1 1370 530 670
4262 6209 1033666 1 1390 540 664
4271 6253 1033676 1 1390 540 673
4262 6302 1033686 1 1390 540 656
4241 6357 1033696 1 1400 530 627
4190 6415 1033706 1 1400 530 594
4130 6473 1033716 1 1390 520 546
4064 6530 1033726 1 1390 520 490
4014 6584 1033736 1 1400 520 458
3967 6622 1033746 1 1400 520 445
3931 6651 1033756 1 1410 510 443
3904 6665 1033766 1 1410 510 439
3885 6673 1033776 1 1410 510 439
3868 6673 1033786 1 1420 500 449
3852 6662 1033796 1 1420 500 449
3829 6637 1033806 1 1420 500 449
3803 6602 1033816 1 1420 500 449
3783 6557 1033826 1 1420 500 448
3761 6510 1033836 1 1420 500 449
3733 6445 1033846 1 1420 500 448
3701 6370 1033856 1 1410 500 449
3671 6288 1033866 1 1420 500 448
3638 6162 1033876 1 1430 500 468
3602 6007 1033886 1 1420 500 473
3566 5773 1033896 1 1420 500 478
3525 5524 1033906 1 1420 500 498
3480 5264 1033916 1 1400 510 512
3437 5011 1033926 1 1400 510 538
3397 4783 1033936 1 1380 510 561
3363 4571 1033946 1 1380 510 588
3342 4400 1033956 1 1370 520 614
3330 4262 1033966 1 1370 520 613
3330 4146 1033976 1 1360 520 630
3341 4078 1033986 1 1350 530 647
3365 4026 1033996 1 1350 530 655
3395 3986 1034006 1 1340 540 664
3437 3971 1034016 1 1340 540 687
3487 3956 1034026 1 1330 540 691
3546 3956 1034036 1 1330 540 708
3602 3956 1034046 1 1310 550 717
3657 3961 1034056 1 1310 550 730
3713 3985 1034066 1 1300 550 749
3765 4023 1034076 1 1310 560 759
3814 4101 1034086 1 1310 560 768
3890 4224 1034096 1 1310 560 773
3984 4378 1034106 1 1310 560 774
4090 4541 1034116 1 1310 560 777
4206 4702 1034126 1 1310 560 773
4317 4862 1034136 1 1310 560 773
4417 5027 1034146 1 1300 550 773
4512 5193 1034156 1 1300 550 771
4618 5386 1034166 1 1300 550 759
4730 5596 1034176 1 1300 550 758
4827 5800 1034186 1 1300 550 720
4912 6007 1034196 1 1310 560 691
4971 6181 1034206 1 1320 550 645
5009 6331 1034216 1 1320 550 585
5033 6440 1034226 1 1340 550 540
5045 6496 1034236 1 1350 540 473
5045 6517 1034246 1 1360 550 367
5045 6517 1034256 1 1370 540 188
4522 6068 1034988 0 1480 510 341
4522 6068 1034998 1 1480 510 448
4555 6107 1035008 1 1480 510 472
4574 6157 1035018 1 1480 510 488
4616 6191 1035028 1 1480 510 505
4689 6248 1035038 1 1470 510 522
4753 6303 1035048 1 1470 510 544
4810 6352 1035058 1 1470 510 545
4861 6395 1035068 1 1470 510 550
4904 6425 1035078 1 1470 510 551
4941 6446 1035088 1 1450 510 550
4962 6451 1035098 1 1450 510 553
4978 6442 1035108 1 1470 510 557
4990 6424 1035118 1 1470 510 567
5004 6376 1035128 1 1470 510 569
5016 6281 1035138 1 1470 510 584
5016 6156 1035148 1 1470 510 603
5016 5980 1035158 1 1460 520 614
5024 5780 1035168 1 1460 520 622
5033 5563 1035178 1 1460 520 639
5044 5315 1035188 1 1450 530 662
5056 5104 1035198 1 1460 530 678
5073 4917 1035208 1 1460 530 713
5098 4748 1035218 1 1450 540 731
5127 4637 1035228 1 1450 540 749
5159 4564 1035238 1 1440 540 754
5193 4488 1035248 1 1440 540 752
5227 4419 1035258 1 1430 550 752
5252 4356 1035268 1 1430 550 737
5271 4320 1035278 1 1410 560 730
5281 4311 1035288 1 1410 560 717
5281 4321 1035298 1 1400 560 645
5275 4396 1035308 1 1390 570 541
5300 4550 1035318 1 1390 570 343
5407 6224 1035388 0 1400 560 149
5407 6454 1035398 1 1400 560 257
5389 6555 1035408 1 1410 560 371
5374 6642 1035418 1 1430 550 439
5366 6720 1035428 1 1430 550 512
5366 6793 1035438 1 1440 540 561
5377 6873 1035448 1 1450 540 589
5401 6951 1035458 1 1450 540 608
5446 7023 1035468 1 1460 530 614
5514 7085 1035478 1 1470 520 616
5596 7140 1035488 1 1480 510 617
5708 7192 1035498 1 1490 510 620
5834 7240 1035508 1 1500 510 619
5969 7286 1035518 1 1510 500 610
6060 7297 1035528 1 1510 500 611
6145 7297 1035538 1 1520 490 614
6227 7281 1035548 1 1520 490 617
6291 7239 1035558 1 1520 490 614
6336 7192 1035568 1 1520 490 617
6369 7125 1035578 1 1530 500 616
6369 7047 1035588 1 1530 500 616
6345 6958 1035598 1 1530 500 614
6306 6868 1035608 1 1530 500 617
6244 6776 1035618 1 1530 500 619
6168 6683 1035628 1 1530 500 611
6082 6584 1035638 1 1520 510 611
5981 6476 1035648 1 1520 510 589
5868 6375 1035658 1 1520 510 581
5748 6279 1035668 1 1520 510 583
5626 6205 1035678 1 1520 510 578
5537 6162 1035688 1 1520 510 583
5469 6139 1035698 1 1510 510 599
5449 6139 1035708 1 1510 510 617
5449 6149 1035718 1 1510 510 611
5449 6161 1035728 1 1500 510 624
5492 6209 1035738 1 1500 510 636
5561 6272 1035748 1 1500 510 645
5649 6346 1035758 1 1500 510 636
5752 6403 1035768 1 1490 520 641
5857 6456 1035778 1 1480 510 641
5938 6473 1035788 1 1480 510 638
6003 6473 1035798 1 1480 510 625
6047 6446 1035808 1 1480 510 611
6058 6389 1035818 1 1480 510 603
6047 6310 1035828 1 1480 510 602
5985 6195 1035838 1 1480 510 595
5898 6069 1035848 1 1480 510 600
5794 5936 1035858 1 1480 510 609
5692 5810 1035868 1 1470 520 616
5642 5734 1035878 1 1470 520 624
5626 5692 1035888 1 1470 520 634
5643 5671 1035898 1 1460 530 667
5708 5671 1035908 1 1460 530 678
5804 5687 1035918 1 1450 540 676
5939 5751 1035928 1 1450 540 676
6079 5854 1035938 1 1450 540 670
6213 5984 1035948 1 1450 540 666
6341 6096 1035958 1 1450 540 670
6428 6203 1035968 1 1450 540 643
6459 6286 1035978 1 1450 540 613
6452 6355 1035988 1 1450 540 567
6408 6428 1035998 1 1450 540 545
6336 6497 1036008 1 1450 540 532
6244 6539 1036018 1 1460 540 519
6168 6566 1036028 1 1460 540 513
6120 6581 1036038 1 1460 540 512
6091 6594 1036048 1 1470 530 513
6091 6604 1036058 1 1480 540 513
6091 6615 1036068 1 1490 530 513
6091 6628 1036078 1 1490 530 515
6111 6643 1036088 1 1490 530 518
6133 6660 1036098 1 1500 520 515
6147 6665 1036108 1 1500 520 515
6156 6665 1036118 1 1500 520 515
6162 6665 1036128 1 1500 520 513
6162 6651 1036138 1 1500 520 513
6162 6630 1036148 1 1500 520 515
6152 6589 1036158 1 1500 520 516
6141 6536 1036168 1 1510 510 516
6132 6475 1036178 1 1500 520 516
6127 6405 1036188 1 1500 520 518
6127 6330 1036198 1 1500 520 524
6127 6260 1036208 1 1500 520 527
6137 6190 1036218 1 1500 520 537
6137 6119 1036228 1 1490 520 545
6143 6030 1036238 1 1490 520 572
6143 5908 1036248 1 1490 520 586
6150 5764 1036258 1 1480 530 595
6168 5641 1036268 1 1480 530 602
6196 5518 1036278 1 1490 530 605
6240 5380 1036288 1 1480 540 606
6286 5232 1036290 1 1480 540 605
6332 5105 1036300 1 1480 540 616
6384 4964 1036310 1 1470 550 643
6427 4814 1036320 1 1470 550 665
6463 4652 1036330 1 1460 550 688
6490 4488 1036340 1 1460 550 694
6519 4317 1036350 1 1450 560 700
6539 4117 1036360 1 1450 560 708
6551 3898 1036370 1 1440 570 707
6561 3680 1036380 1 1430 570 717
6571 3461 1036390 1 1420 580 719
6571 3250 1036400 1 1410 590 725
6571 3045 1036410 1 1410 590 728
6571 2816 1036420 1 1390 600 749
6566 2625 1036430 1 1390 600 756
6556 2459 1036440 1 1380 600 768
6546 2326 1036450 1 1360 610 773
6537 2210 1036460 1 1360 610 774
6531 2106 1036470 1 1370 620 773
6524 2042 1036480 1 1370 620 773
6516 2003 1036490 1 1350 630 773
6508 1980 1036500 1 1350 630 773
6503 1974 1036510 1 1350 630 774
6494 1974 1036520 1 1350 630 774
6481 1974 1036530 1 1350 630 768
6467 1989 1036540 1 1370 630 754
6450 2021 1036550 1 1370 630 751
6434 2066 1036560 1 1370 630 731
6418 2145 1036570 1 1370 630 713
6399 2240 1036580 1 1370 630 693
6373 2347 1036590 1 1370 630 665
6343 2474 1036600 1 1370 630 644
6309 2629 1036610 1 1370 630 647
6275 2803 1036620 1 1370 630 639
6245 2972 1036630 1 1370 630 639
6217 3123 1036640 1 1370 630 638
6209 3262 1036650 1 1370 620 639
6218 3370 1036660 1 1370 620 641
6237 3464 1036670 1 1370 620 647
6282 3548 1036680 1 1370 620 636
6346 3653 1036690 1 1370 620 637
6423 3786 1036700 1 1370 620 643
6521 3938 1036710 1 1370 620 647
6625 4103 1036720 1 1360 610 650
6758 4305 1036730 1 1360 610 647
6909 4532 1036740 1 1360 610 652
7048 4775 1036750 1 1390 610 655
7205 5030 1036760 1 1390 610 664
7374 5293 1036770 1 1410 600 681
7559 5536 1036780 1 1410 600 688
7748 5743 1036790 1 1420 590 691
7943 5925 1036800 1 1440 600 699
8140 6088 1036810 1 1450 590 699
8322 6234 1036820 1 1450 590 688
8489 6369 1036830 1 1470 590 676
8645 6503 1036840 1 1470 590 663
8761 6614 1036850 1 1500 580 667
8849 6711 1036860 1 1500 580 655
8917 6786 1036870 1 1530 580 641
8959 6855 1036880 1 1530 580 619
8982 6916 1036890 1 1540 580 566
8992 6956 1036900 1 1550 580 488
8978 6984 1036910 1 1550 580 344
8948 7009 1036920 1 1570 570 264
8908 7033 1036930 1 1570 570 215
8842 7055 1036940 1 1580 560 195
8776 7089 1036950 1 1580 560 202
8714 7131 1036960 1 1580 560 209
8654 7171 1036970 1 1590 550 251
8617 7204 1036980 1 1590 550 274
8585 7226 1036990 1 1590 550 279
8575 7236 1037000 1 1600 540 281
8575 7236 1037010 1 1600 540 287
8575 7236 1037020 1 1600 530 280
8575 7236 1037030 1 1600 530 279
8580 7228 1037040 1 1600 530 279
8580 7222 1037050 1 1610 520 282
8580 7217 1037060 1 1610 520 277
8580 7217 1037070 1 1610 520 299
8580 7200 1037080 1 1610 520 309
8580 7183 1037090 1 1600 520 335
8580 7150 1037100 1 1600 520 338
8561 7107 1037110 1 1600 510 353
8536 7039 1037120 1 1600 510 366
8504 6941 1037130 1 1600 510 369
8465 6824 1037140 1 1600 520 399
8405 6697 1037150 1 1600 520 409
8331 6517 1037160 1 1600 520 415
8245 6301 1037170 1 1600 520 415
8157 6091 1037180 1 1600 520 417
8067 5894 1037190 1 1590 530 417
7972 5706 1037200 1 1590 530 415
7868 5563 1037210 1 1590 530 456
7759 5416 1037220 1 1580 540 522
7667 5271 1037230 1 1570 540 564
7598 5130 1037240 1 1560 550 592
7543 4991 1037250 1 1560 550 600
7493 4844 1037260 1 1550 550 611
7457 4707 1037270 1 1550 550 616
7430 4579 1037280 1 1550 550 616
7406 4472 1037290 1 1540 560 619
7387 4393 1037300 1 1540 560 620
7365 4332 1037310 1 1520 570 613
7340 4286 1037320 1 1520 570 613
7323 4249 1037330 1 1510 580 617
7306 4218 1037340 1 1510 580 628
7290 4186 1037350 1 1510 580 641
7290 4155 1037360 1 1510 580 646
7290 4125 1037370 1 1510 580 658
7300 4092 1037380 1 1510 580 670
7318 4067 1037390 1 1500 580 678
7360 4047 1037400 1 1500 580 694
7416 4047 1037410 1 1500 580 699
7504 4104 1037420 1 1500 580 713
7638 4189 1037430 1 1500 580 717
7802 4330 1037440 1 1500 580 730
8001 4487 1037450 1 1500 580 739
8201 4654 1037460 1 1500 580 754
8402 4818 1037470 1 1500 580 756
8595 4981 1037480 1 1500 580 760
8764 5107 1037490 1 1500 580 756
8918 5208 1037500 1 1500 580 750
9032 5289 1037510 1 1520 590 739
9105 5352 1037520 1 1520 590 711
9151 5402 1037530 1 1520 590 670
9162 5439 1037540 1 1520 590 634
9149 5477 1037550 1 1530 580 592
9121 5516 1037560 1 1540 580 570
9076 5555 1037570 1 1540 580 536
9014 5598 1037580 1 1540 580 522
8940 5644 1037590 1 1540 580 522
8870 5689 1037600 1 1540 580 522
8810 5717 1037610 1 1540 580 517
8771 5735 1037620 1 1540 580 502
8741 5735 1037630 1 1540 580 488
8727 5723 1037640 1 1540 580 470
8717 5705 1037650 1 1540 580 464
8717 5682 1037660 1 1540 580 474
8717 5658 1037670 1 1540 580 474
8725 5634 1037680 1 1540 580 472
8738 5608 1037690 1 1540 580 490
8753 5579 1037700 1 1540 580 501
8768 5526 1037710 1 1540 580 513
8782 5459 1037712 1 1540 580 526
8797 5352 1037722 1 1540 570 533
8813 5218 1037732 1 1540 570 546
8833 5066 1037742 1 1540 570 536
8855 4869 1037752 1 1540 570 540
8864 4653 1037762 1 1520 570 550
8864 4424 1037772 1 1520 570 565
8853 4191 1037782 1 1520 570 584
8836 3976 1037792 1 1520 570 599
8816 3804 1037802 1 1520 570 606
8823 3656 1037812 1 1510 580 614
8823 3562 1037822 1 1510 580 594
8828 3494 1037832 1 1510 580 543
8828 3443 1037842 1 1500 580 468
8821 3403 1037852 1 1520 590 373
8800 3391 1037862 1 1520 590 304
8760 3398 1037872 1 1520 590 276
8710 3433 1037882 1 1510 600 282
8653 3505 1037892 1 1510 600 183
8341 4317 1038022 0 1550 580 244
8237 4285 1038032 1 1540 570 255
8168 4269 1038042 1 1540 570 257
8116 4190 1038052 1 1540 570 259
8074 4070 1038062 1 1540 560 264
8034 3970 1038072 1 1540 560 284
7999 3895 1038082 1 1540 560 273
7987 3838 1038092 1 1550 550 247
9366 4393 1038222 0 1530 550 533
9531 4336 1038232 1 1530 550 567
9539 4336 1038242 1 1530 550 603
9601 4291 1038252 1 1540 550 641
9654 4216 1038262 1 1540 550 663
9700 4157 1038272 1 1540 550 696
9728 4110 1038282 1 1540 550 699
9754 4072 1038292 1 1550 550 700
9778 4043 1038302 1 1550 550 690
9793 4029 1038312 1 1550 550 646
9801 4024 1038322 1 1540 560 477
