300
2562 6932 951307 0 1450 440 208
2562 6932 951317 1 1450 450 336
2562 6932 951327 1 1460 460 346
2562 6932 951337 1 1450 460 346
2694 7012 951347 1 1460 470 349
2814 7065 951357 1 1450 470 349
2924 7125 951367 1 1450 470 351
3028 7191 951377 1 1450 480 353
3118 7234 951387 1 1460 490 353
3176 7242 951397 1 1460 490 354
3212 7226 951407 1 1460 500 351
3225 7197 951417 1 1460 500 351
3208 7131 951427 1 1460 500 346
3170 7041 951437 1 1450 500 336
3097 6923 951447 1 1450 500 336
3017 6804 951457 1 1450 500 336
2931 6707 951467 1 1450 500 343
2862 6625 951477 1 1450 500 354
2822 6554 951487 1 1450 500 361
2802 6507 951497 1 1440 500 361
2817 6477 951507 1 1440 500 392
2862 6451 951517 1 1440 500 417
2927 6446 951527 1 1440 500 440
3042 6454 951537 1 1420 500 444
3166 6498 951547 1 1420 500 444
3296 6547 951557 1 1420 500 446
3387 6599 951567 1 1420 500 441
3440 6629 951577 1 1410 510 414
3467 6638 951587 1 1410 510 376
3467 6638 951597 1 1410 510 349
3436 6611 951607 1 1410 510 302
3383 6530 951617 1 1410 510 239
3297 6411 951627 1 1410 510 184
3185 6285 951637 1 1410 510 105
3055 6158 951647 1 1410 510 18
2602 5687 951688 0 1400 520 37
2246 5350 951698 1 1400 520 132
2072 5189 951708 1 1390 520 239
1961 5088 951718 1 1390 520 282
1892 5026 951728 1 1390 520 285
1892 5018 951738 1 1390 520 277
1931 5029 951748 1 1390 520 317
1994 5053 951758 1 1370 530 341
2123 5133 951768 1 1370 530 381
2290 5253 951778 1 1370 530 431
2481 5401 951788 1 1360 540 461
2732 5574 951798 1 1360 540 486
2989 5742 951808 1 1360 540 498
3250 5905 951818 1 1360 540 502
3469 6041 951828 1 1360 540 499
3629 6160 951838 1 1360 540 492
3749 6228 951848 1 1360 540 497
3799 6275 951858 1 1360 540 495
3808 6307 951868 1 1360 540 440
3790 6331 951878 1 1370 530 371
3736 6356 951888 1 1370 530 280
3641 6379 951898 1 1370 530 195
3518 6398 951908 1 1370 530 89
3408 6419 951918 1 1360 520 25
3243 6500 951938 0 1390 520 61
3243 6500 951948 1 1400 520 125
3194 6589 951958 1 1400 520 176
3194 6594 951968 1 1400 520 205
3194 6594 951978 1 1410 510 212
3194 6589 951988 1 1410 510 255
3194 6540 951998 1 1410 510 306
3185 6460 952008 1 1400 510 335
3167 6282 952018 1 1410 510 364
3146 6030 952028 1 1410 510 364
3126 5728 952038 1 1410 510 393
3102 5433 952048 1 1400 520 433
3076 5174 952058 1 1400 520 509
3076 4938 952068 1 1400 520 559
3108 4750 952078 1 1390 520 591
3154 4649 952088 1 1390 520 624
3255 4605 952098 1 1360 520 643
3407 4610 952108 1 1350 530 652
3593 4668 952118 1 1350 530 656
3832 4761 952128 1 1340 540 661
4084 4969 952138 1 1340 540 667
4345 5212 952148 1 1330 540 659
4579 5478 952158 1 1330 540 649
4760 5712 952168 1 1310 550 638
4906 5950 952178 1 1310 550 622
4961 6190 952188 1 1310 550 563
4955 6437 952198 1 1310 550 440
4907 6680 952208 1 1310 550 148
4737 7269 954151 0 1480 390 522
4968 7241 954161 1 1480 390 512
5005 7285 954171 1 1490 410 512
5060 7354 954181 1 1500 410 481
5128 7339 954191 1 1500 420 466
5261 7329 954201 1 1510 420 455
5344 7323 954211 1 1510 430 453
5393 7300 954221 1 1510 430 456
5416 7254 954231 1 1500 440 458
5423 7192 954241 1 1500 440 465
5418 7071 954251 1 1500 450 473
5390 6906 954261 1 1500 450 463
5353 6711 954271 1 1490 460 468
5309 6527 954281 1 1480 460 460
5270 6338 954291 1 1480 460 452
5243 6130 954301 1 1470 470 447
5225 5911 954311 1 1460 480 440
5225 5696 954321 1 1450 480 449
5225 5497 954331 1 1440 490 439
5225 5310 954341 1 1430 500 443
5233 5176 954351 1 1430 500 472
5250 5099 954361 1 1420 500 512
5270 5061 954371 1 1420 500 541
5297 5032 954381 1 1410 510 565
5328 5017 954391 1 1410 510 584
5362 5012 954401 1 1400 520 602
5403 5029 954411 1 1400 520 616
5450 5103 954421 1 1390 520 616
5519 5214 954431 1 1370 530 591
5602 5410 954441 1 1370 530 516
5699 5633 954451 1 1360 540 351
5800 5873 954461 1 1360 540 44
5799 7072 954562 0 1420 520 158
5675 7074 954572 1 1430 510 230
5620 7095 954582 1 1440 500 302
5596 7109 954592 1 1440 500 339
5596 7122 954602 1 1450 500 346
5605 7155 954612 1 1450 500 399
5653 7201 954622 1 1460 490 436
5726 7272 954632 1 1460 490 465
5840 7355 954642 1 1460 490 470
5955 7447 954652 1 1470 480 486
6076 7537 954662 1 1470 480 492
6206 7606 954672 1 1470 480 520
6345 7660 954682 1 1470 480 522
6463 7696 954692 1 1460 490 530
6566 7709 954702 1 1460 490 537
6655 7709 954712 1 1470 490 544
6722 7682 954722 1 1470 490 546
6774 7636 954732 1 1470 490 536
6800 7575 954742 1 1460 500 536
6791 7494 954752 1 1460 500 544
6759 7398 954762 1 1460 500 537
6693 7293 954772 1 1460 500 538
6593 7192 954782 1 1480 500 524
6470 7086 954792 1 1480 500 509
6317 6965 954802 1 1480 500 485
6148 6835 954812 1 1480 500 465
5968 6739 954822 1 1480 500 467
5813 6665 954832 1 1480 500 473
5714 6607 954842 1 1460 500 491
5652 6582 954852 1 1460 500 492
5645 6576 954862 1 1460 500 501
5669 6584 954872 1 1460 500 532
5713 6605 954882 1 1460 500 539
5836 6657 954892 1 1450 510 553
5978 6729 954902 1 1450 510 559
6133 6795 954912 1 1450 510 561
6305 6831 954922 1 1450 510 562
6438 6848 954932 1 1450 510 562
6546 6815 954942 1 1440 510 553
6590 6747 954952 1 1440 510 554
6569 6655 954962 1 1440 510 557
6504 6523 954972 1 1440 510 559
6376 6375 954982 1 1440 510 570
6251 6216 954992 1 1440 510 564
6127 6117 955002 1 1440 510 566
6088 6062 955012 1 1440 510 564
6105 6036 955022 1 1460 520 567
6159 6022 955032 1 1460 520 570
6277 6040 955042 1 1460 520 568
6416 6080 955052 1 1460 520 570
6568 6103 955062 1 1460 520 568
6685 6103 955072 1 1460 520 554
6760 6096 955082 1 1460 520 513
6808 6032 955092 1 1460 520 516
6780 5937 955102 1 1450 530 532
6704 5822 955112 1 1450 530 564
6597 5717 955122 1 1450 530 620
6502 5640 955132 1 1430 530 634
6457 5582 955142 1 1430 530 642
6444 5567 955152 1 1430 530 643
6462 5567 955162 1 1420 540 667
6520 5582 955172 1 1420 540 665
6604 5653 955182 1 1410 550 661
6725 5766 955192 1 1410 550 647
6830 5907 955202 1 1430 550 616
6924 6048 955212 1 1430 550 557
6975 6188 955222 1 1430 550 466
6984 6328 955232 1 1430 550 282
6964 6472 955242 1 1430 550 106
6904 6597 955252 1 1430 550 65
6823 6707 955262 1 1430 550 105
6729 6776 955272 1 1430 550 155
6656 6820 955282 1 1430 550 208
6607 6848 955292 1 1430 550 272
6574 6873 955302 1 1440 540 339
6557 6894 955312 1 1440 540 371
6544 6907 955322 1 1450 540 394
6544 6915 955332 1 1460 530 396
6544 6915 955342 1 1470 520 391
6544 6915 955352 1 1470 520 392
6544 6888 955362 1 1480 510 397
6544 6843 955372 1 1480 510 404
6532 6754 955382 1 1480 510 407
6507 6606 955392 1 1490 510 420
6482 6418 955402 1 1490 510 449
6457 6178 955412 1 1480 500 496
6446 5888 955422 1 1480 500 522
6439 5565 955432 1 1480 500 568
6439 5202 955442 1 1470 510 595
6444 4822 955452 1 1470 510 630
6462 4432 955462 1 1460 520 656
6488 4054 955472 1 1450 530 676
6528 3767 955482 1 1430 530 724
6569 3542 955492 1 1420 540 752
6611 3419 955502 1 1400 550 774
6651 3350 955512 1 1390 560 784
6690 3317 955522 1 1390 570 794
6745 3334 955532 1 1380 580 794
6832 3444 955542 1 1360 580 725
6939 3617 955552 1 1360 600 644
7054 3891 955562 1 1350 600 465
7173 4219 955572 1 1350 600 51
7645 6353 955694 0 1430 570 285
7465 6280 955704 1 1440 570 336
7308 6288 955714 1 1450 560 435
7241 6330 955724 1 1460 550 465
7235 6353 955734 1 1470 550 475
7270 6432 955744 1 1470 550 502
7382 6548 955754 1 1470 550 532
7545 6719 955764 1 1480 540 536
7757 6926 955774 1 1480 540 539
7992 7158 955784 1 1490 530 539
8241 7393 955794 1 1510 530 539
8504 7607 955804 1 1510 530 537
8716 7808 955814 1 1520 530 537
8893 7953 955824 1 1530 530 536
9018 8053 955834 1 1530 530 537
9076 8122 955844 1 1530 530 537
9088 8131 955854 1 1530 530 515
9070 8117 955864 1 1530 530 515
9001 8087 955874 1 1550 520 512
8897 8005 955884 1 1550 520 519
8761 7904 955894 1 1550 520 537
8634 7791 955904 1 1550 520 537
8512 7654 955914 1 1570 520 543
8379 7452 955924 1 1570 520 546
8236 7208 955934 1 1570 520 545
8085 6873 955944 1 1570 520 542
7922 6538 955954 1 1570 520 537
7761 6199 955964 1 1570 520 546
7600 5857 955974 1 1560 530 592
7505 5666 955984 1 1550 520 627
7460 5552 955994 1 1550 520 649
7449 5489 956004 1 1540 530 687
7493 5458 956014 1 1540 530 727
7606 5486 956024 1 1530 540 728
7765 5554 956034 1 1520 540 725
8001 5692 956044 1 1510 540 728
8226 5873 956054 1 1510 540 722
8443 6084 956064 1 1500 540 719
8621 6289 956074 1 1490 550 707
8736 6485 956084 1 1490 550 693
8808 6674 956094 1 1490 550 675
8832 6800 956104 1 1490 550 644
8818 6884 956114 1 1490 550 611
8778 6939 956124 1 1490 550 566
8706 6956 956134 1 1490 550 568
8612 6940 956144 1 1490 550 561
8503 6903 956154 1 1500 540 574
8406 6862 956164 1 1510 540 591
8352 6824 956174 1 1520 540 595
8327 6785 956184 1 1520 540 591
8321 6711 956194 1 1530 540 602
8333 6615 956204 1 1540 530 605
8357 6485 956214 1 1540 530 609
8387 6320 956224 1 1540 530 614
8419 6132 956234 1 1540 530 616
8457 5935 956244 1 1540 530 620
8503 5735 956254 1 1540 530 633
8553 5558 956264 1 1540 530 644
8610 5397 956274 1 1540 530 659
8669 5207 956284 1 1530 540 663
8730 5034 956294 1 1530 540 670
8790 4876 956304 1 1530 540 663
8808 4722 956314 1 1530 550 669
8796 4632 956324 1 1520 560 691
8732 4548 956334 1 1510 560 697
8626 4469 956344 1 1510 560 690
8491 4409 956354 1 1500 570 690
8327 4385 956364 1 1500 570 699
8165 4385 956374 1 1490 580 690
8031 4444 956384 1 1490 580 690
7915 4545 956394 1 1470 590 690
7868 4675 956404 1 1470 590 696
7899 4829 956414 1 1470 590 700
7982 4986 956424 1 1470 590 722
8140 5145 956434 1 1470 590 740
8381 5314 956444 1 1490 580 742
8677 5494 956454 1 1490 580 727
9031 5681 956464 1 1490 580 670
9349 5822 956474 1 1500 580 461
