343
2938 4667 8549403 0 1420 490 335
2938 4667 8549413 1 1420 490 354
2860 4635 8549423 1 1410 490 353
2851 4630 8549433 1 1410 490 348
2851 4623 8549443 1 1420 490 351
2856 4615 8549453 1 1420 490 368
2862 4606 8549463 1 1420 490 394
2879 4592 8549473 1 1430 500 412
2916 4576 8549483 1 1430 500 430
2966 4559 8549493 1 1430 500 447
3048 4559 8549503 1 1440 500 469
3167 4577 8549513 1 1440 500 464
3310 4621 8549523 1 1440 500 464
3459 4685 8549533 1 1440 500 467
3622 4763 8549543 1 1450 510 472
3793 4885 8549553 1 1450 510 488
3918 5002 8549563 1 1450 510 498
4010 5091 8549573 1 1450 510 489
4079 5163 8549583 1 1450 510 498
4116 5217 8549593 1 1450 510 488
4126 5271 8549603 1 1460 500 495
4118 5327 8549613 1 1460 500 495
4091 5393 8549623 1 1460 500 488
4043 5464 8549633 1 1460 500 496
3981 5523 8549643 1 1460 500 498
3910 5580 8549653 1 1460 500 496
3841 5630 8549663 1 1460 500 521
3777 5670 8549673 1 1460 500 545
3721 5702 8549683 1 1470 490 570
3671 5724 8549693 1 1470 490 574
3640 5737 8549703 1 1470 490 583
3621 5745 8549713 1 1470 490 591
3607 5751 8549723 1 1470 490 585
3596 5751 8549733 1 1470 490 588
3596 5751 8549743 1 1470 490 589
3591 5751 8549753 1 1470 490 588
3591 5723 8549763 1 1470 490 591
3591 5682 8549773 1 1460 490 603
3586 5584 8549783 1 1460 490 620
3605 5396 8549793 1 1460 490 644
3628 5149 8549803 1 1460 490 649
3658 4792 8549813 1 1460 490 656
3675 4406 8549823 1 1460 490 671
3683 4000 8549833 1 1450 500 679
3683 3698 8549843 1 1450 500 707
3683 3542 8549853 1 1450 500 725
3696 3484 8549863 1 1440 500 740
3711 3448 8549873 1 1440 500 740
3732 3420 8549883 1 1430 510 737
3754 3397 8549893 1 1430 510 733
3770 3392 8549903 1 1430 510 721
3783 3411 8549913 1 1410 510 691
3816 3446 8549923 1 1410 510 649
3854 3537 8549933 1 1410 510 609
3893 3660 8549943 1 1400 520 578
3930 3804 8549953 1 1400 520 566
3977 3957 8549963 1 1410 520 572
4030 4088 8549973 1 1410 520 570
4094 4204 8549983 1 1410 520 572
4163 4297 8549993 1 1410 520 569
4217 4386 8550003 1 1410 520 569
4252 4449 8550013 1 1410 520 572
4273 4497 8550023 1 1410 520 570
4278 4526 8550033 1 1420 520 567
4278 4548 8550043 1 1420 520 569
4267 4558 8550053 1 1420 520 569
4252 4558 8550063 1 1420 520 575
4230 4565 8550073 1 1420 520 569
4203 4565 8550083 1 1430 510 569
4172 4565 8550093 1 1430 510 574
4141 4553 8550103 1 1430 510 570
4111 4544 8550113 1 1430 510 570
4082 4533 8550123 1 1430 510 569
4052 4518 8550133 1 1430 510 570
4020 4492 8550143 1 1430 510 572
3978 4457 8550153 1 1440 500 575
3923 4393 8550163 1 1440 500 581
3859 4311 8550173 1 1440 500 595
3785 4217 8550183 1 1440 500 594
3689 4118 8550193 1 1440 500 614
3579 4010 8550203 1 1440 500 637
3474 3898 8550213 1 1440 500 675
3372 3787 8550223 1 1440 500 703
3280 3706 8550233 1 1430 510 728
3212 3643 8550243 1 1430 510 733
3160 3609 8550253 1 1430 510 721
3126 3593 8550263 1 1430 510 713
3117 3588 8550273 1 1430 510 610
3124 3588 8550283 1 1420 520 386
3882 4365 8550374 0 1440 510 475
4165 4397 8550374 1 1440 510 516
4243 4480 8550384 1 1440 510 524
4280 4472 8550394 1 1430 510 527
4325 4404 8550404 1 1430 510 527
4376 4371 8550414 1 1430 510 530
4404 4343 8550424 1 1430 510 526
4419 4318 8550434 1 1450 510 510
4424 4299 8550444 1 1450 510 382
4432 4286 8550454 1 1450 510 106
4490 4416 8550514 0 1450 510 205
4631 4520 8550524 1 1440 510 398
4732 4602 8550534 1 1440 510 483
4867 4706 8550544 1 1440 510 509
5024 4816 8550554 1 1460 520 527
5232 4945 8550564 1 1460 520 543
5443 5086 8550574 1 1460 520 567
5656 5214 8550584 1 1470 520 585
5839 5337 8550594 1 1480 510 603
5966 5438 8550604 1 1490 520 600
6055 5527 8550614 1 1490 520 602
6118 5595 8550624 1 1500 520 600
6149 5659 8550634 1 1500 520 600
6158 5716 8550644 1 1520 530 600
6147 5770 8550654 1 1520 530 594
6111 5833 8550664 1 1530 530 595
6059 5901 8550674 1 1530 530 602
6009 5962 8550684 1 1550 520 606
5962 6023 8550694 1 1560 530 614
5920 6067 8550704 1 1570 520 613
5884 6101 8550714 1 1580 520 616
5851 6124 8550724 1 1580 520 622
5820 6144 8550734 1 1590 510 625
5790 6156 8550744 1 1590 510 625
5762 6163 8550754 1 1600 500 625
5737 6163 8550764 1 1600 500 624
5715 6163 8550774 1 1610 490 624
5695 6153 8550784 1 1590 490 622
5678 6140 8550794 1 1600 480 624
5664 6120 8550804 1 1600 480 617
5651 6093 8550814 1 1600 480 622
5641 6057 8550824 1 1600 470 625
5636 5987 8550834 1 1600 470 628
5636 5895 8550844 1 1600 470 638
5642 5730 8550854 1 1580 470 675
5655 5474 8550864 1 1580 470 687
5667 5158 8550874 1 1580 480 687
5675 4720 8550884 1 1580 480 688
5696 4322 8550894 1 1560 480 708
5724 3951 8550904 1 1560 480 751
5707 3724 8550914 1 1550 490 770
5717 3607 8550924 1 1540 500 794
5746 3563 8550934 1 1530 510 783
5767 3522 8550944 1 1530 520 796
5787 3498 8550954 1 1520 530 784
5795 3485 8550964 1 1510 530 754
5795 3485 8550974 1 1500 540 690
5806 3517 8550984 1 1500 550 546
5818 3570 8550994 1 1490 560 394
5831 3676 8551004 1 1490 560 279
5856 3810 8551014 1 1480 570 246
5888 3963 8551024 1 1500 570 237
5925 4079 8551034 1 1500 570 247
5963 4178 8551044 1 1500 570 287
6004 4265 8551054 1 1500 570 320
6032 4345 8551064 1 1510 580 336
6051 4403 8551074 1 1510 580 371
6058 4446 8551084 1 1510 580 417
6051 4465 8551094 1 1510 580 448
6035 4465 8551104 1 1530 580 467
6003 4465 8551114 1 1530 580 510
5956 4441 8551124 1 1540 570 546
5898 4405 8551134 1 1540 570 592
5837 4360 8551144 1 1540 570 619
5763 4294 8551154 1 1540 570 652
5680 4222 8551164 1 1540 560 694
5610 4143 8551174 1 1540 560 739
5543 4065 8551184 1 1540 560 779
5480 3998 8551194 1 1530 560 808
5423 3937 8551204 1 1530 560 832
5371 3893 8551214 1 1530 560 834
5338 3869 8551224 1 1540 550 846
5316 3858 8551234 1 1530 550 848
5316 3858 8551244 1 1530 550 849
5310 3858 8551254 1 1530 550 848
5315 3858 8551264 1 1530 550 846
5315 3858 8551274 1 1530 550 833
5315 3863 8551284 1 1510 540 800
5329 3876 8551294 1 1510 540 746
5368 3896 8551304 1 1510 540 636
5422 3936 8551314 1 1500 540 438
5498 3984 8551324 1 1500 540 141
5767 4148 8551346 0 1510 540 170
5964 4272 8551356 1 1510 540 339
6055 4327 8551366 1 1510 540 442
6141 4376 8551376 1 1510 540 513
6228 4392 8551386 1 1530 550 570
6295 4392 8551396 1 1530 550 614
6348 4374 8551406 1 1520 560 644
6375 4354 8551416 1 1520 560 679
6389 4335 8551426 1 1530 560 708
6394 4317 8551436 1 1530 560 720
6394 4310 8551446 1 1530 560 727
6394 4310 8551456 1 1530 560 727
6394 4310 8551466 1 1540 560 724
6394 4310 8551476 1 1540 560 705
6387 4310 8551486 1 1540 560 633
6375 4319 8551496 1 1540 560 443
7742 5053 8551846 0 1610 570 569
7742 5053 8551856 1 1610 570 650
7742 5053 8551866 1 1610 570 649
7742 5053 8551876 1 1610 570 652
7742 5053 8551886 1 1630 570 659
7742 5053 8551896 1 1630 570 661
7742 5053 8551906 1 1630 570 667
7844 5099 8551916 1 1650 560 671
7887 5085 8551926 1 1650 560 667
7940 5066 8551936 1 1650 560 676
7997 5054 8551946 1 1650 560 688
8055 5047 8551956 1 1650 560 693
8109 5041 8551966 1 1630 560 699
8159 5041 8551976 1 1630 560 700
8205 5041 8551986 1 1630 560 702
8246 5026 8551996 1 1650 560 694
8279 5012 8552006 1 1650 560 667
8307 4992 8552016 1 1650 560 600
8320 4948 8552026 1 1650 560 418
7842 4198 8552107 0 1650 580 498
7755 3995 8552117 1 1640 580 611
7727 3969 8552127 1 1640 580 647
7704 3959 8552137 1 1630 590 650
7716 3965 8552147 1 1630 590 678
7752 3982 8552157 1 1630 590 719
7805 4024 8552167 1 1630 590 733
7859 4069 8552177 1 1610 600 720
7926 4115 8552187 1 1610 600 727
8002 4166 8552197 1 1610 600 702
8090 4235 8552207 1 1610 600 625
8182 4315 8552217 1 1620 600 509
8280 4424 8552227 1 1620 600 379
8380 4544 8552237 1 1620 600 342
8481 4672 8552247 1 1620 600 342
8573 4790 8552257 1 1620 600 341
8660 4885 8552267 1 1620 600 398
8736 4964 8552277 1 1620 600 440
8793 5001 8552287 1 1640 600 504
8837 5001 8552297 1 1640 600 586
8862 4973 8552307 1 1640 600 659
8871 4903 8552317 1 1640 600 699
8871 4803 8552327 1 1640 600 728
8847 4682 8552337 1 1640 600 757
8806 4567 8552347 1 1640 600 783
8754 4452 8552357 1 1640 600 815
8706 4364 8552367 1 1640 600 828
8677 4295 8552377 1 1640 600 836
8661 4269 8552387 1 1640 600 839
8661 4261 8552397 1 1640 600 837
8661 4266 8552407 1 1640 600 827
8678 4283 8552417 1 1630 610 824
8709 4339 8552427 1 1630 610 794
8762 4421 8552437 1 1630 610 740
8835 4525 8552447 1 1630 620 713
8921 4628 8552457 1 1630 620 696
9033 4730 8552467 1 1630 620 700
9145 4828 8552477 1 1630 620 707
9273 4924 8552487 1 1650 620 707
9410 4996 8552497 1 1650 620 713
9551 5047 8552507 1 1650 620 720
9669 5084 8552517 1 1660 620 758
9771 5111 8552527 1 1660 620 770
9858 5121 8552537 1 1660 620 793
9931 5121 8552547 1 1680 630 796
9994 5104 8552557 1 1690 620 809
10030 5082 8552567 1 1710 620 809
10057 5049 8552577 1 1710 620 820
10078 5008 8552587 1 1730 620 818
10073 4962 8552597 1 1730 620 818
10053 4912 8552607 1 1730 620 819
10024 4842 8552617 1 1740 620 818
9958 4760 8552627 1 1750 610 832
9860 4681 8552637 1 1740 620 797
9740 4578 8552647 1 1740 620 756
9591 4459 8552657 1 1740 620 711
9418 4320 8552667 1 1740 620 699
9228 4196 8552677 1 1730 620 697
9085 4081 8552687 1 1730 620 702
8986 4005 8552697 1 1730 620 696
8917 3929 8552707 1 1730 620 719
8867 3884 8552717 1 1730 620 731
8842 3860 8552727 1 1730 620 768
8833 3855 8552737 1 1700 630 803
8839 3863 8552747 1 1700 630 823
8881 3879 8552757 1 1700 630 822
8947 3920 8552767 1 1680 630 824
9038 3977 8552777 1 1680 630 821
9134 4044 8552787 1 1680 630 827
9230 4114 8552797 1 1680 630 811
9324 4197 8552807 1 1680 630 790
9411 4289 8552817 1 1680 630 751
9475 4405 8552827 1 1680 630 716
9523 4518 8552837 1 1680 630 684
9539 4630 8552847 1 1680 630 656
9531 4727 8552857 1 1680 630 634
9507 4824 8552867 1 1700 630 622
9472 4922 8552877 1 1700 630 616
9430 5004 8552887 1 1700 630 620
9384 5083 8552897 1 1700 630 611
9333 5157 8552907 1 1700 630 595
9285 5243 8552917 1 1700 630 589
9244 5338 8552927 1 1710 620 588
9209 5453 8552937 1 1710 620 589
9189 5539 8552947 1 1710 620 589
9178 5605 8552957 1 1710 620 595
9169 5646 8552967 1 1710 610 605
9161 5681 8552977 1 1710 610 617
9155 5707 8552987 1 1710 610 613
9150 5730 8552997 1 1710 610 616
9150 5750 8553007 1 1710 610 617
9150 5766 8553017 1 1710 600 619
9145 5783 8553027 1 1710 600 622
9145 5794 8553037 1 1710 600 622
9140 5803 8553047 1 1710 600 625
9140 5808 8553057 1 1710 600 630
9140 5808 8553067 1 1710 600 631
9140 5808 8553077 1 1710 600 633
9140 5808 8553087 1 1710 600 633
9134 5808 8553097 1 1710 600 633
9134 5808 8553107 1 1710 600 634
9134 5808 8553117 1 1710 600 634
9134 5816 8553127 1 1710 600 633
9127 5823 8553137 1 1710 600 633
9127 5831 8553147 1 1710 600 636
9120 5841 8553157 1 1710 600 638
9115 5851 8553167 1 1710 600 638
9110 5860 8553177 1 1710 600 636
9105 5867 8553187 1 1710 600 638
9105 5874 8553197 1 1710 600 636
9099 5874 8553207 1 1720 590 639
9099 5880 8553208 1 1720 590 639
9099 5880 8553218 1 1720 580 638
9099 5880 8553228 1 1720 580 638
9099 5880 8553238 1 1720 570 639
9099 5880 8553248 1 1720 570 639
9099 5880 8553258 1 1720 570 645
9099 5880 8553268 1 1710 560 693
9046 5747 8553278 1 1730 560 757
9046 5540 8553288 1 1730 560 790
9028 5188 8553298 1 1730 560 794
9005 4739 8553308 1 1730 560 784
8973 4345 8553318 1 1730 560 797
8924 3942 8553328 1 1720 570 779
8864 3533 8553338 1 1720 580 728
8805 3230 8553348 1 1720 590 647
8750 2968 8553358 1 1700 600 409
