263
2230 6629 81136758 0 1400 510 10
2165 6468 81136768 1 1400 510 61
2128 6307 81136778 1 1400 510 127
2090 6114 81136788 1 1410 500 175
2051 5844 81136798 1 1410 500 220
2012 5538 81136808 1 1400 510 209
1984 5207 81136818 1 1400 510 209
1957 4822 81136828 1 1400 510 211
1930 4465 81136838 1 1380 510 212
1907 4126 81136848 1 1370 520 214
1881 3797 81136858 1 1360 520 216
1853 3557 81136868 1 1350 530 232
1831 3377 81136878 1 1340 540 237
1811 3237 81136888 1 1310 550 237
1797 3164 81136898 1 1300 550 242
1789 3135 81136908 1 1290 560 218
1782 3161 81136918 1 1270 560 184
1774 3281 81136928 1 1260 570 168
1774 3464 81136938 1 1240 570 165
1781 3699 81136948 1 1240 570 163
1797 4001 81136958 1 1230 580 165
1832 4349 81136968 1 1210 580 167
1878 4693 81136978 1 1210 580 170
1936 5015 81136988 1 1210 580 168
2025 5322 81136998 1 1210 580 172
2134 5613 81137008 1 1210 580 175
2260 5853 81137018 1 1210 580 186
2409 6058 81137028 1 1230 580 170
2574 6214 81137038 1 1260 570 175
2761 6345 81137048 1 1270 560 178
2937 6459 81137058 1 1290 560 185
3106 6525 81137068 1 1300 550 190
3265 6525 81137078 1 1310 550 202
3376 6476 81137088 1 1330 540 212
3454 6354 81137098 1 1340 540 239
3505 6187 81137108 1 1350 530 254
3519 5990 81137118 1 1360 520 245
3507 5738 81137128 1 1360 520 250
3458 5487 81137138 1 1370 520 250
3374 5237 81137148 1 1370 520 250
3266 4987 81137158 1 1380 510 244
3120 4772 81137168 1 1380 510 244
2960 4580 81137178 1 1380 510 221
2790 4440 81137188 1 1370 520 206
2602 4341 81137198 1 1370 520 222
2417 4269 81137208 1 1370 520 206
2258 4252 81137218 1 1360 520 211
2116 4277 81137228 1 1360 520 218
1999 4331 81137238 1 1350 530 223
1926 4400 81137248 1 1340 540 230
1883 4463 81137258 1 1340 540 233
1872 4504 81137268 1 1330 540 232
1885 4533 81137278 1 1330 540 232
1913 4545 81137288 1 1310 550 233
1967 4553 81137298 1 1310 550 242
2050 4525 81137308 1 1310 550 247
2152 4476 81137318 1 1310 550 282
2261 4393 81137328 1 1310 550 294
2372 4284 81137338 1 1310 550 307
2504 4157 81137348 1 1310 550 324
2648 4027 81137358 1 1310 550 340
2801 3892 81137368 1 1310 550 339
2946 3746 81137378 1 1310 550 351
3104 3623 81137388 1 1310 550 363
3273 3516 81137398 1 1310 550 367
3429 3410 81137408 1 1300 540 374
3587 3308 81137418 1 1300 540 376
3750 3210 81137428 1 1300 540 381
3892 3135 81137438 1 1300 540 379
4019 3085 81137448 1 1300 540 382
4145 3053 81137458 1 1300 530 379
4259 3047 81137468 1 1290 530 377
4366 3069 81137478 1 1290 530 361
4455 3109 81137488 1 1290 530 317
4538 3170 81137498 1 1290 530 274
4617 3265 81137508 1 1290 530 239
4699 3384 81137518 1 1290 530 230
4785 3517 81137528 1 1280 530 228
4859 3658 81137538 1 1280 530 230
4923 3804 81137548 1 1280 530 233
4981 3943 81137558 1 1280 530 240
5025 4054 81137568 1 1290 530 253
5059 4146 81137578 1 1290 530 257
5073 4217 81137588 1 1300 530 282
5073 4268 81137598 1 1300 530 291
5073 4305 81137608 1 1300 530 316
5051 4335 81137618 1 1300 530 317
5024 4365 81137628 1 1310 540 337
4990 4380 81137638 1 1310 540 349
4952 4386 81137648 1 1310 540 361
4910 4374 81137658 1 1330 530 369
4864 4333 81137668 1 1330 530 362
4814 4273 81137678 1 1330 530 369
4752 4182 81137688 1 1330 530 379
4683 4072 81137698 1 1330 530 384
4621 3949 81137708 1 1340 520 394
4563 3809 81137718 1 1340 520 392
4512 3668 81137728 1 1340 520 417
4476 3524 81137738 1 1340 520 431
4449 3372 81137748 1 1310 520 439
4434 3201 81137758 1 1310 520 452
4443 3022 81137768 1 1310 520 456
4467 2867 81137778 1 1310 520 463
4515 2738 81137788 1 1300 530 465
4590 2626 81137798 1 1290 520 469
4684 2567 81137808 1 1290 520 471
4803 2547 81137818 1 1280 530 464
4919 2553 81137820 1 1280 530 472
5032 2598 81137830 1 1280 530 478
5170 2694 81137840 1 1270 530 480
5306 2823 81137850 1 1270 530 483
5437 2970 81137860 1 1250 540 485
5546 3137 81137870 1 1250 540 483
5643 3318 81137880 1 1250 540 478
5714 3508 81137890 1 1250 540 475
5757 3698 81137900 1 1240 540 465
5781 3897 81137910 1 1240 540 460
5775 4068 81137920 1 1240 540 460
5747 4215 81137930 1 1240 540 463
5705 4306 81137940 1 1250 540 463
5664 4353 81137950 1 1250 540 463
5626 4372 81137960 1 1250 540 458
5597 4372 81137970 1 1270 530 455
5577 4372 81137980 1 1270 530 453
5564 4367 81137990 1 1280 530 450
5555 4351 81138000 1 1280 530 452
5555 4317 81138010 1 1280 530 452
5555 4270 81138020 1 1290 520 450
5568 4209 81138030 1 1290 520 452
5590 4143 81138040 1 1300 520 453
5619 4069 81138050 1 1300 520 455
5655 3977 81138060 1 1320 510 456
5699 3874 81138070 1 1320 510 458
5751 3762 81138080 1 1320 510 455
5814 3671 81138090 1 1320 510 458
5882 3594 81138100 1 1330 520 458
5952 3530 81138110 1 1330 520 456
6026 3479 81138120 1 1330 520 461
6108 3437 81138130 1 1330 520 456
6196 3405 81138140 1 1310 520 455
6289 3383 81138150 1 1310 520 456
6371 3369 81138160 1 1330 530 452
6446 3359 81138170 1 1330 530 447
6506 3359 81138180 1 1310 540 448
6560 3369 81138190 1 1310 540 436
6610 3381 81138200 1 1310 540 420
6664 3404 81138210 1 1300 540 422
6721 3435 81138220 1 1300 540 413
6786 3489 81138230 1 1300 540 407
6860 3571 81138240 1 1300 540 409
6938 3673 81138250 1 1300 540 405
7019 3818 81138260 1 1300 540 392
7116 3993 81138270 1 1300 540 396
7228 4187 81138280 1 1300 540 391
7350 4421 81138290 1 1300 540 386
7459 4669 81138300 1 1310 550 381
7553 4926 81138310 1 1310 550 377
7638 5183 81138320 1 1310 550 367
7704 5438 81138330 1 1310 550 359
7753 5684 81138340 1 1330 540 334
7791 5906 81138350 1 1330 540 325
7812 6116 81138360 1 1340 550 312
7812 6293 81138370 1 1350 540 307
7812 6467 81138380 1 1360 540 305
7778 6584 81138390 1 1360 540 314
7737 6664 81138400 1 1370 530 301
7689 6694 81138410 1 1390 520 291
7625 6682 81138420 1 1390 520 282
7555 6642 81138430 1 1400 520 287
7482 6547 81138440 1 1400 520 286
7413 6387 81138450 1 1410 510 287
7342 6183 81138460 1 1410 510 287
7271 5922 81138470 1 1420 520 287
7200 5622 81138480 1 1430 510 289
7148 5295 81138490 1 1430 510 294
7109 4949 81138500 1 1430 510 306
7094 4637 81138510 1 1420 520 307
7100 4347 81138520 1 1420 520 322
7121 4075 81138530 1 1420 520 335
7164 3832 81138540 1 1410 520 338
7233 3608 81138550 1 1410 520 346
7319 3456 81138560 1 1400 530 351
7425 3329 81138570 1 1390 540 356
7536 3220 81138580 1 1370 540 359
7660 3164 81138590 1 1370 540 364
7801 3153 81138600 1 1360 550 364
7953 3172 81138610 1 1350 550 366
8087 3233 81138620 1 1350 550 368
8226 3331 81138630 1 1340 560 364
8367 3454 81138640 1 1320 570 363
8502 3589 81138650 1 1320 570 361
8611 3741 81138660 1 1320 570 351
8705 3905 81138670 1 1320 570 348
8778 4048 81138680 1 1320 570 344
8824 4147 81138690 1 1320 570 344
8851 4217 81138700 1 1320 570 344
8851 4251 81138710 1 1310 560 344
8839 4264 81138720 1 1310 560 346
8819 4264 81138730 1 1310 560 348
8795 4249 81138740 1 1310 560 348
8771 4214 81138750 1 1320 550 358
8749 4166 81138760 1 1320 550 371
8727 4085 81138770 1 1320 550 372
8727 3976 81138780 1 1320 550 377
8727 3849 81138790 1 1340 550 381
8746 3727 81138800 1 1340 550 382
8779 3644 81138810 1 1340 550 382
8831 3587 81138820 1 1340 550 384
8897 3554 81138830 1 1340 550 384
8971 3545 81138840 1 1340 550 384
9038 3553 81138850 1 1340 560 386
9110 3595 81138860 1 1340 560 384
9184 3664 81138870 1 1340 560 386
9258 3750 81138880 1 1340 560 386
9331 3861 81138890 1 1340 560 386
9397 3971 81138900 1 1350 570 389
9458 4055 81138910 1 1350 570 394
9493 4122 81138920 1 1350 570 391
9509 4153 81138930 1 1350 570 394
9509 4159 81138940 1 1360 570 396
9509 4148 81138950 1 1360 570 391
9496 4107 81138960 1 1360 570 404
9476 4031 81138970 1 1360 570 412
9468 3933 81138980 1 1380 580 417
9479 3835 81138990 1 1380 580 415
9503 3754 81139000 1 1390 570 418
9548 3684 81139010 1 1390 570 422
9614 3644 81139020 1 1380 570 414
9693 3631 81139030 1 1380 570 415
9796 3631 81139040 1 1380 570 418
9917 3660 81139050 1 1380 570 417
10049 3705 81139060 1 1380 570 418
10170 3764 81139070 1 1380 570 418
10294 3833 81139080 1 1380 570 422
10422 3885 81139090 1 1380 570 425
10548 3926 81139100 1 1380 570 427
10649 3940 81139110 1 1380 570 430
10734 3928 81139120 1 1380 570 436
10810 3899 81139130 1 1380 570 441
10888 3846 81139140 1 1380 570 446
10966 3782 81139150 1 1360 570 444
11055 3712 81139160 1 1360 570 448
11140 3667 81139170 1 1360 570 449
11224 3636 81139180 1 1360 570 448
11312 3615 81139190 1 1360 570 444
11399 3615 81139200 1 1360 570 420
11475 3627 81139210 1 1360 570 334
11543 3646 81139220 1 1360 570 139
10308 4913 81139452 0 1430 510 1
10362 4873 81139462 1 1420 520 49
10396 4846 81139472 1 1420 520 66
10434 4810 81139482 1 1420 520 85
10477 4770 81139492 1 1410 520 89
10522 4733 81139502 1 1420 530 89
10567 4699 81139512 1 1410 530 73
9028 5121 81139692 0 1350 520 287
8990 5067 81139702 1 1350 510 280
8980 5132 81139712 1 1350 510 275
8964 5141 81139722 1 1350 510 279
8979 5113 81139732 1 1350 510 277
9003 5080 81139742 1 1360 510 279
9032 5048 81139752 1 1360 510 272
9070 5017 81139762 1 1360 510 215
