183
4096 6467 1702768 0 1500 420 180
4096 6467 1702778 1 1500 420 249
4096 6467 1702788 1 1480 420 257
4096 6467 1702798 1 1480 420 285
4096 6467 1702808 1 1480 430 304
4206 6541 1702818 1 1470 440 334
4270 6620 1702828 1 1470 440 369
4331 6700 1702838 1 1470 450 387
4369 6781 1702848 1 1470 450 392
4391 6847 1702858 1 1460 460 396
4391 6910 1702868 1 1470 460 394
4371 6970 1702878 1 1470 460 396
4337 7009 1702888 1 1470 460 351
4278 7028 1702898 1 1470 460 334
4186 7034 1702908 1 1480 460 327
4071 7005 1702918 1 1480 460 325
3957 6933 1702928 1 1480 460 324
3844 6832 1702938 1 1480 460 320
3733 6729 1702948 1 1480 460 325
3632 6612 1702958 1 1480 460 332
3537 6486 1702968 1 1480 460 339
3502 6381 1702978 1 1480 460 342
3502 6315 1702988 1 1480 460 338
3532 6274 1702998 1 1480 460 371
3596 6260 1703008 1 1480 460 386
3709 6279 1703018 1 1480 460 393
3855 6320 1703028 1 1480 460 391
4019 6397 1703038 1 1480 460 389
4203 6496 1703048 1 1480 460 386
4400 6609 1703058 1 1480 460 384
4561 6704 1703068 1 1480 460 377
4698 6797 1703078 1 1470 460 367
4818 6881 1703088 1 1480 460 368
4880 6958 1703098 1 1480 460 354
4908 6997 1703108 1 1480 460 348
4913 7011 1703118 1 1490 470 319
4906 7011 1703128 1 1490 470 301
4884 7011 1703138 1 1490 470 286
4851 6996 1703148 1 1490 470 279
4807 6968 1703158 1 1490 470 277
4742 6919 1703168 1 1490 470 277
4663 6855 1703178 1 1490 470 281
4591 6780 1703188 1 1490 470 289
4522 6693 1703198 1 1490 470 294
4469 6570 1703208 1 1490 470 302
4427 6422 1703218 1 1490 470 306
4388 6240 1703228 1 1490 470 304
4348 6024 1703238 1 1490 470 302
4297 5786 1703248 1 1490 470 301
4239 5575 1703258 1 1480 470 302
4153 5352 1703268 1 1480 470 304
4038 5121 1703278 1 1480 470 316
3904 4944 1703288 1 1470 470 333
3749 4803 1703298 1 1460 480 363
3555 4685 1703308 1 1460 480 371
3336 4623 1703318 1 1460 480 369
3112 4610 1703328 1 1450 480 369
2920 4629 1703338 1 1450 480 356
2750 4700 1703348 1 1430 490 322
2604 4817 1703358 1 1430 490 237
5915 6053 1703920 0 1500 440 151
5915 6053 1703930 1 1520 440 188
5915 6053 1703940 1 1520 440 205
5915 6053 1703950 1 1520 440 205
5915 6053 1703960 1 1520 440 207
5906 6158 1703970 1 1530 450 213
5940 6225 1703980 1 1530 450 212
5971 6302 1703990 1 1530 450 212
5998 6379 1704000 1 1540 450 218
6021 6455 1704010 1 1540 450 223
5998 6523 1704020 1 1540 450 221
5978 6570 1704030 1 1550 450 222
5942 6604 1704040 1 1550 450 191
5895 6615 1704050 1 1550 450 176
5822 6596 1704060 1 1550 450 175
5727 6558 1704070 1 1550 450 178
5616 6482 1704080 1 1550 450 180
5513 6386 1704090 1 1550 450 213
5413 6276 1704100 1 1540 450 242
5340 6184 1704110 1 1540 450 267
5283 6113 1704120 1 1540 440 284
5272 6055 1704130 1 1540 440 287
5297 6023 1704140 1 1530 440 277
5345 6015 1704150 1 1530 440 279
5437 6023 1704160 1 1530 440 274
5547 6071 1704170 1 1520 440 282
5670 6136 1704180 1 1520 440 267
5785 6213 1704190 1 1520 440 260
5868 6290 1704200 1 1520 440 262
5929 6363 1704210 1 1520 440 269
5963 6404 1704220 1 1520 440 277
5972 6426 1704230 1 1530 440 282
5964 6426 1704240 1 1530 440 309
5950 6387 1704250 1 1530 440 348
5917 6326 1704260 1 1530 440 369
5871 6231 1704270 1 1530 440 386
5842 6155 1704280 1 1530 440 394
5842 6092 1704290 1 1540 440 398
5866 6071 1704300 1 1540 440 396
5923 6089 1704310 1 1540 440 404
6048 6133 1704320 1 1540 440 402
6218 6236 1704330 1 1540 440 397
6434 6378 1704340 1 1540 440 391
6632 6547 1704350 1 1540 440 381
6818 6706 1704360 1 1540 440 353
6977 6862 1704370 1 1540 440 319
7109 7031 1704380 1 1560 440 302
7224 7211 1704390 1 1560 440 294
7326 7345 1704400 1 1560 440 301
7366 7410 1704410 1 1570 450 309
7366 7428 1704420 1 1570 450 307
7308 7314 1704430 1 1570 450 307
7209 7229 1704440 1 1580 450 314
7081 7164 1704450 1 1580 450 312
6966 7002 1704460 1 1590 440 309
6856 6834 1704470 1 1590 440 334
6755 6662 1704480 1 1590 440 333
6694 6486 1704490 1 1590 440 341
6660 6331 1704500 1 1590 440 344
6674 6191 1704510 1 1600 440 344
6744 6106 1704520 1 1600 440 346
6850 6057 1704530 1 1600 440 341
6984 6032 1704540 1 1600 450 317
7108 6038 1704550 1 1600 450 249
7225 6072 1704551 1 1600 450 142
6320 6512 1704661 0 1590 450 98
6187 6496 1704671 1 1590 450 137
6187 6537 1704681 1 1590 450 187
6250 6607 1704691 1 1580 450 190
6345 6655 1704701 1 1580 450 195
6479 6704 1704711 1 1580 450 193
6642 6748 1704721 1 1570 450 170
6823 6783 1704731 1 1570 450 10
6955 6378 1704831 0 1580 450 104
6885 6259 1704841 1 1580 450 107
6879 6259 1704851 1 1580 450 142
6902 6251 1704861 1 1590 450 180
6965 6251 1704871 1 1590 450 218
7054 6277 1704881 1 1590 450 267
7186 6329 1704891 1 1590 450 287
7344 6414 1704901 1 1590 450 297
7520 6508 1704911 1 1590 450 299
7665 6607 1704921 1 1590 450 297
7766 6680 1704931 1 1590 450 296
7838 6748 1704941 1 1590 450 294
7857 6805 1704951 1 1590 450 296
7832 6856 1704961 1 1590 450 301
7777 6876 1704971 1 1590 450 306
7694 6876 1704981 1 1590 450 304
7586 6814 1704991 1 1590 450 322
7460 6725 1705001 1 1590 450 336
7362 6617 1705011 1 1580 460 359
7315 6506 1705021 1 1580 460 369
7303 6412 1705031 1 1580 460 366
7338 6329 1705041 1 1580 460 394
7414 6293 1705051 1 1580 460 410
7518 6293 1705061 1 1580 460 418
7650 6321 1705071 1 1580 460 420
7800 6373 1705081 1 1590 460 417
7963 6444 1705091 1 1600 450 396
8097 6527 1705101 1 1590 460 362
8218 6600 1705111 1 1590 460 340
8329 6670 1705121 1 1600 460 312
8408 6730 1705131 1 1600 460 307
8457 6782 1705141 1 1600 460 314
8487 6830 1705151 1 1610 460 314
8467 6830 1705161 1 1610 460 317
8394 6805 1705171 1 1610 460 307
8286 6754 1705181 1 1610 460 332
8205 6697 1705191 1 1620 470 336
8175 6652 1705201 1 1620 470 349
8175 6652 1705211 1 1620 470 366
8255 6596 1705221 1 1630 480 373
8405 6596 1705231 1 1630 480 361
8604 6613 1705241 1 1630 480 367
8789 6621 1705251 1 1630 480 387
8937 6608 1705261 1 1630 480 399
9061 6582 1705271 1 1630 480 418
9101 6524 1705281 1 1630 480 441
9060 6440 1705291 1 1630 480 445
8965 6339 1705301 1 1630 480 452
8792 6240 1705311 1 1630 480 442
8620 6157 1705321 1 1630 480 320
