269
2177 6037 81151709 0 1380 550 141
2214 6003 81151719 1 1360 540 142
2147 5991 81151729 1 1360 510 146
2147 5927 81151739 1 1360 500 144
2147 5809 81151749 1 1360 500 134
2142 5656 81151759 1 1360 500 146
2133 5503 81151769 1 1370 500 175
2124 5297 81151779 1 1370 500 186
2105 5055 81151789 1 1360 500 203
2079 4750 81151799 1 1360 500 222
2043 4448 81151809 1 1350 510 207
2005 4148 81151819 1 1360 510 207
1965 3871 81151829 1 1350 520 209
1944 3663 81151839 1 1340 520 211
1928 3500 81151849 1 1330 530 211
1922 3402 81151859 1 1310 540 217
1922 3363 81151869 1 1300 540 195
1922 3363 81151879 1 1290 550 203
1929 3380 81151889 1 1270 550 195
1935 3461 81151899 1 1260 560 193
1941 3585 81151909 1 1260 560 191
1949 3783 81151919 1 1250 560 191
1963 4025 81151929 1 1250 560 193
1986 4296 81151939 1 1250 560 191
2033 4587 81151949 1 1250 560 186
2096 4878 81151959 1 1250 560 185
2186 5143 81151969 1 1250 560 188
2293 5392 81151979 1 1250 560 191
2411 5614 81151989 1 1260 560 195
2535 5762 81151999 1 1260 560 195
2677 5860 81152009 1 1270 550 196
2832 5951 81152019 1 1290 550 202
2987 6007 81152029 1 1300 540 207
3142 6039 81152039 1 1310 540 212
3298 6005 81152049 1 1330 530 222
3406 5914 81152059 1 1340 520 212
3490 5785 81152069 1 1350 520 221
3559 5649 81152079 1 1350 520 225
3592 5479 81152089 1 1360 510 228
3580 5287 81152099 1 1360 510 233
3538 5093 81152109 1 1360 510 232
3458 4895 81152119 1 1370 510 228
3348 4714 81152129 1 1370 510 223
3218 4546 81152139 1 1370 510 211
3053 4409 81152149 1 1380 510 209
2891 4302 81152159 1 1370 520 207
2736 4214 81152169 1 1370 520 209
2585 4185 81152179 1 1370 520 218
2473 4190 81152189 1 1360 520 233
2388 4217 81152199 1 1360 520 242
2343 4259 81152209 1 1350 530 249
2322 4299 81152219 1 1340 520 249
2317 4339 81152229 1 1330 530 249
2330 4363 81152239 1 1330 530 249
2362 4381 81152249 1 1330 530 249
2407 4372 81152259 1 1330 530 251
2468 4348 81152269 1 1330 530 245
2545 4294 81152279 1 1330 530 265
2633 4211 81152289 1 1330 530 287
2732 4110 81152299 1 1330 530 297
2830 3991 81152309 1 1330 530 304
2926 3854 81152319 1 1330 530 315
3043 3706 81152329 1 1330 530 327
3165 3575 81152339 1 1330 530 337
3283 3448 81152349 1 1330 530 333
3395 3324 81152359 1 1330 530 338
3520 3209 81152369 1 1330 530 341
3648 3126 81152379 1 1330 530 344
3783 3064 81152389 1 1330 530 344
3920 3031 81152399 1 1330 530 348
4055 3031 81152409 1 1330 530 346
4200 3052 81152419 1 1310 520 348
4352 3102 81152429 1 1310 520 346
4490 3171 81152439 1 1310 520 348
4625 3254 81152449 1 1310 520 346
4757 3346 81152459 1 1300 530 348
4864 3443 81152469 1 1300 530 346
4953 3544 81152479 1 1300 530 346
5029 3642 81152489 1 1310 540 348
5091 3744 81152499 1 1310 540 346
5129 3849 81152509 1 1310 540 348
5152 3932 81152519 1 1310 540 351
5152 3993 81152529 1 1310 540 353
5134 4040 81152539 1 1330 530 361
5112 4071 81152549 1 1330 530 362
5086 4089 81152559 1 1330 530 376
5060 4099 81152569 1 1330 530 386
5034 4099 81152579 1 1340 540 396
5006 4091 81152589 1 1340 540 399
4978 4075 81152599 1 1350 530 388
4952 4038 81152609 1 1350 530 392
4923 3989 81152619 1 1350 530 405
4893 3908 81152629 1 1350 530 422
4867 3796 81152639 1 1350 530 425
4843 3663 81152649 1 1360 520 440
4826 3535 81152659 1 1360 520 442
4814 3404 81152669 1 1360 520 450
4819 3265 81152679 1 1350 530 460
4834 3141 81152689 1 1350 530 463
4861 3026 81152699 1 1350 530 463
4892 2933 81152709 1 1350 530 461
4942 2867 81152719 1 1350 530 461
5002 2819 81152729 1 1340 540 473
5079 2804 81152739 1 1340 540 465
5178 2832 81152749 1 1340 540 475
5291 2888 81152759 1 1330 540 480
5403 2991 81152769 1 1330 540 477
5508 3118 81152779 1 1330 540 475
5608 3262 81152789 1 1310 550 477
5694 3424 81152799 1 1310 550 477
5753 3567 81152809 1 1310 550 472
5793 3697 81152819 1 1310 550 472
5805 3819 81152829 1 1310 550 473
5805 3892 81152839 1 1310 550 478
5794 3933 81152849 1 1310 550 478
5787 3945 81152859 1 1330 540 480
5781 3945 81152869 1 1330 540 478
5775 3933 81152879 1 1330 540 478
5775 3916 81152889 1 1340 540 485
5784 3848 81152899 1 1340 540 488
5793 3746 81152909 1 1340 540 496
5824 3644 81152919 1 1350 540 492
5869 3540 81152929 1 1350 540 501
5925 3434 81152939 1 1350 540 504
5986 3326 81152949 1 1350 540 510
6063 3235 81152959 1 1350 540 514
6148 3155 81152969 1 1360 540 515
6253 3102 81152979 1 1360 540 519
6364 3075 81152989 1 1350 540 520
6485 3066 81152999 1 1350 540 522
6625 3093 81153009 1 1350 540 520
6778 3154 81153019 1 1340 550 517
6946 3237 81153029 1 1340 550 519
7098 3358 81153039 1 1340 550 514
7239 3496 81153049 1 1340 560 504
7386 3646 81153059 1 1340 560 491
7526 3854 81153069 1 1340 560 486
7661 4096 81153079 1 1340 560 467
7794 4362 81153089 1 1340 560 460
7912 4639 81153099 1 1340 560 449
8020 4923 81153109 1 1340 560 433
8090 5212 81153119 1 1340 560 420
8139 5509 81153129 1 1350 570 418
8173 5763 81153139 1 1360 560 425
8186 5988 81153149 1 1360 560 420
8192 6173 81153159 1 1380 570 405
8192 6322 81153169 1 1390 560 396
8183 6446 81153179 1 1390 560 391
8171 6522 81153189 1 1400 550 394
8156 6546 81153199 1 1410 560 367
8138 6535 81153209 1 1430 550 361
8099 6485 81153219 1 1440 540 371
8047 6383 81153229 1 1440 540 371
7982 6247 81153239 1 1450 540 371
7905 6081 81153249 1 1450 540 373
7820 5874 81153259 1 1450 540 373
7739 5641 81153269 1 1460 530 367
7676 5387 81153279 1 1460 530 371
7624 5111 81153289 1 1460 530 376
7596 4821 81153299 1 1450 530 386
7591 4573 81153309 1 1450 530 393
7602 4346 81153319 1 1450 530 398
7637 4134 81153329 1 1420 530 392
7695 3949 81153339 1 1420 530 394
7768 3778 81153349 1 1410 530 404
7865 3616 81153359 1 1410 530 415
7967 3495 81153369 1 1390 540 417
8078 3375 81153379 1 1370 540 418
8212 3256 81153389 1 1360 550 422
8360 3194 81153399 1 1360 550 414
8502 3175 81153409 1 1350 550 417
8634 3185 81153419 1 1340 560 417
8760 3247 81153429 1 1340 560 418
8895 3345 81153439 1 1320 570 415
9010 3466 81153449 1 1340 570 422
9111 3608 81153459 1 1340 570 418
9201 3768 81153469 1 1340 570 417
9274 3939 81153479 1 1340 570 415
9335 4063 81153489 1 1350 580 415
9378 4143 81153499 1 1350 580 415
9404 4193 81153509 1 1350 580 418
9419 4217 81153519 1 1350 580 418
9419 4235 81153529 1 1350 580 420
9414 4242 81153539 1 1350 580 422
9406 4242 81153549 1 1360 580 423
9393 4242 81153559 1 1380 580 414
9386 4237 81153569 1 1380 580 414
9386 4237 81153579 1 1380 580 414
9386 4237 81153589 1 1390 570 415
9378 4237 81153599 1 1390 570 415
9372 4237 81153609 1 1390 570 415
9362 4237 81153619 1 1390 570 423
9348 4237 81153629 1 1400 560 423
9329 4229 81153639 1 1400 560 420
9300 4212 81153649 1 1400 560 415
9265 4186 81153659 1 1400 560 422
9225 4153 81153669 1 1400 560 420
9184 4115 81153679 1 1400 560 420
9142 4068 81153689 1 1400 560 422
9107 4010 81153699 1 1400 560 423
9076 3941 81153709 1 1410 560 430
9081 3840 81153719 1 1410 560 440
9109 3718 81153729 1 1410 560 440
9168 3615 81153739 1 1410 560 450
9257 3527 81153749 1 1410 560 447
9365 3448 81153759 1 1410 560 455
9479 3402 81153769 1 1400 560 463
9582 3382 81153779 1 1400 560 463
9677 3382 81153789 1 1400 560 453
9762 3403 81153799 1 1390 560 463
9845 3442 81153809 1 1380 570 458
9926 3493 81153819 1 1380 570 452
9999 3554 81153829 1 1380 570 456
10054 3620 81153839 1 1380 570 458
10096 3690 81153849 1 1380 570 458
10138 3765 81153859 1 1360 570 455
10165 3816 81153869 1 1360 570 455
10183 3852 81153879 1 1360 570 450
10188 3852 81153889 1 1360 570 442
10188 3852 81153899 1 1380 580 443
10188 3844 81153909 1 1380 580 452
10181 3791 81153919 1 1380 580 458
10181 3708 81153929 1 1380 580 463
10181 3623 81153939 1 1390 580 473
10214 3556 81153949 1 1400 580 465
10261 3502 81153959 1 1400 580 473
10324 3464 81153969 1 1400 580 477
10392 3443 81153979 1 1400 580 483
10468 3434 81153989 1 1400 580 481
10547 3447 81153999 1 1400 580 485
10629 3476 81154009 1 1400 580 485
10711 3516 81154019 1 1400 580 480
10796 3571 81154029 1 1390 580 483
10878 3620 81154039 1 1390 580 483
10948 3664 81154023 1 1390 580 483
11010 3678 81154033 1 1390 580 488
11051 3664 81154043 1 1390 580 489
11094 3631 81154053 1 1390 580 499
11138 3574 81154063 1 1390 580 502
11183 3510 81154073 1 1390 580 504
11231 3441 81154083 1 1380 590 509
11289 3395 81154093 1 1380 590 504
11352 3362 81154103 1 1380 590 494
11415 3338 81154113 1 1380 590 464
11480 3332 81154123 1 1380 590 415
11528 3339 81154133 1 1380 590 309
11563 3355 81154143 1 1360 580 149
10687 4449 81154323 0 1380 550 109
10653 4503 81154333 1 1380 550 71
10639 4547 81154343 1 1380 550 1
10639 4572 81154353 1 1400 550 1
10654 4585 81154363 1 1400 550 25
10660 4585 81154373 1 1400 550 68
10660 4578 81154383 1 1400 550 103
10660 4572 81154393 1 1400 550 153
10672 4560 81154403 1 1400 550 190
10701 4539 81154413 1 1400 550 207
10739 4510 81154423 1 1390 560 215
10782 4480 81154433 1 1390 560 218
10825 4450 81154443 1 1390 560 170
10871 4428 81154453 1 1390 560 66
9253 4875 81154634 0 1400 520 287
9156 4871 81154644 1 1410 510 307
9102 4919 81154654 1 1410 510 301
9102 4919 81154664 1 1400 510 304
9129 4892 81154674 1 1410 500 301
9181 4853 81154684 1 1410 500 286
9238 4816 81154694 1 1410 500 237
9305 4783 81154704 1 1410 500 88
