241
2278 6372 81172039 0 1360 510 15
2273 6314 81172049 1 1360 500 56
2259 6228 81172059 1 1370 500 66
2235 6066 81172069 1 1380 490 93
2202 5853 81172079 1 1380 490 93
2175 5603 81172089 1 1380 490 132
2136 5288 81172099 1 1380 490 132
2090 4930 81172109 1 1370 500 132
2053 4575 81172119 1 1370 500 124
2013 4227 81172129 1 1360 500 119
1974 3883 81172139 1 1350 510 113
1936 3587 81172149 1 1340 510 117
1910 3364 81172159 1 1330 520 115
1887 3191 81172169 1 1310 520 115
1871 3061 81172179 1 1310 520 115
1859 3001 81172189 1 1300 530 141
1849 2988 81172199 1 1290 530 117
1839 3015 81172209 1 1280 540 101
1830 3124 81172219 1 1260 540 101
1830 3288 81172229 1 1250 550 103
1830 3518 81172239 1 1250 550 105
1849 3788 81172249 1 1240 550 101
1883 4086 81172259 1 1240 550 103
1945 4411 81172269 1 1220 560 108
2043 4719 81172279 1 1220 560 110
2166 5017 81172289 1 1220 560 122
2318 5284 81172299 1 1240 550 129
2496 5548 81172309 1 1240 550 142
2690 5753 81172319 1 1250 550 149
2888 5921 81172329 1 1260 540 134
3104 6070 81172339 1 1280 540 137
3331 6136 81172349 1 1290 530 139
3495 6147 81172359 1 1300 530 146
3632 6089 81172369 1 1310 520 149
3750 5966 81172379 1 1330 520 153
3804 5799 81172389 1 1330 520 158
3817 5621 81172399 1 1340 510 156
3802 5403 81172409 1 1350 510 156
3732 5158 81172419 1 1350 510 151
3617 4905 81172429 1 1350 510 134
3473 4660 81172439 1 1360 500 142
3323 4472 81172449 1 1350 500 137
3165 4319 81172459 1 1350 500 137
3002 4206 81172469 1 1350 500 136
2859 4148 81172479 1 1350 500 136
2728 4128 81172489 1 1340 500 144
2605 4148 81172499 1 1340 500 158
2508 4192 81172509 1 1330 510 181
2450 4252 81172519 1 1330 510 205
2418 4296 81172529 1 1320 510 213
2418 4316 81172539 1 1320 510 207
2418 4316 81172549 1 1320 510 207
2456 4309 81172559 1 1320 510 207
2510 4278 81172569 1 1320 510 212
2589 4232 81172579 1 1320 510 217
2685 4153 81172589 1 1320 510 216
2793 4053 81172599 1 1320 510 242
2903 3940 81172609 1 1320 510 259
3034 3804 81172619 1 1320 510 279
3180 3665 81172629 1 1320 510 277
3319 3539 81172639 1 1320 510 287
3454 3422 81172649 1 1320 510 292
3587 3302 81172659 1 1320 510 296
3730 3206 81172669 1 1300 510 296
3862 3125 81172679 1 1300 510 296
3984 3073 81172689 1 1300 510 292
4114 3052 81172699 1 1290 510 259
4249 3052 81172709 1 1290 510 207
4386 3089 81172719 1 1290 510 148
4519 3172 81172729 1 1290 510 120
4673 3286 81172739 1 1290 510 101
4840 3437 81172749 1 1290 510 100
4989 3598 81172759 1 1290 510 101
5145 3766 81172769 1 1290 510 108
5314 3942 81172779 1 1290 510 119
5447 4103 81172789 1 1290 510 136
5555 4225 81172799 1 1290 510 132
5635 4326 81172809 1 1290 510 151
5681 4407 81172819 1 1290 510 186
5704 4453 81172829 1 1300 510 218
5697 4475 81172839 1 1300 510 218
5668 4482 81172849 1 1300 510 237
5623 4471 81172859 1 1300 510 245
5552 4449 81172869 1 1320 510 269
5466 4397 81172879 1 1330 510 277
5369 4322 81172889 1 1330 510 301
5282 4231 81172899 1 1330 510 316
5198 4125 81172909 1 1330 510 310
5133 3991 81172919 1 1330 510 324
5081 3839 81172929 1 1340 500 334
5033 3645 81172939 1 1330 510 337
5007 3479 81172949 1 1330 510 342
4995 3332 81172959 1 1330 510 333
5002 3184 81172969 1 1330 510 333
5037 3080 81172979 1 1320 510 336
5091 3006 81172989 1 1320 510 338
5170 2960 81172999 1 1320 510 343
5274 2945 81173009 1 1320 510 348
5395 2950 81173019 1 1300 520 351
5524 2999 81173029 1 1300 520 361
5657 3085 81173039 1 1300 520 359
5794 3196 81173049 1 1290 520 363
5931 3341 81173059 1 1290 520 363
6044 3490 81173069 1 1290 520 359
6132 3641 81173079 1 1280 530 358
6203 3799 81173089 1 1290 530 356
6241 3953 81173099 1 1290 530 351
6257 4078 81173109 1 1290 530 353
6257 4185 81173119 1 1300 530 356
6249 4245 81173129 1 1300 530 364
6242 4266 81173139 1 1300 530 364
6242 4260 81173149 1 1300 530 364
6242 4246 81173159 1 1300 530 368
6237 4231 81173169 1 1330 530 369
6237 4173 81173179 1 1330 530 371
6247 4087 81173189 1 1330 530 367
6275 3979 81173199 1 1330 530 384
6313 3842 81173209 1 1340 520 391
6369 3687 81173219 1 1340 520 394
6426 3541 81173229 1 1340 520 400
6489 3404 81173239 1 1330 520 400
6560 3274 81173249 1 1330 520 405
6643 3174 81173259 1 1330 520 404
6745 3109 81173269 1 1330 520 407
6860 3068 81173279 1 1330 530 413
6972 3075 81173289 1 1330 530 418
7088 3133 81173299 1 1330 530 417
7230 3226 81173309 1 1310 540 417
7388 3383 81173319 1 1310 540 415
7543 3576 81173329 1 1310 540 417
7701 3792 81173339 1 1310 540 407
7865 4058 81173349 1 1300 540 402
8003 4334 81173359 1 1310 550 392
8124 4616 81173369 1 1310 550 387
8234 4908 81173379 1 1310 550 376
8329 5199 81173389 1 1320 550 371
8414 5487 81173399 1 1320 550 367
8466 5743 81173409 1 1340 550 361
8497 5977 81173419 1 1340 550 369
8514 6176 81173429 1 1340 550 359
8514 6334 81173439 1 1360 550 358
8493 6465 81173449 1 1360 550 354
8459 6538 81173459 1 1370 540 349
8415 6563 81173469 1 1390 540 339
8347 6555 81173479 1 1400 540 333
8263 6506 81173489 1 1410 530 334
8182 6419 81173499 1 1410 530 345
8104 6306 81173509 1 1420 530 342
8032 6178 81173519 1 1420 530 342
7976 6026 81173529 1 1420 530 344
7928 5857 81173539 1 1420 520 342
7867 5646 81173549 1 1420 520 345
7811 5402 81173559 1 1420 520 334
7765 5137 81173569 1 1430 510 336
7727 4852 81173579 1 1420 520 339
7710 4582 81173589 1 1420 520 348
7705 4325 81173599 1 1410 510 351
7714 4071 81173609 1 1400 520 359
7748 3824 81173619 1 1400 520 364
7799 3610 81173629 1 1390 520 373
7883 3419 81173639 1 1370 520 366
7968 3235 81173649 1 1360 520 369
8074 3092 81173659 1 1350 530 374
8194 2976 81173669 1 1350 530 376
8340 2891 81173679 1 1340 540 376
8483 2851 81173689 1 1340 540 381
8625 2840 81173699 1 1330 540 379
8772 2864 81173709 1 1330 540 381
8918 2915 81173719 1 1310 550 381
9057 2983 81173729 1 1310 550 382
9177 3067 81173739 1 1310 550 382
9289 3165 81173749 1 1310 550 381
9398 3273 81173759 1 1310 550 379
9486 3395 81173769 1 1310 550 372
9560 3515 81173779 1 1320 550 362
9618 3632 81173789 1 1320 550 369
9657 3750 81173799 1 1320 550 368
9684 3867 81173809 1 1320 550 368
9684 3948 81173819 1 1320 550 369
9667 4002 81173829 1 1320 550 371
9639 4039 81173839 1 1320 550 361
9610 4060 81173849 1 1340 550 361
9581 4076 81173859 1 1340 550 364
9553 4082 81173869 1 1340 550 367
9539 4082 81173879 1 1340 550 369
9527 4077 81173889 1 1340 550 366
9527 4077 81173899 1 1350 540 366
9543 4058 81173909 1 1350 540 366
9551 4023 81173919 1 1350 540 367
9562 3955 81173929 1 1350 540 371
9579 3881 81173939 1 1360 540 369
9602 3788 81173949 1 1360 540 372
9632 3685 81173959 1 1360 540 382
9666 3596 81173969 1 1360 540 389
9717 3512 81173979 1 1360 540 398
9778 3432 81173989 1 1360 540 399
9850 3364 81173999 1 1350 540 388
9933 3311 81174009 1 1350 540 399
10024 3269 81174019 1 1350 540 391
10117 3254 81174029 1 1350 540 391
10213 3269 81174039 1 1340 550 391
10330 3303 81174049 1 1340 550 392
10460 3367 81174059 1 1340 550 391
10584 3444 81174069 1 1340 550 391
10709 3529 81174079 1 1320 550 392
10810 3600 81174089 1 1320 550 392
10896 3639 81174099 1 1320 550 391
10952 3658 81174109 1 1320 550 389
10992 3658 81174119 1 1320 550 392
11022 3630 81174129 1 1320 550 391
11051 3593 81174139 1 1320 550 394
11080 3542 81174149 1 1320 550 402
11108 3472 81174159 1 1320 550 413
11139 3389 81174169 1 1320 550 422
11171 3295 81174179 1 1320 550 425
11207 3211 81174189 1 1310 560 433
11256 3133 81174199 1 1310 560 440
11314 3071 81174209 1 1300 550 448
11384 3017 81174219 1 1300 550 440
11469 2968 81174229 1 1300 550 439
11564 2939 81174239 1 1300 550 439
11666 2930 81174249 1 1270 550 438
11765 2930 81174259 1 1270 550 413
11862 2951 81174269 1 1270 550 361
11962 2978 81174279 1 1260 560 264
12065 3012 81174289 1 1260 560 55
10922 4352 81174662 0 1310 540 32
10945 4302 81174672 1 1310 540 50
10965 4273 81174682 1 1310 540 78
10989 4247 81174692 1 1330 540 85
11018 4222 81174702 1 1330 540 88
11050 4198 81174712 1 1310 550 51
9770 4538 81174913 0 1320 510 161
9698 4565 81174923 1 1320 510 120
9671 4600 81174933 1 1330 510 124
9655 4625 81174943 1 1330 510 115
9667 4619 81174953 1 1330 510 117
9685 4596 81174963 1 1330 510 119
9713 4569 81174973 1 1330 510 122
9750 4542 81174983 1 1330 510 119
9792 4513 81174993 1 1330 510 108
