295
4025 6008 1645716 0 1200 480 51
4025 6008 1645726 1 1210 470 70
4025 6008 1645736 1 1200 450 75
4025 6008 1645746 1 1210 440 89
4025 6008 1645756 1 1230 440 132
4025 6008 1645766 1 1230 440 187
4025 6008 1645776 1 1230 450 222
4025 6008 1645786 1 1230 450 246
4025 6008 1645796 1 1240 460 265
4025 6008 1645806 1 1240 460 297
4064 6092 1645816 1 1260 460 320
4085 6112 1645826 1 1260 460 336
4109 6144 1645836 1 1270 460 348
4138 6185 1645846 1 1290 460 356
4169 6231 1645856 1 1290 460 364
4197 6278 1645866 1 1290 460 361
4213 6325 1645876 1 1290 460 381
4222 6373 1645886 1 1290 460 388
4222 6421 1645896 1 1290 460 409
4222 6459 1645906 1 1290 460 414
4203 6495 1645916 1 1280 450 420
4181 6529 1645926 1 1280 450 427
4153 6563 1645936 1 1280 450 431
4120 6597 1645946 1 1280 450 444
4088 6630 1645956 1 1280 450 449
4056 6654 1645966 1 1280 450 443
4020 6664 1645976 1 1280 450 450
3980 6664 1645986 1 1260 460 447
3938 6645 1645996 1 1260 460 448
3896 6618 1646006 1 1260 460 450
3856 6578 1646016 1 1260 460 452
3817 6528 1646026 1 1260 460 455
3784 6471 1646036 1 1260 460 455
3752 6395 1646046 1 1250 450 456
3721 6307 1646056 1 1250 450 456
3687 6205 1646066 1 1280 450 461
3651 6098 1646076 1 1260 460 463
3625 5985 1646086 1 1260 460 461
3605 5872 1646096 1 1260 460 463
3593 5783 1646106 1 1250 460 461
3593 5710 1646116 1 1250 460 461
3612 5659 1646126 1 1250 460 461
3639 5624 1646136 1 1240 470 458
3673 5600 1646146 1 1240 470 463
3719 5592 1646156 1 1230 470 466
3773 5605 1646166 1 1230 470 473
3835 5632 1646176 1 1220 470 464
3907 5689 1646186 1 1220 470 467
3991 5778 1646196 1 1220 470 467
4087 5888 1646206 1 1220 470 472
4189 6009 1646216 1 1220 470 472
4287 6129 1646226 1 1220 470 472
4359 6233 1646236 1 1220 470 470
4415 6327 1646246 1 1220 470 473
4446 6389 1646256 1 1220 470 478
4459 6419 1646266 1 1210 470 502
4459 6427 1646277 1 1220 460 521
4459 6427 1646287 1 1220 460 521
4459 6427 1646297 1 1240 470 518
4459 6427 1646307 1 1240 470 518
4377 6352 1646317 1 1250 460 519
4341 6293 1646327 1 1250 460 519
4306 6231 1646337 1 1260 460 519
4280 6161 1646347 1 1260 460 521
4256 6067 1646357 1 1260 460 521
4236 5959 1646367 1 1280 450 522
4216 5807 1646377 1 1260 460 524
4202 5650 1646387 1 1260 460 524
4191 5490 1646397 1 1260 460 532
4172 5269 1646407 1 1250 460 527
4148 5048 1646407 1 1250 460 527
4116 4830 1646417 1 1240 470 532
4076 4651 1646427 1 1230 470 546
4030 4495 1646437 1 1220 470 536
3971 4341 1646447 1 1210 480 537
3896 4189 1646457 1 1210 480 540
3811 4065 1646467 1 1200 480 545
3696 3958 1646477 1 1190 480 545
3564 3873 1646487 1 1170 490 546
3421 3827 1646497 1 1160 490 548
3289 3807 1646507 1 1150 490 546
3185 3832 1646517 1 1140 500 545
3099 3889 1646527 1 1140 500 546
3060 3967 1646537 1 1130 500 548
3071 4070 1646547 1 1130 500 550
3116 4227 1646557 1 1110 500 537
3221 4419 1646567 1 1110 500 497
3375 4635 1646577 1 1110 490 464
3562 4863 1646587 1 1110 490 420
3806 5098 1646597 1 1110 490 361
4053 5311 1646607 1 1110 490 267
5504 6095 1646717 0 1210 490 51
5504 6095 1646727 1 1220 480 93
5504 6095 1646737 1 1230 480 186
5524 6193 1646747 1 1240 480 242
5524 6233 1646757 1 1250 480 285
5524 6233 1646767 1 1260 480 306
5524 6233 1646777 1 1260 480 310
5529 6338 1646787 1 1270 480 327
5522 6375 1646797 1 1270 480 335
5515 6415 1646807 1 1270 480 340
5503 6463 1646817 1 1280 470 339
5479 6516 1646827 1 1280 470 335
5448 6567 1646837 1 1280 470 327
5398 6600 1646847 1 1280 470 334
5341 6622 1646857 1 1300 480 339
5279 6622 1646867 1 1300 480 333
5203 6588 1646877 1 1300 480 353
5125 6535 1646887 1 1300 480 366
5046 6444 1646897 1 1300 480 388
4981 6320 1646907 1 1300 480 413
4920 6174 1646917 1 1300 480 425
4866 6000 1646927 1 1300 480 439
4838 5839 1646937 1 1280 480 445
4827 5686 1646947 1 1280 480 443
4854 5607 1646957 1 1280 480 439
4899 5573 1646967 1 1270 490 443
4957 5568 1646977 1 1270 490 428
5026 5607 1646987 1 1260 490 418
5101 5689 1646997 1 1260 490 389
5188 5801 1647007 1 1260 490 369
5268 5953 1647017 1 1260 490 366
5343 6105 1647027 1 1260 490 388
5384 6205 1647037 1 1260 490 473
5401 6270 1647047 1 1250 500 603
5401 6278 1647057 1 1250 500 708
5401 6278 1647067 1 1250 500 780
5393 6266 1647077 1 1250 500 826
5393 6266 1647087 1 1240 490 848
5387 6259 1647097 1 1250 500 864
5387 6259 1647107 1 1260 490 869
5387 6253 1647117 1 1270 490 853
5381 6253 1647127 1 1270 490 853
5381 6247 1647137 1 1280 480 853
5375 6247 1647147 1 1280 480 861
5375 6247 1647157 1 1300 480 869
5385 6247 1647167 1 1300 480 869
5385 6247 1647177 1 1310 470 885
5385 6247 1647187 1 1310 470 884
5385 6247 1647197 1 1310 470 878
5385 6247 1647207 1 1310 470 870
5385 6247 1647217 1 1320 470 854
5385 6247 1647227 1 1320 470 857
5385 6247 1647237 1 1320 470 840
5385 6221 1647247 1 1330 460 821
5375 6185 1647257 1 1330 460 824
5365 6151 1647267 1 1330 460 812
5353 6121 1647277 1 1330 460 811
5344 6093 1647287 1 1330 460 808
5337 6073 1647297 1 1330 460 806
5331 6048 1647307 1 1340 460 805
5331 6015 1647317 1 1330 450 802
5326 5963 1647327 1 1330 450 799
5332 5899 1647337 1 1330 450 799
5348 5829 1647347 1 1320 460 796
5389 5768 1647357 1 1320 460 784
5447 5731 1647367 1 1310 460 779
5530 5708 1647377 1 1310 460 750
5649 5719 1647387 1 1290 460 730
5791 5772 1647397 1 1300 470 691
5921 5853 1647408 1 1280 470 664
6037 5957 1647418 1 1280 470 647
6144 6060 1647428 1 1280 470 572
6243 6160 1647438 1 1280 470 520
6322 6263 1647448 1 1280 470 473
6388 6383 1647458 1 1300 480 442
6440 6514 1647468 1 1300 480 438
6480 6621 1647478 1 1280 480 433
6511 6692 1647488 1 1280 480 436
6521 6740 1647498 1 1280 480 447
6521 6755 1647508 1 1290 490 477
6512 6764 1647518 1 1290 490 507
6507 6764 1647528 1 1310 480 537
6507 6770 1647538 1 1310 480 540
6507 6770 1647548 1 1320 480 543
6497 6756 1647558 1 1320 480 545
6487 6716 1647568 1 1320 480 566
6466 6659 1647578 1 1340 480 580
6435 6575 1647588 1 1340 480 595
6396 6450 1647598 1 1340 480 595
6340 6299 1647608 1 1340 480 603
6281 6113 1647618 1 1340 480 620
6219 5924 1647628 1 1330 480 616
6211 5789 1647638 1 1330 480 617
6241 5692 1647648 1 1330 480 622
6296 5644 1647658 1 1320 490 628
6357 5626 1647668 1 1320 490 634
6430 5626 1647678 1 1320 490 638
6511 5659 1647688 1 1300 500 641
6595 5716 1647698 1 1300 500 633
6680 5789 1647708 1 1300 500 613
6743 5882 1647718 1 1300 500 589
6790 5973 1647728 1 1300 500 546
6797 6060 1647738 1 1300 500 498
6767 6144 1647748 1 1300 500 427
6712 6210 1647758 1 1300 500 339
6627 6265 1647768 1 1300 500 217
6504 6294 1647778 1 1290 500 149
6355 6294 1647788 1 1290 500 158
6163 6270 1647798 1 1290 500 247
5997 6236 1647799 1 1300 500 322
5847 6213 1647809 1 1300 500 405
5747 6207 1647819 1 1320 490 449
5698 6207 1647829 1 1330 480 499
5684 6207 1647839 1 1320 480 505
5684 6213 1647849 1 1330 470 512
5736 6213 1647859 1 1330 470 513
5813 6221 1647869 1 1330 470 535
5927 6242 1647879 1 1340 470 539
6088 6274 1647889 1 1340 470 556
6279 6314 1647899 1 1340 470 545
6479 6357 1647909 1 1340 470 542
6664 6403 1647919 1 1340 470 512
6840 6442 1647929 1 1340 470 438
6978 6476 1647939 1 1340 470 207
7012 6114 1648019 0 1360 490 239
6914 5931 1648029 1 1370 500 287
6888 5878 1648039 1 1370 500 314
6888 5833 1648049 1 1360 500 327
6907 5805 1648059 1 1360 500 356
6935 5788 1648069 1 1360 500 376
6972 5780 1648079 1 1350 510 387
7023 5787 1648089 1 1350 510 394
7084 5804 1648099 1 1350 510 393
7151 5853 1648109 1 1350 510 396
7220 5918 1648119 1 1350 510 388
7292 5994 1648129 1 1350 510 389
7353 6066 1648139 1 1350 510 392
7406 6143 1648149 1 1350 510 396
7441 6224 1648159 1 1350 510 397
7458 6294 1648169 1 1350 510 412
7458 6350 1648179 1 1350 510 422
7458 6397 1648189 1 1350 510 443
7450 6426 1648199 1 1350 510 463
7436 6450 1648209 1 1360 510 464
7411 6464 1648219 1 1360 510 472
7371 6454 1648229 1 1360 510 475
7322 6430 1648239 1 1360 510 480
7256 6381 1648249 1 1370 510 488
7195 6317 1648259 1 1370 510 518
7141 6243 1648269 1 1370 510 546
7108 6166 1648279 1 1380 500 570
7088 6085 1648289 1 1380 500 574
7088 5997 1648299 1 1380 500 580
7111 5908 1648309 1 1380 500 586
7146 5834 1648319 1 1370 510 594
7206 5771 1648329 1 1370 510 589
7288 5744 1648339 1 1370 510 605
7384 5744 1648349 1 1360 510 602
7513 5755 1648359 1 1360 510 592
7647 5810 1648369 1 1340 510 580
7809 5900 1648379 1 1340 510 563
7988 6014 1648389 1 1350 520 560
8145 6124 1648399 1 1350 520 570
8317 6237 1648409 1 1350 520 560
8498 6362 1648419 1 1350 520 570
8655 6495 1648429 1 1350 520 560
8794 6614 1648439 1 1350 520 561
8920 6705 1648449 1 1360 520 564
9003 6778 1648459 1 1360 520 584
9049 6822 1648469 1 1360 520 594
9069 6850 1648479 1 1360 520 611
9069 6868 1648489 1 1390 520 613
9057 6890 1648499 1 1390 520 613
9028 6909 1648509 1 1400 520 602
8971 6922 1648519 1 1420 520 591
8887 6922 1648529 1 1420 520 588
8785 6907 1648539 1 1430 510 591
8683 6873 1648549 1 1440 510 597
8608 6841 1648559 1 1440 510 613
8550 6809 1648569 1 1450 510 617
8521 6774 1648579 1 1450 510 633
8504 6737 1648589 1 1450 510 645
8494 6683 1648599 1 1450 510 640
8483 6619 1648609 1 1460 500 646
8476 6536 1648619 1 1460 500 646
8471 6448 1648629 1 1450 510 649
8488 6367 1648639 1 1450 510 652
8532 6293 1648649 1 1450 510 650
8593 6239 1648659 1 1450 510 659
8688 6196 1648669 1 1440 510 668
8827 6161 1648679 1 1440 510 670
8995 6123 1648689 1 1440 510 721
9130 6064 1648699 1 1430 520 724
9240 5992 1648709 1 1430 520 730
9334 5905 1648719 1 1430 520 731
9380 5823 1648729 1 1420 530 722
9370 5744 1648739 1 1420 530 725
9322 5651 1648749 1 1430 530 736
9225 5559 1648759 1 1420 540 748
9074 5467 1648769 1 1420 540 748
8888 5353 1648779 1 1410 550 746
8653 5253 1648789 1 1410 550 742
8421 5162 1648799 1 1410 550 696
8221 5110 1648809 1 1410 550 564
