245
2003 6133 81227158 0 1330 480 34
1997 5995 81227168 1 1330 480 67
1997 5868 81227178 1 1330 480 76
1986 5703 81227188 1 1320 490 101
1975 5512 81227198 1 1320 490 93
1954 5252 81227208 1 1320 490 110
1927 4986 81227218 1 1300 500 117
1895 4708 81227228 1 1300 500 120
1869 4460 81227238 1 1290 500 137
1843 4234 81227248 1 1280 500 146
1819 3991 81227258 1 1270 510 143
1801 3771 81227268 1 1270 510 165
1786 3567 81227278 1 1260 510 177
1774 3409 81227288 1 1240 520 175
1761 3264 81227298 1 1230 520 179
1744 3129 81227308 1 1220 530 184
1725 3048 81227318 1 1210 530 200
1711 3016 81227328 1 1190 530 237
1699 3016 81227338 1 1180 540 240
1688 3051 81227348 1 1170 540 242
1679 3165 81227358 1 1170 550 244
1679 3331 81227368 1 1160 550 240
1690 3537 81227378 1 1160 550 240
1711 3790 81227388 1 1160 550 237
1748 4074 81227398 1 1160 550 239
1796 4387 81227408 1 1160 550 235
1850 4686 81227418 1 1160 550 232
1909 4976 81227428 1 1160 550 230
1978 5238 81227438 1 1170 550 221
2069 5485 81227448 1 1170 550 221
2173 5721 81227458 1 1190 540 223
2280 5902 81227468 1 1200 540 225
2392 6039 81227478 1 1220 540 223
2525 6148 81227488 1 1230 530 223
2669 6234 81227498 1 1230 520 223
2811 6290 81227508 1 1240 520 225
2954 6327 81227518 1 1260 510 223
3098 6327 81227528 1 1270 510 225
3238 6285 81227538 1 1280 500 225
3356 6214 81227548 1 1290 500 226
3458 6100 81227558 1 1280 490 226
3544 5951 81227568 1 1290 490 223
3598 5778 81227578 1 1310 480 225
3631 5614 81227588 1 1310 480 221
3623 5444 81227598 1 1320 480 225
3579 5268 81227608 1 1320 480 223
3511 5101 81227618 1 1320 480 226
3411 4938 81227628 1 1320 480 225
3280 4774 81227638 1 1310 480 221
3128 4650 81227648 1 1310 480 221
2954 4551 81227658 1 1310 480 221
2792 4470 81227668 1 1290 490 223
2639 4419 81227678 1 1290 490 223
2494 4395 81227688 1 1280 490 223
2374 4389 81227698 1 1280 490 225
2270 4401 81227708 1 1280 490 226
2184 4421 81227709 1 1270 500 228
2121 4446 81227719 1 1260 500 228
2072 4476 81227729 1 1260 500 226
2048 4506 81227739 1 1260 500 225
2048 4533 81227749 1 1250 510 226
2059 4555 81227759 1 1250 510 226
2087 4568 81227769 1 1250 510 225
2129 4568 81227779 1 1250 510 226
2180 4568 81227789 1 1250 510 228
2240 4550 81227799 1 1250 510 228
2303 4530 81227809 1 1250 510 230
2371 4488 81227819 1 1250 510 228
2445 4434 81227829 1 1250 510 232
2525 4360 81227839 1 1250 510 237
2612 4281 81227849 1 1250 510 237
2704 4194 81227859 1 1250 510 240
2795 4100 81227869 1 1250 510 247
2884 3999 81227879 1 1250 510 253
2981 3888 81227889 1 1250 510 254
3093 3772 81227899 1 1250 510 241
3214 3654 81227909 1 1250 510 242
3331 3566 81227919 1 1250 510 242
3449 3491 81227929 1 1250 510 242
3572 3424 81227939 1 1240 500 245
3697 3369 81227949 1 1240 500 242
3819 3332 81227959 1 1240 500 241
3931 3307 81227969 1 1240 500 244
4039 3300 81227979 1 1240 500 254
4144 3315 81227989 1 1230 490 254
4235 3346 81227999 1 1230 490 253
4316 3401 81228009 1 1230 490 253
4383 3476 81228019 1 1230 490 253
4440 3564 81228029 1 1230 490 251
4490 3668 81228039 1 1220 480 249
4528 3784 81228049 1 1220 480 251
4550 3908 81228059 1 1220 480 249
4562 4001 81228069 1 1220 480 251
4562 4064 81228079 1 1220 480 253
4555 4108 81228089 1 1220 480 241
4545 4130 81228099 1 1220 480 242
4536 4138 81228109 1 1220 480 244
4527 4138 81228119 1 1230 480 244
4518 4131 81228129 1 1230 480 245
4507 4101 81228139 1 1230 480 245
4494 4054 81228149 1 1230 480 249
4479 3987 81228159 1 1230 480 257
4467 3888 81228169 1 1240 480 264
4467 3767 81228179 1 1240 480 270
4472 3630 81228189 1 1240 480 282
4496 3498 81228199 1 1240 480 285
4531 3370 81228209 1 1240 480 287
4589 3237 81228219 1 1240 480 276
4667 3132 81228229 1 1230 480 277
4759 3045 81228239 1 1230 480 282
4857 2991 81228249 1 1230 480 291
4959 2969 81228259 1 1230 480 301
5071 2969 81228269 1 1230 490 314
5194 3006 81228279 1 1230 490 307
5313 3088 81228289 1 1230 490 314
5429 3200 81228299 1 1220 500 325
5532 3356 81228309 1 1220 500 329
5622 3511 81228319 1 1220 500 332
5703 3664 81228329 1 1200 500 332
5757 3822 81228339 1 1200 500 334
5778 3959 81228349 1 1200 500 334
5778 4080 81228359 1 1210 510 329
5752 4179 81228369 1 1210 510 329
5710 4248 81228379 1 1210 510 334
5656 4298 81228389 1 1210 510 332
5607 4316 81228399 1 1210 510 330
5562 4308 81228409 1 1220 500 329
5526 4284 81228410 1 1220 500 332
5499 4233 81228420 1 1220 500 329
5482 4164 81228430 1 1220 500 329
5474 4082 81228440 1 1220 500 332
5486 3989 81228450 1 1240 500 332
5510 3892 81228460 1 1240 500 334
5556 3782 81228470 1 1240 500 337
5623 3666 81228480 1 1250 500 337
5705 3564 81228490 1 1250 500 339
5810 3464 81228500 1 1250 500 342
5914 3365 81228510 1 1250 500 344
6016 3272 81228520 1 1250 500 345
6135 3197 81228530 1 1250 500 344
6256 3134 81228540 1 1260 500 345
6379 3099 81228550 1 1260 500 345
6499 3088 81228560 1 1250 510 339
6617 3088 81228570 1 1250 510 339
6742 3122 81228580 1 1250 510 335
6870 3186 81228590 1 1230 510 325
6983 3272 81228600 1 1240 520 315
7085 3409 81228610 1 1240 520 312
7209 3588 81228620 1 1240 520 310
7339 3795 81228630 1 1240 520 310
7460 4072 81228640 1 1240 520 307
7573 4374 81228650 1 1240 520 312
7674 4693 81228660 1 1240 520 297
7762 5020 81228670 1 1240 520 282
7841 5334 81228680 1 1240 520 279
7903 5640 81228690 1 1250 530 276
7933 5913 81228700 1 1250 530 287
7942 6142 81228710 1 1270 520 277
7942 6343 81228720 1 1280 520 267
7916 6499 81228730 1 1280 520 249
7878 6581 81228740 1 1290 510 226
7805 6614 81228750 1 1300 510 213
7710 6591 81228760 1 1300 510 207
7600 6507 81228770 1 1320 500 207
7488 6383 81228780 1 1320 500 208
7379 6213 81228790 1 1320 500 215
7274 5990 81228800 1 1330 500 209
7200 5731 81228810 1 1330 500 219
7145 5455 81228820 1 1330 500 233
7126 5122 81228830 1 1340 490 242
7136 4751 81228840 1 1340 490 249
7165 4425 81228850 1 1330 500 245
7231 4098 81228860 1 1330 500 257
7327 3771 81228870 1 1330 500 262
7443 3546 81228880 1 1320 500 267
7579 3380 81228890 1 1290 500 279
7751 3253 81228900 1 1280 500 277
7946 3181 81228910 1 1270 510 294
8144 3181 81228920 1 1260 510 301
8359 3226 81228930 1 1260 510 306
8575 3330 81228940 1 1240 520 314
8785 3461 81228950 1 1240 530 312
8994 3610 81228960 1 1240 530 312
9156 3790 81228970 1 1230 530 312
9286 3956 81228980 1 1230 530 316
9389 4113 81228990 1 1230 530 317
9440 4213 81229000 1 1230 530 305
9457 4259 81229010 1 1230 530 307
9457 4269 81229020 1 1230 530 310
9428 4269 81229030 1 1240 540 314
9389 4235 81229040 1 1240 540 315
9348 4185 81229050 1 1250 540 315
9310 4097 81229060 1 1250 540 324
9290 3973 81229070 1 1250 540 335
9280 3826 81229080 1 1270 530 339
9295 3660 81229090 1 1270 530 342
9338 3535 81229100 1 1270 530 334
9400 3438 81229110 1 1270 530 334
9473 3375 81229120 1 1270 530 336
9561 3347 81229130 1 1270 530 343
9660 3347 81229140 1 1240 530 346
9775 3378 81229150 1 1240 530 348
9895 3444 81229160 1 1240 530 348
10024 3532 81229170 1 1230 530 346
10128 3626 81229180 1 1230 530 348
10215 3719 81229190 1 1230 530 344
10286 3811 81229200 1 1230 530 344
10341 3858 81229210 1 1230 530 344
10386 3876 81229220 1 1230 530 344
10431 3867 81229230 1 1230 530 349
10477 3817 81229240 1 1220 540 351
10526 3741 81229250 1 1220 540 358
10580 3639 81229260 1 1220 540 363
10644 3533 81229270 1 1220 540 373
10724 3422 81229280 1 1220 540 367
10813 3331 81229290 1 1220 540 376
10924 3252 81229300 1 1220 540 387
11043 3202 81229310 1 1220 540 393
11168 3177 81229320 1 1200 540 394
11291 3168 81229330 1 1200 540 398
11426 3184 81229340 1 1200 540 396
11570 3222 81229350 1 1200 540 398
11698 3274 81229360 1 1180 540 396
11823 3336 81229370 1 1180 540 394
11946 3397 81229380 1 1180 540 368
12076 3440 81229390 1 1170 540 270
10425 4596 81229712 0 1180 460 58
10425 4596 81229722 1 1190 470 67
10455 4580 81229732 1 1180 480 53
10474 4566 81229742 1 1190 480 75
10502 4544 81229752 1 1190 490 103
10545 4519 81229762 1 1200 500 93
10604 4494 81229772 1 1200 510 103
10674 4468 81229782 1 1200 510 105
10752 4439 81229792 1 1210 520 98
10826 4404 81229802 1 1210 520 66
9132 4658 81230002 0 1240 490 171
8984 4725 81230012 1 1240 490 178
8937 4777 81230022 1 1230 480 178
8914 4807 81230032 1 1230 480 176
8935 4800 81230042 1 1230 480 180
8979 4776 81230052 1 1230 480 180
9038 4739 81230062 1 1230 480 181
9115 4700 81230072 1 1230 490 181
9210 4658 81230082 1 1230 490 122
