194
3719 5511 1672044 0 1400 380 280
3719 5511 1672054 1 1400 390 307
3719 5511 1672064 1 1390 400 307
3736 5593 1672074 1 1390 410 307
3783 5621 1672084 1 1390 420 311
3849 5690 1672094 1 1390 420 316
3941 5784 1672104 1 1390 430 324
3984 5894 1672114 1 1400 430 346
3995 5995 1672124 1 1390 440 371
4015 6079 1672134 1 1390 450 374
4015 6153 1672144 1 1400 460 381
4010 6222 1672154 1 1400 460 384
3991 6275 1672164 1 1410 460 386
3951 6318 1672174 1 1430 460 367
3898 6329 1672184 1 1430 460 363
3817 6291 1672194 1 1440 470 361
3699 6221 1672204 1 1440 470 359
3556 6087 1672214 1 1450 470 364
3425 5913 1672224 1 1450 470 373
3325 5712 1672234 1 1450 470 374
3245 5560 1672244 1 1450 470 382
3220 5445 1672254 1 1450 470 382
3232 5354 1672264 1 1450 470 394
3268 5330 1672274 1 1450 470 441
3343 5354 1672284 1 1450 470 440
3472 5410 1672294 1 1440 480 439
3637 5528 1672304 1 1440 480 441
3814 5656 1672314 1 1430 480 431
3970 5792 1672324 1 1430 480 422
4086 5934 1672334 1 1430 480 415
4183 6033 1672344 1 1430 480 414
4216 6104 1672354 1 1430 480 415
4216 6131 1672364 1 1430 480 418
4195 6136 1672374 1 1430 480 397
4144 6127 1672384 1 1430 480 394
4080 6086 1672394 1 1430 480 397
4007 6039 1672404 1 1430 480 394
3969 5987 1672414 1 1430 480 391
3961 5949 1672424 1 1430 480 389
3974 5908 1672434 1 1440 470 388
3998 5860 1672444 1 1440 470 389
4023 5795 1672454 1 1440 470 389
4046 5719 1672464 1 1440 470 394
4055 5612 1672474 1 1450 470 396
4055 5461 1672484 1 1450 470 396
4042 5280 1672494 1 1440 480 400
4005 5086 1672504 1 1440 480 404
3954 4874 1672514 1 1440 480 402
3892 4651 1672524 1 1430 490 413
3814 4436 1672534 1 1420 480 412
3724 4220 1672544 1 1420 480 407
3590 4008 1672554 1 1410 490 410
3432 3798 1672564 1 1410 490 410
3258 3639 1672574 1 1400 500 413
3031 3540 1672584 1 1400 500 423
2833 3480 1672594 1 1380 500 456
2653 3498 1672604 1 1370 510 478
2524 3581 1672614 1 1370 510 471
2465 3707 1672624 1 1360 510 430
2452 3924 1672634 1 1360 510 376
2509 4174 1672645 1 1360 510 314
2613 4446 1672655 1 1360 510 252
2749 4651 1672665 1 1360 510 95
4999 5351 1673246 0 1410 440 213
5141 5365 1673256 1 1410 440 244
5162 5425 1673266 1 1410 450 275
5151 5470 1673276 1 1420 450 277
5189 5514 1673286 1 1420 450 309
5237 5575 1673296 1 1430 460 339
5291 5648 1673306 1 1430 460 387
5321 5713 1673316 1 1440 470 399
5333 5779 1673326 1 1440 470 407
5333 5844 1673336 1 1450 470 405
5319 5908 1673346 1 1450 470 399
5282 5947 1673356 1 1460 480 376
5230 5971 1673366 1 1460 480 363
5151 5950 1673376 1 1470 480 356
5041 5863 1673386 1 1460 490 356
4909 5731 1673396 1 1460 490 363
4778 5587 1673406 1 1460 490 374
4678 5430 1673416 1 1460 490 396
4599 5264 1673426 1 1460 490 388
4580 5171 1673436 1 1460 490 391
4599 5128 1673446 1 1460 490 400
4644 5119 1673456 1 1450 480 407
4753 5146 1673466 1 1460 480 396
4882 5219 1673476 1 1460 480 371
5023 5322 1673486 1 1460 480 349
5150 5447 1673496 1 1450 480 348
5245 5542 1673506 1 1450 480 349
5319 5617 1673516 1 1450 480 361
5341 5642 1673526 1 1450 480 369
5341 5642 1673536 1 1440 480 398
5326 5619 1673546 1 1450 480 420
5280 5550 1673556 1 1450 480 442
5221 5445 1673566 1 1450 480 460
5152 5315 1673576 1 1450 480 468
5123 5218 1673586 1 1460 490 477
5128 5163 1673596 1 1460 490 495
5155 5137 1673606 1 1460 490 517
5155 5137 1673616 1 1460 490 527
5318 5163 1673626 1 1460 490 535
5439 5225 1673636 1 1460 490 535
5585 5351 1673646 1 1460 490 533
5746 5510 1673656 1 1460 490 524
5917 5690 1673666 1 1460 490 502
6066 5896 1673676 1 1470 490 465
6220 6115 1673686 1 1470 490 448
6380 6342 1673696 1 1470 490 431
6500 6563 1673706 1 1480 480 433
6593 6697 1673716 1 1490 490 431
6625 6772 1673726 1 1490 490 438
6625 6785 1673736 1 1490 490 417
6608 6773 1673746 1 1500 480 423
6558 6744 1673756 1 1510 480 423
6483 6681 1673766 1 1510 480 423
6391 6586 1673776 1 1510 480 425
6314 6471 1673786 1 1530 490 415
6242 6327 1673796 1 1530 480 415
6184 6158 1673806 1 1530 480 414
6133 5972 1673816 1 1550 480 423
6089 5747 1673826 1 1550 470 417
6049 5564 1673836 1 1550 470 422
6043 5408 1673846 1 1550 480 431
6058 5298 1673856 1 1550 480 440
6098 5236 1673866 1 1530 480 467
6162 5205 1673876 1 1530 480 491
6242 5205 1673886 1 1530 490 502
6356 5238 1673896 1 1530 490 499
6491 5300 1673906 1 1530 490 491
6639 5404 1673916 1 1520 490 450
6790 5508 1673926 1 1520 490 384
6902 5613 1673936 1 1530 500 249
5700 5771 1674127 0 1520 460 334
5791 5778 1674137 1 1520 460 372
5830 5826 1674147 1 1530 460 381
5865 5851 1674157 1 1530 460 386
5982 5886 1674167 1 1540 450 393
6104 5929 1674177 1 1540 450 393
6254 5988 1674187 1 1540 450 363
6421 6030 1674197 1 1550 450 221
6664 5625 1674407 0 1520 480 146
6606 5527 1674417 1 1520 480 348
6592 5508 1674427 1 1520 480 344
6605 5508 1674437 1 1520 480 349
6636 5503 1674447 1 1510 480 353
6715 5522 1674457 1 1510 480 356
6815 5557 1674467 1 1510 480 356
6929 5612 1674477 1 1510 480 359
7021 5679 1674487 1 1510 490 363
7112 5753 1674497 1 1520 490 364
7203 5830 1674507 1 1520 490 364
7218 5908 1674517 1 1520 490 358
7233 5987 1674527 1 1530 500 356
7217 6039 1674537 1 1530 500 346
7179 6052 1674547 1 1530 500 338
7109 6038 1674557 1 1540 500 343
7022 5971 1674567 1 1540 500 344
6923 5875 1674577 1 1550 490 358
6846 5760 1674587 1 1550 490 362
6803 5667 1674597 1 1550 490 379
6783 5584 1674607 1 1560 480 398
6803 5507 1674617 1 1560 480 420
6861 5461 1674627 1 1560 480 472
6944 5447 1674637 1 1560 480 501
7060 5454 1674647 1 1560 480 510
7219 5504 1674657 1 1560 480 512
7406 5579 1674667 1 1550 490 502
7588 5672 1674677 1 1550 490 488
7759 5764 1674687 1 1550 490 469
7923 5865 1674697 1 1550 490 448
8034 5972 1674707 1 1550 490 442
8112 6061 1674717 1 1540 500 440
8168 6123 1674727 1 1540 500 439
8193 6168 1674737 1 1550 500 441
8179 6168 1674747 1 1550 500 440
8138 6133 1674757 1 1550 500 444
8040 6079 1674767 1 1570 510 443
7933 5993 1674777 1 1570 510 458
7820 5917 1674787 1 1570 500 461
7780 5848 1674797 1 1570 500 463
7800 5801 1674807 1 1570 500 468
7861 5781 1674817 1 1570 500 464
8012 5781 1674827 1 1590 500 465
8200 5804 1674837 1 1590 500 465
8413 5817 1674847 1 1590 500 473
8612 5823 1674857 1 1590 500 488
8729 5791 1674867 1 1590 500 509
8791 5739 1674877 1 1580 510 551
8762 5675 1674887 1 1580 510 577
8634 5588 1674897 1 1570 520 588
8440 5487 1674907 1 1570 520 594
8201 5378 1674917 1 1560 530 545
7995 5280 1674927 1 1560 530 312
