227
5311 5133 1327258 0 1410 520 206
5400 5190 1327268 1 1410 520 272
5363 5204 1327278 1 1410 520 265
5381 5225 1327288 1 1400 520 262
5436 5242 1327298 1 1400 520 265
5519 5285 1327308 1 1390 520 284
5616 5347 1327318 1 1390 520 307
5722 5412 1327328 1 1400 530 324
5826 5471 1327338 1 1400 530 340
5896 5510 1327348 1 1400 530 334
5944 5539 1327358 1 1410 530 334
5978 5557 1327368 1 1410 530 334
6002 5572 1327378 1 1420 540 329
6018 5580 1327388 1 1420 540 287
6018 5585 1327398 1 1420 540 219
5637 6254 1327588 0 1480 500 68
5637 6254 1327598 1 1480 500 94
5637 6254 1327608 1 1480 500 101
5637 6254 1327618 1 1480 500 81
5637 6254 1327628 1 1480 500 81
5637 6254 1327638 1 1480 500 80
5637 6254 1327648 1 1480 500 91
5637 6254 1327658 1 1470 490 96
5637 6254 1327668 1 1470 490 127
5634 6133 1327678 1 1470 490 149
5634 6028 1327688 1 1470 490 175
5639 5884 1327698 1 1470 490 178
5653 5715 1327708 1 1470 490 202
5668 5538 1327718 1 1460 500 218
5686 5325 1327728 1 1460 500 212
5711 5087 1327738 1 1460 500 230
5744 4827 1327748 1 1450 510 251
5784 4583 1327758 1 1450 510 267
5829 4349 1327768 1 1440 510 273
5853 4082 1327778 1 1460 520 289
5863 3848 1327788 1 1450 530 306
5863 3636 1327798 1 1430 530 314
5863 3510 1327808 1 1420 540 329
5863 3423 1327818 1 1430 550 329
5869 3362 1327828 1 1410 560 332
5875 3319 1327838 1 1400 560 325
5875 3298 1327848 1 1400 580 322
5875 3291 1327858 1 1390 580 279
5867 3291 1327868 1 1380 590 136
5621 4796 1328059 0 1400 550 3
5621 4796 1328069 1 1410 550 29
5564 4652 1328079 1 1410 550 55
5538 4556 1328089 1 1410 550 101
5506 4451 1328099 1 1400 540 146
5465 4335 1328109 1 1400 540 187
5417 4227 1328119 1 1390 550 208
5363 4124 1328129 1 1390 550 239
5314 4041 1328139 1 1390 550 242
5274 3982 1328149 1 1380 550 244
5254 3939 1328159 1 1380 550 214
5245 3914 1328169 1 1380 550 125
5717 4674 1328340 0 1400 540 139
5717 4674 1328350 1 1400 540 172
5801 4674 1328360 1 1410 550 195
5859 4628 1328370 1 1410 550 249
5944 4551 1328380 1 1410 550 277
6047 4506 1328390 1 1400 550 307
6118 4443 1328400 1 1400 550 317
6201 4369 1328410 1 1410 560 316
6292 4309 1328420 1 1400 560 297
6370 4271 1328430 1 1400 560 208
6530 4576 1328830 0 1440 570 18
6530 4576 1328840 1 1430 570 101
6530 4576 1328850 1 1430 570 110
6530 4576 1328860 1 1430 570 134
6530 4576 1328870 1 1430 570 185
6530 4576 1328880 1 1420 580 240
6530 4576 1328890 1 1420 580 262
6530 4576 1328900 1 1400 580 280
6530 4576 1328910 1 1400 580 277
6580 4670 1328920 1 1400 580 287
6647 4708 1328930 1 1400 580 297
6743 4759 1328940 1 1420 580 314
6851 4818 1328950 1 1420 580 317
6967 4873 1328960 1 1420 580 317
7046 4914 1328970 1 1420 580 304
7101 4946 1328980 1 1430 590 304
7139 4965 1328990 1 1430 590 309
7164 4981 1329000 1 1440 580 279
7176 4994 1329010 1 1460 580 170
6768 5803 1329431 0 1470 550 39
6786 5723 1329441 1 1470 550 91
6800 5661 1329451 1 1470 550 153
6820 5544 1329461 1 1470 550 203
6845 5350 1329471 1 1470 550 220
6871 5104 1329481 1 1470 550 215
6898 4810 1329491 1 1460 550 207
6926 4544 1329501 1 1480 560 178
6956 4298 1329511 1 1470 560 187
6991 4090 1329521 1 1470 560 186
7019 3936 1329531 1 1460 570 187
7042 3817 1329541 1 1470 580 173
7054 3733 1329551 1 1460 580 183
7060 3685 1329561 1 1450 590 188
7060 3661 1329571 1 1450 590 185
7060 3648 1329581 1 1450 600 139
6906 4765 1329762 0 1430 590 58
6906 4765 1329772 1 1430 590 71
6906 4765 1329782 1 1440 580 103
6839 4631 1329792 1 1440 580 127
6812 4546 1329802 1 1440 580 184
6776 4452 1329812 1 1440 580 218
6732 4354 1329822 1 1440 580 250
6683 4256 1329832 1 1430 590 277
6632 4168 1329842 1 1430 590 279
6594 4088 1329852 1 1430 590 274
6564 4035 1329862 1 1430 590 220
6554 4007 1329872 1 1420 590 41
6841 4503 1330002 0 1440 580 136
6841 4503 1330012 1 1440 580 160
6841 4503 1330022 1 1440 580 217
6961 4521 1330032 1 1440 580 296
7036 4488 1330042 1 1460 580 369
7129 4447 1330052 1 1460 580 430
7193 4397 1330062 1 1450 590 465
7282 4349 1330072 1 1450 590 475
7388 4304 1330082 1 1460 600 478
7477 4266 1330092 1 1460 600 448
7559 4236 1330102 1 1460 600 345
8257 5169 1331584 0 1460 530 305
8310 5178 1331594 1 1460 530 324
8269 5194 1331604 1 1460 530 314
8274 5185 1331614 1 1470 530 315
8310 5138 1331624 1 1470 530 315
8345 5090 1331634 1 1470 530 315
8379 5041 1331644 1 1480 540 315
8409 4995 1331654 1 1480 540 284
8435 4948 1331664 1 1470 550 149
8231 4176 1331835 0 1470 560 273
8231 4176 1331845 1 1470 560 287
8231 4176 1331855 1 1470 560 286
8231 4176 1331865 1 1470 560 281
8345 4268 1331875 1 1470 560 279
8436 4346 1331885 1 1460 570 269
8539 4432 1331895 1 1460 570 110
8864 5087 1332345 0 1520 560 146
8864 5087 1332355 1 1520 560 172
8864 5087 1332365 1 1520 560 177
8864 5087 1332375 1 1520 560 177
8864 5087 1332385 1 1520 560 184
8864 5087 1332395 1 1520 560 211
8864 5087 1332405 1 1500 550 277
8922 4983 1332415 1 1500 550 310
8937 4849 1332425 1 1500 550 339
8951 4694 1332435 1 1500 550 341
8963 4524 1332445 1 1510 560 341
8993 4373 1332455 1 1510 560 336
9026 4256 1332465 1 1510 560 330
9068 4162 1332475 1 1510 560 269
9109 4118 1332485 1 1510 580 78
9159 4947 1332826 0 1520 570 67
9159 4947 1332836 1 1540 570 71
9159 4947 1332846 1 1540 570 75
9159 4947 1332856 1 1540 570 78
9159 4947 1332866 1 1540 570 107
9159 4947 1332876 1 1550 580 153
9159 4947 1332886 1 1550 580 180
9159 4947 1332896 1 1550 580 213
9233 5035 1332906 1 1550 580 225
9265 5052 1332916 1 1550 580 239
9307 5071 1332926 1 1570 580 247
9364 5091 1332936 1 1570 580 242
9439 5112 1332946 1 1570 580 250
9527 5132 1332956 1 1570 580 274
9621 5153 1332966 1 1570 580 287
9717 5174 1332976 1 1570 580 304
9813 5193 1332986 1 1570 580 340
9911 5212 1332996 1 1570 580 349
9998 5225 1333006 1 1570 580 366
10079 5236 1333016 1 1570 580 369
10145 5242 1333026 1 1570 580 374
10207 5242 1333036 1 1570 580 376
10266 5242 1333046 1 1560 590 377
10314 5226 1333056 1 1570 590 374
10350 5209 1333066 1 1570 590 382
10379 5184 1333076 1 1570 590 384
10397 5151 1333086 1 1570 590 394
10397 5111 1333096 1 1570 590 391
10397 5062 1333106 1 1570 590 402
10382 5006 1333116 1 1570 590 404
10364 4944 1333126 1 1590 590 402
10343 4868 1333136 1 1580 600 400
10314 4782 1333146 1 1580 600 399
10276 4700 1333156 1 1580 600 396
10233 4617 1333166 1 1580 600 388
10176 4532 1333176 1 1580 600 381
10105 4446 1333186 1 1580 600 362
10024 4371 1333196 1 1570 610 337
9931 4304 1333206 1 1570 610 180
9394 4239 1334168 0 1520 600 122
9394 4239 1334178 1 1510 610 165
9394 4239 1334188 1 1510 610 175
9394 4239 1334198 1 1510 610 188
9394 4239 1334208 1 1510 610 251
9394 4239 1334218 1 1510 610 273
9394 4239 1334228 1 1510 610 317
9474 4302 1334238 1 1510 610 335
9524 4330 1334248 1 1510 610 339
9590 4365 1334258 1 1510 610 346
9660 4397 1334268 1 1510 610 341
9725 4424 1334278 1 1510 610 305
9785 4442 1334288 1 1510 610 240
9831 4454 1334298 1 1510 610 70
9491 5670 1334799 0 1580 550 73
9512 5502 1334809 1 1580 550 132
9529 5352 1334819 1 1570 560 184
9547 5151 1334829 1 1570 560 178
9566 4915 1334839 1 1570 560 180
9573 4637 1334849 1 1560 570 180
9573 4387 1334859 1 1560 570 183
9573 4156 1334869 1 1570 580 195
9573 3929 1334879 1 1570 580 221
9564 3697 1334889 1 1560 590 250
9559 3484 1334899 1 1550 600 280
9554 3285 1334909 1 1540 600 287
9554 3076 1334919 1 1540 600 292
9560 2912 1334929 1 1530 610 299
9572 2778 1334939 1 1530 610 299
9584 2668 1334949 1 1520 620 301
9594 2592 1334959 1 1510 630 282
9600 2540 1334969 1 1500 640 246
9600 2506 1334979 1 1500 640 51
