492
3945 6170 1453930 0 1260 470 53
3945 6170 1453940 1 1260 470 141
3945 6170 1453950 1 1260 470 148
3945 6170 1453960 1 1260 470 193
3945 6170 1453970 1 1260 460 322
3945 6170 1453980 1 1260 460 399
3945 6170 1453990 1 1260 460 417
3945 6170 1454000 1 1270 460 446
3945 6170 1454010 1 1270 460 455
3945 6170 1454020 1 1270 460 468
3945 6170 1454030 1 1300 470 470
3945 6170 1454040 1 1300 470 477
3945 6170 1454050 1 1300 470 475
3867 6180 1454060 1 1310 470 470
3827 6157 1454070 1 1310 470 470
3775 6125 1454080 1 1310 470 472
3716 6087 1454090 1 1310 470 473
3650 6047 1454100 1 1300 470 473
3589 6007 1454110 1 1300 470 475
3538 5968 1454120 1 1300 470 464
3491 5935 1454130 1 1310 460 452
3460 5905 1454140 1 1310 460 431
3439 5886 1454150 1 1310 460 409
3431 5868 1454160 1 1310 460 386
3426 5851 1454170 1 1310 460 361
3426 5831 1454180 1 1300 470 364
3426 5811 1454190 1 1290 460 361
3426 5787 1454200 1 1290 460 359
3426 5758 1454210 1 1270 460 282
2536 4199 1454391 0 1150 480 106
2431 4073 1454401 1 1150 480 96
2395 4039 1454411 1 1150 480 103
2376 3995 1454421 1 1140 480 101
2369 3981 1454431 1 1140 480 96
2369 3971 1454441 1 1140 480 98
2378 3964 1454451 1 1140 480 96
2387 3959 1454461 1 1140 480 101
2396 3959 1454471 1 1140 480 103
2407 3959 1454481 1 1140 480 105
2420 3959 1454491 1 1150 490 120
2437 3959 1454501 1 1150 490 143
2459 3959 1454511 1 1150 490 176
2486 3959 1454521 1 1150 490 214
2523 3959 1454531 1 1150 490 244
2586 3972 1454541 1 1150 490 277
2665 3999 1454551 1 1150 490 294
2771 4060 1454561 1 1150 490 332
2920 4158 1454571 1 1150 490 343
3098 4282 1454581 1 1140 500 364
3299 4405 1454591 1 1140 500 369
3490 4519 1454601 1 1140 500 371
3673 4616 1454611 1 1150 500 373
3835 4704 1454621 1 1150 500 361
3967 4792 1454631 1 1150 500 362
4080 4878 1454641 1 1150 500 351
4197 4957 1454651 1 1150 500 286
4281 5026 1454661 1 1160 500 206
4343 5087 1454671 1 1160 500 106
4340 5688 1454841 0 1190 480 32
4340 5688 1454851 1 1190 480 63
4340 5688 1454861 1 1180 480 130
4340 5688 1454871 1 1180 480 170
4295 5771 1454881 1 1180 480 209
4265 5780 1454891 1 1190 470 272
4225 5780 1454901 1 1190 470 292
4177 5780 1454911 1 1190 470 317
4119 5766 1454921 1 1190 470 317
4063 5745 1454931 1 1190 470 334
4011 5719 1454941 1 1190 470 341
3963 5686 1454951 1 1190 470 354
3920 5648 1454961 1 1190 470 363
3879 5602 1454971 1 1190 470 367
3843 5551 1454981 1 1190 470 386
3811 5494 1454991 1 1190 470 394
3787 5433 1455001 1 1200 480 398
3773 5358 1455012 1 1200 480 396
3768 5273 1455022 1 1200 480 388
3768 5197 1455032 1 1200 480 388
3785 5133 1455042 1 1200 480 399
3808 5076 1455052 1 1200 480 389
3844 5032 1455062 1 1200 480 399
3887 4986 1455072 1 1210 490 394
3942 4940 1455082 1 1210 490 392
3999 4877 1455092 1 1210 490 392
4059 4794 1455102 1 1210 490 396
4122 4698 1455112 1 1190 490 400
4184 4603 1455122 1 1190 490 405
4237 4501 1455132 1 1190 490 404
4282 4387 1455142 1 1180 490 405
4325 4275 1455152 1 1180 490 409
4361 4167 1455162 1 1180 490 415
4391 4065 1455172 1 1180 490 415
4413 3962 1455182 1 1180 490 430
4423 3869 1455192 1 1180 490 449
4423 3772 1455202 1 1170 500 447
4410 3673 1455212 1 1170 500 456
4387 3611 1455222 1 1160 500 465
4357 3566 1455232 1 1150 500 469
4318 3533 1455242 1 1130 510 473
4269 3518 1455252 1 1130 510 472
4212 3523 1455262 1 1120 510 486
4149 3541 1455272 1 1100 500 485
4089 3584 1455282 1 1100 500 483
4044 3647 1455292 1 1100 500 486
4007 3724 1455302 1 1100 500 478
3980 3813 1455312 1 1100 500 477
3956 3897 1455322 1 1100 500 477
3940 3962 1455332 1 1100 500 477
3931 4015 1455342 1 1100 500 472
3938 4059 1455352 1 1100 500 473
3956 4102 1455362 1 1100 500 468
3996 4146 1455372 1 1100 500 473
4060 4180 1455382 1 1100 500 452
4140 4206 1455392 1 1110 500 441
4225 4252 1455402 1 1110 500 425
4292 4246 1455412 1 1110 500 420
4347 4206 1455422 1 1130 500 423
4385 4158 1455432 1 1130 500 427
4405 4090 1455442 1 1140 500 425
4414 4010 1455452 1 1140 500 428
4400 3909 1455462 1 1140 500 433
4376 3788 1455472 1 1150 490 441
4346 3655 1455482 1 1140 500 449
4319 3553 1455492 1 1140 500 442
4297 3463 1455502 1 1140 500 445
4290 3380 1455512 1 1130 500 450
4290 3307 1455522 1 1130 500 452
4300 3241 1455532 1 1130 500 450
4313 3179 1455542 1 1110 500 453
4332 3118 1455552 1 1110 500 455
4355 3064 1455562 1 1110 500 453
4381 3016 1455572 1 1100 500 463
4413 2977 1455582 1 1100 500 473
4460 2955 1455592 1 1110 510 467
4518 2944 1455602 1 1100 510 477
4594 2944 1455612 1 1100 510 478
4689 2953 1455622 1 1100 510 485
4796 2961 1455632 1 1100 510 491
4894 2961 1455642 1 1080 520 493
4996 2949 1455652 1 1090 520 495
5105 2933 1455662 1 1090 520 520
5223 2913 1455672 1 1090 520 564
5346 2886 1455682 1 1090 520 565
5468 2876 1455692 1 1100 530 567
5592 2876 1455702 1 1100 530 550
5719 2903 1455712 1 1100 530 535
5851 2968 1455722 1 1100 530 532
5965 3059 1455732 1 1100 540 521
6067 3193 1455742 1 1090 550 505
6169 3352 1455752 1 1090 550 474
6258 3527 1455762 1 1090 550 405
6339 3697 1455772 1 1090 550 269
6395 3859 1455782 1 1100 550 1
5683 5399 1456223 0 1220 480 1
5683 5399 1456233 1 1220 480 32
5595 5350 1456243 1 1220 480 58
5585 5333 1456253 1 1220 480 90
5585 5333 1456263 1 1220 480 149
5585 5333 1456273 1 1220 480 148
5585 5333 1456283 1 1220 480 151
5585 5333 1456293 1 1210 480 158
5585 5333 1456303 1 1210 480 160
5646 5441 1456313 1 1210 480 163
5699 5501 1456323 1 1210 480 163
5758 5565 1456333 1 1210 480 170
5823 5633 1456343 1 1210 480 180
5888 5695 1456353 1 1210 480 181
5950 5751 1456363 1 1210 480 190
6013 5796 1456373 1 1220 480 193
6065 5829 1456383 1 1220 480 205
6110 5853 1456393 1 1220 480 220
6144 5862 1456403 1 1230 480 221
6171 5862 1456413 1 1240 480 239
6194 5862 1456423 1 1250 480 242
6210 5854 1456433 1 1260 480 242
6223 5844 1456443 1 1260 480 259
6235 5829 1456453 1 1270 480 284
6243 5806 1456463 1 1270 480 302
6243 5778 1456473 1 1280 480 324
6243 5743 1456483 1 1280 480 333
6231 5697 1456493 1 1280 480 359
6212 5642 1456503 1 1280 480 377
6192 5583 1456513 1 1280 480 398
6176 5524 1456523 1 1280 480 391
6162 5467 1456533 1 1280 480 396
6153 5411 1456543 1 1270 490 407
6145 5354 1456553 1 1270 490 415
6139 5302 1456563 1 1270 490 415
6139 5254 1456573 1 1260 490 428
6139 5206 1456583 1 1260 490 440
6139 5161 1456593 1 1250 500 440
6139 5117 1456603 1 1250 500 453
6150 5076 1456613 1 1250 500 461
6165 5037 1456623 1 1250 500 461
6190 4999 1456633 1 1250 500 468
6223 4969 1456643 1 1250 500 467
6267 4943 1456653 1 1250 500 472
6318 4919 1456663 1 1250 500 480
6373 4898 1456673 1 1250 500 480
6428 4875 1456683 1 1250 500 483
6483 4847 1456693 1 1250 500 488
6528 4804 1456703 1 1250 500 490
6567 4752 1456713 1 1240 500 488
6604 4701 1456723 1 1240 500 492
6630 4644 1456733 1 1240 500 504
6648 4578 1456743 1 1240 500 519
6663 4505 1456753 1 1220 500 515
6673 4407 1456763 1 1220 500 532
6680 4292 1456773 1 1220 500 537
6680 4159 1456783 1 1210 510 538
6680 4032 1456793 1 1210 510 548
6680 3908 1456803 1 1210 510 556
6680 3781 1456813 1 1200 510 562
6680 3680 1456823 1 1210 520 570
6672 3596 1456833 1 1200 520 581
6663 3527 1456843 1 1180 530 588
6650 3465 1456853 1 1170 530 600
6634 3407 1456863 1 1160 530 613
6607 3351 1456873 1 1160 530 611
6573 3307 1456883 1 1140 530 622
6534 3270 1456893 1 1140 530 634
6496 3258 1456903 1 1130 540 627
6455 3280 1456913 1 1130 540 620
6412 3326 1456923 1 1120 540 603
6363 3418 1456933 1 1120 540 595
6316 3534 1456934 1 1100 540 586
6277 3666 1456944 1 1100 540 583
6248 3819 1456954 1 1100 540 586
6248 3957 1456964 1 1100 540 584
6255 4084 1456974 1 1100 540 584
6292 4222 1456984 1 1100 540 583
6347 4373 1456994 1 1100 540 572
6413 4533 1457004 1 1100 540 568
6494 4695 1457014 1 1120 540 550
6590 4870 1457024 1 1130 540 539
6697 5054 1457034 1 1130 540 535
6811 5210 1457044 1 1140 530 510
6904 5355 1457054 1 1160 530 456
6982 5493 1457064 1 1170 530 400
7036 5597 1457074 1 1180 530 373
7064 5671 1457084 1 1180 530 329
7075 5726 1457094 1 1200 520 282
7064 5770 1457104 1 1220 530 195
7041 5812 1457114 1 1230 520 161
7011 5847 1457124 1 1230 520 160
6994 5878 1457134 1 1240 520 165
6981 5912 1457144 1 1270 520 180
6974 5931 1457154 1 1280 520 209
6974 5937 1457164 1 1290 510 257
6974 5956 1457174 1 1300 510 314
6982 5992 1457184 1 1330 510 356
7014 6040 1457194 1 1330 510 393
7060 6105 1457204 1 1340 500 413
7128 6171 1457214 1 1340 500 452
7219 6238 1457224 1 1350 500 470
7324 6302 1457234 1 1350 500 490
7448 6363 1457244 1 1360 490 501
7576 6418 1457254 1 1360 490 514
7714 6472 1457264 1 1360 490 522
7854 6519 1457274 1 1380 490 513
7994 6547 1457284 1 1380 490 516
8097 6562 1457294 1 1380 490 515
8181 6562 1457304 1 1380 490 512
8252 6562 1457314 1 1370 500 516
8296 6545 1457324 1 1370 500 513
8317 6523 1457334 1 1380 500 515
8323 6491 1457344 1 1380 500 513
8299 6440 1457354 1 1380 500 515
8250 6376 1457364 1 1380 500 516
8185 6300 1457374 1 1380 500 516
8111 6221 1457384 1 1380 500 518
8035 6138 1457394 1 1380 500 521
7958 6050 1457404 1 1380 500 519
7888 5963 1457414 1 1400 510 522
7818 5878 1457424 1 1400 510 521
7772 5797 1457434 1 1380 510 526
7742 5740 1457444 1 1380 510 527
7726 5699 1457454 1 1370 510 526
7716 5663 1457464 1 1360 510 526
7716 5635 1457474 1 1360 510 532
7727 5612 1457484 1 1360 510 538
7745 5595 1457494 1 1340 510 536
7778 5581 1457504 1 1340 510 551
7820 5569 1457514 1 1340 510 561
7874 5562 1457524 1 1330 520 565
7927 5554 1457534 1 1330 520 567
7980 5544 1457544 1 1330 520 568
8033 5530 1457554 1 1310 520 567
8080 5505 1457564 1 1310 520 568
8123 5475 1457574 1 1310 540 565
8148 5438 1457584 1 1310 540 567
8155 5382 1457595 1 1300 540 565
8155 5382 1457605 1 1300 540 568
8124 5231 1457615 1 1310 550 565
8081 5144 1457625 1 1310 550 568
8027 5055 1457635 1 1310 550 567
7978 4967 1457645 1 1310 550 565
7936 4882 1457655 1 1320 550 567
7908 4804 1457665 1 1320 550 565
7888 4732 1457675 1 1320 550 567
7875 4670 1457685 1 1320 550 570
7865 4617 1457695 1 1310 560 570
7875 4569 1457705 1 1310 560 560
7897 4530 1457715 1 1310 560 561
7946 4500 1457725 1 1310 560 564
7999 4475 1457735 1 1300 560 570
8071 4459 1457745 1 1300 560 580
8154 4447 1457755 1 1300 560 588
8238 4438 1457765 1 1280 570 591
8323 4438 1457775 1 1280 570 589
8398 4449 1457785 1 1280 570 591
8465 4466 1457795 1 1270 570 591
8500 4479 1457805 1 1270 570 595
8510 4487 1457815 1 1270 570 592
8502 4487 1457825 1 1260 580 595
8480 4474 1457835 1 1260 580 597
8445 4432 1457845 1 1240 570 603
8401 4370 1457855 1 1240 570 605
8353 4282 1457865 1 1240 570 616
8306 4191 1457875 1 1240 570 610
8264 4094 1457885 1 1240 570 613
8227 3993 1457895 1 1240 570 616
8198 3886 1457905 1 1230 560 616
8176 3777 1457915 1 1230 560 611
8165 3669 1457925 1 1230 560 617
8165 3580 1457935 1 1230 560 617
8181 3502 1457945 1 1230 560 625
8203 3424 1457955 1 1230 560 633
8239 3346 1457965 1 1230 560 643
8283 3256 1457975 1 1230 560 659
8348 3157 1457985 1 1230 560 673
8412 3065 1457995 1 1220 570 667
8474 2972 1458005 1 1220 570 664
8544 2866 1458015 1 1220 570 669
8595 2751 1458025 1 1200 570 672
8633 2681 1458035 1 1210 580 673
8658 2621 1458036 1 1210 580 673
8658 2621 1458046 1 1200 580 673
8677 2529 1458056 1 1200 580 678
8668 2497 1458066 1 1180 590 679
8641 2471 1458076 1 1180 590 679
8602 2447 1458086 1 1180 590 684
8555 2425 1458096 1 1180 590 684
8499 2407 1458106 1 1170 590 687
8436 2390 1458116 1 1170 590 687
8372 2378 1458126 1 1170 590 687
8308 2370 1458136 1 1170 590 687
8244 2364 1458146 1 1170 590 685
8188 2369 1458156 1 1150 600 684
8134 2383 1458166 1 1150 600 675
8082 2404 1458176 1 1160 600 669
8034 2431 1458186 1 1160 600 668
7989 2484 1458196 1 1160 600 652
7951 2554 1458206 1 1160 600 646
7931 2641 1458216 1 1160 600 643
7921 2729 1458226 1 1160 600 643
7921 2818 1458236 1 1160 600 646
7939 2899 1458246 1 1180 600 646
7963 2965 1458256 1 1180 600 646
7997 3022 1458266 1 1180 600 646
8048 3075 1458276 1 1180 600 644
8111 3128 1458286 1 1190 600 643
8186 3179 1458296 1 1180 590 643
8284 3250 1458306 1 1180 590 638
8396 3334 1458316 1 1180 590 638
8510 3437 1458326 1 1180 590 592
8618 3542 1458336 1 1180 590 570
8721 3649 1458346 1 1180 590 543
8822 3755 1458356 1 1180 590 516
8901 3856 1458366 1 1200 580 505
8964 3933 1458376 1 1200 580 394
9136 4786 1458497 0 1250 560 55
9056 4991 1458587 0 1290 550 73
9056 4991 1458597 1 1300 550 203
9056 4991 1458607 1 1310 550 262
9056 4991 1458617 1 1300 550 282
9056 4991 1458627 1 1310 560 301
9056 4991 1458637 1 1310 560 302
9044 5075 1458647 1 1310 560 307
9080 5148 1458657 1 1320 550 317
9129 5255 1458667 1 1310 560 343
9204 5384 1458667 1 1310 560 398
9311 5538 1458677 1 1310 560 427
9439 5682 1458687 1 1310 560 443
9568 5819 1458697 1 1310 560 449
9689 5963 1458707 1 1300 550 443
9805 6099 1458717 1 1300 550 443
9907 6219 1458727 1 1300 550 447
9980 6334 1458737 1 1310 550 448
10033 6448 1458747 1 1320 550 452
10069 6562 1458757 1 1320 550 453
10080 6646 1458767 1 1320 550 456
10074 6707 1458777 1 1340 550 458
10050 6748 1458787 1 1340 550 468
10013 6773 1458797 1 1340 550 473
9968 6787 1458807 1 1340 550 469
9908 6787 1458817 1 1340 550 469
9843 6765 1458827 1 1350 540 474
9775 6733 1458837 1 1350 540 473
9709 6677 1458847 1 1360 540 465
9644 6606 1458857 1 1360 540 467
9583 6525 1458867 1 1360 540 467
9530 6430 1458877 1 1370 530 473
9484 6322 1458887 1 1370 530 477
9443 6206 1458897 1 1370 530 480
9406 6090 1458907 1 1370 530 491
9375 5970 1458917 1 1370 530 488
9356 5844 1458927 1 1370 530 492
9346 5715 1458937 1 1360 520 499
9351 5617 1458947 1 1360 520 504
9364 5524 1458957 1 1350 530 509
9389 5435 1458967 1 1350 530 520
9416 5344 1458977 1 1340 520 515
9446 5251 1458987 1 1340 520 515
9479 5154 1458997 1 1330 530 518
9510 5053 1459007 1 1340 540 521
9541 4947 1459017 1 1340 540 521
9569 4839 1459027 1 1330 540 521
9590 4731 1459037 1 1330 540 526
9605 4647 1459047 1 1330 540 533
9616 4577 1459057 1 1310 550 548
9628 4515 1459067 1 1290 550 561
9640 4463 1459077 1 1290 550 565
9662 4417 1459087 1 1290 550 570
9687 4386 1459097 1 1290 550 566
9720 4363 1459107 1 1290 550 574
9769 4345 1459117 1 1270 550 589
9829 4340 1459127 1 1270 550 588
9911 4340 1459137 1 1270 550 595
9992 4351 1459147 1 1270 550 603
10072 4361 1459157 1 1270 550 609
10142 4375 1459167 1 1260 560 614
10206 4391 1459177 1 1260 560 614
10264 4396 1459187 1 1270 560 614
10311 4396 1459197 1 1270 560 616
10348 4388 1459207 1 1270 560 616
10378 4370 1459217 1 1270 560 617
10398 4343 1459227 1 1270 560 616
10404 4305 1459237 1 1280 570 619
10404 4261 1459247 1 1280 570 620
10379 4207 1459257 1 1280 570 619
10342 4152 1459267 1 1300 580 619
10294 4092 1459277 1 1300 580 617
10230 4024 1459287 1 1300 580 616
10153 3946 1459297 1 1300 580 614
10068 3860 1459307 1 1310 570 614
9978 3764 1459317 1 1310 570 613
9896 3662 1459327 1 1300 580 617
9820 3582 1459337 1 1300 580 620
9784 3515 1459347 1 1300 580 620
9765 3456 1459357 1 1300 580 620
9758 3396 1459367 1 1300 580 611
9768 3336 1459377 1 1300 580 613
9795 3275 1459387 1 1280 570 614
9834 3217 1459397 1 1280 570 617
9893 3161 1459407 1 1280 570 627
9956 3107 1459417 1 1280 570 633
10015 3051 1459427 1 1280 570 641
10069 2994 1459437 1 1270 570 652
10128 2932 1459447 1 1270 570 667
10182 2852 1459457 1 1270 570 664
10221 2761 1459467 1 1270 570 670
10251 2659 1459477 1 1270 570 676
10269 2563 1459487 1 1280 580 691
10262 2472 1459497 1 1280 580 688
10239 2379 1459507 1 1270 590 691
10196 2318 1459517 1 1280 590 691
10118 2277 1459527 1 1280 590 693
10017 2246 1459537 1 1280 590 697
9887 2246 1459547 1 1280 590 690
9760 2265 1459557 1 1280 590 702
9655 2315 1459567 1 1280 590 690
9565 2373 1459577 1 1280 590 690
9494 2436 1459587 1 1260 600 702
9440 2507 1459597 1 1260 600 700
9398 2590 1459607 1 1250 590 699
9381 2680 1459618 1 1250 590 693
9400 2803 1459628 1 1250 590 693
9443 2932 1459638 1 1250 590 691
9517 3065 1459648 1 1250 590 691
9619 3195 1459658 1 1240 580 688
9739 3307 1459668 1 1260 580 688
9886 3408 1459678 1 1260 580 688
10048 3484 1459688 1 1260 580 690
10219 3545 1459698 1 1260 580 696
10414 3595 1459708 1 1260 580 710
10639 3637 1459718 1 1260 580 733
10883 3679 1459728 1 1260 580 721
11149 3722 1459738 1 1270 590 731
11405 3776 1459748 1 1270 590 669
11653 3830 1459758 1 1270 590 546
11881 3884 1459768 1 1280 590 15
