347
3613 6583 1272920 0 1050 650 244
3721 6715 1272930 1 1050 650 249
3721 6783 1272940 1 1080 650 235
3697 6844 1272950 1 1100 650 228
3691 6898 1272960 1 1130 630 233
3683 6957 1272970 1 1150 620 254
3663 6999 1272980 1 1160 600 279
3635 7030 1272990 1 1190 600 287
3582 7030 1273000 1 1210 580 306
3519 7036 1273010 1 1240 570 316
3448 7005 1273020 1 1250 560 314
3357 6951 1273030 1 1260 540 329
3247 6850 1273040 1 1290 530 359
3123 6744 1273050 1 1290 520 369
2990 6610 1273060 1 1320 510 376
2873 6460 1273070 1 1330 500 381
2776 6294 1273080 1 1340 490 394
2678 6140 1273090 1 1340 490 397
2580 5994 1273100 1 1340 480 409
2515 5841 1273110 1 1340 480 417
2473 5742 1273120 1 1330 480 422
2466 5679 1273130 1 1330 480 423
2481 5645 1273140 1 1320 490 415
2510 5627 1273150 1 1320 490 425
2510 5627 1273160 1 1300 500 436
2645 5633 1273170 1 1290 500 439
2745 5673 1273180 1 1290 500 448
2848 5731 1273190 1 1290 500 448
2978 5831 1273200 1 1280 500 443
3125 5953 1273210 1 1280 500 443
3268 6089 1273220 1 1280 500 449
3390 6201 1273230 1 1280 500 433
3499 6286 1273240 1 1280 500 402
3586 6353 1273250 1 1280 500 339
3635 6381 1273260 1 1280 500 249
3658 6355 1273270 1 1280 500 98
3008 5293 1273340 0 1280 490 68
2792 4779 1273350 1 1270 500 139
2702 4593 1273360 1 1270 500 190
2627 4444 1273370 1 1270 500 212
2592 4309 1273380 1 1260 500 249
2583 4234 1273390 1 1260 500 259
2611 4200 1273400 1 1250 510 294
2671 4200 1273410 1 1230 510 337
2752 4258 1273420 1 1230 510 359
2856 4357 1273430 1 1210 510 369
2989 4505 1273440 1 1210 510 381
3142 4672 1273450 1 1200 510 387
3287 4851 1273460 1 1200 510 391
3420 5045 1273470 1 1200 510 404
3545 5237 1273480 1 1200 510 405
3672 5437 1273490 1 1200 510 404
3778 5643 1273500 1 1210 520 404
3870 5829 1273510 1 1210 520 402
3941 6019 1273520 1 1210 520 399
3980 6187 1273530 1 1220 510 366
3997 6340 1273540 1 1220 510 343
3986 6500 1273550 1 1230 510 334
3951 6625 1273560 1 1250 510 324
3899 6727 1273570 1 1250 510 335
3842 6793 1273580 1 1260 500 334
3787 6827 1273590 1 1260 500 348
3736 6840 1273600 1 1270 500 351
3687 6827 1273610 1 1270 500 356
3638 6786 1273620 1 1280 490 356
3592 6726 1273630 1 1280 490 361
3543 6621 1273640 1 1290 490 369
3492 6469 1273650 1 1280 480 369
3449 6285 1273660 1 1280 480 382
3411 6078 1273670 1 1300 480 387
3380 5845 1273680 1 1280 480 388
3365 5596 1273690 1 1280 480 407
3360 5313 1273700 1 1280 480 418
3360 4995 1273710 1 1270 490 448
3360 4654 1273720 1 1270 490 456
3382 4348 1273730 1 1260 490 464
3407 4045 1273740 1 1250 500 475
3441 3744 1273750 1 1240 500 483
3512 3578 1273760 1 1220 500 485
3607 3498 1273770 1 1210 510 468
3736 3476 1273780 1 1200 510 453
3868 3521 1273790 1 1190 510 433
4003 3656 1273800 1 1190 510 402
4172 3852 1273810 1 1170 520 394
4341 4121 1273820 1 1160 520 382
4513 4418 1273830 1 1160 520 348
4682 4735 1273840 1 1140 510 289
4847 5035 1273850 1 1150 520 205
4968 5298 1273860 1 1150 520 53
5287 7067 1273971 0 1270 500 75
5287 7067 1273981 1 1280 490 304
5287 7067 1273991 1 1290 490 302
5287 7067 1274001 1 1310 480 242
5287 7067 1274011 1 1320 480 244
5287 7067 1274021 1 1320 480 245
5287 7067 1274031 1 1330 470 247
5256 6921 1274041 1 1330 470 247
5240 6784 1274051 1 1340 470 272
5217 6623 1274061 1 1340 470 304
5185 6386 1274071 1 1340 470 342
5147 6080 1274081 1 1330 470 377
5106 5727 1274091 1 1330 470 415
5065 5388 1274101 1 1320 480 440
5023 4999 1274111 1 1310 480 477
4980 4577 1274121 1 1290 490 489
4958 4259 1274131 1 1290 490 492
4958 4007 1274141 1 1280 490 494
4968 3798 1274151 1 1270 500 465
4987 3712 1274161 1 1250 510 336
5005 3695 1274171 1 1230 510 134
4916 4681 1274232 0 1140 530 249
4961 5309 1274242 1 1140 530 284
5007 5606 1274252 1 1140 530 267
5059 5897 1274262 1 1140 530 257
5178 6179 1274272 1 1140 530 216
5301 6493 1274282 1 1140 530 177
5432 6828 1274292 1 1160 530 137
5583 7137 1274302 1 1170 530 139
5747 7406 1274312 1 1180 530 151
5907 7649 1274322 1 1200 520 181
6047 7812 1274332 1 1220 510 219
6174 7939 1274342 1 1230 510 254
6308 8042 1274352 1 1270 510 282
6408 8086 1274362 1 1280 500 287
6484 8086 1274372 1 1290 500 309
6546 8062 1274382 1 1320 500 337
6546 8062 1274392 1 1330 500 354
6633 7903 1274402 1 1340 490 363
6654 7791 1274412 1 1350 500 369
6648 7680 1274422 1 1360 490 368
6625 7543 1274432 1 1360 490 369
6565 7388 1274442 1 1370 480 373
6468 7218 1274452 1 1380 490 373
6345 7044 1274462 1 1370 500 373
6190 6863 1274472 1 1370 500 367
6039 6719 1274482 1 1370 500 376
5896 6600 1274492 1 1360 500 394
5758 6511 1274502 1 1360 500 405
5655 6473 1274512 1 1350 510 443
5577 6473 1274522 1 1340 500 452
5546 6510 1274532 1 1330 510 450
5551 6581 1274542 1 1330 510 452
5581 6672 1274552 1 1330 510 450
5660 6773 1274562 1 1320 500 450
5791 6901 1274572 1 1320 500 458
5957 7046 1274582 1 1320 500 463
6145 7152 1274592 1 1320 500 468
6355 7244 1274602 1 1300 500 468
6580 7327 1274612 1 1300 500 465
6805 7413 1274622 1 1320 490 467
7004 7495 1274632 1 1330 500 473
7185 7575 1274642 1 1330 500 473
7372 7635 1274652 1 1330 500 472
7523 7676 1274662 1 1340 500 465
7649 7705 1274672 1 1350 500 450
7734 7705 1274682 1 1350 500 394
7770 7687 1274692 1 1360 500 344
7770 7650 1274702 1 1360 500 257
7715 7570 1274712 1 1360 500 235
7595 7437 1274722 1 1370 510 211
7435 7269 1274732 1 1370 510 215
7266 7097 1274742 1 1370 510 215
7098 6919 1274752 1 1370 510 213
6938 6738 1274762 1 1370 510 214
6783 6584 1274772 1 1370 510 242
6636 6428 1274782 1 1370 510 280
6525 6293 1274783 1 1370 510 292
6439 6174 1274793 1 1370 510 312
6375 6089 1274803 1 1370 510 310
6334 6030 1274813 1 1360 500 329
6309 5989 1274823 1 1360 500 337
6309 5973 1274833 1 1360 500 338
6322 5973 1274843 1 1360 500 372
6349 5973 1274853 1 1350 500 422
6404 5998 1274863 1 1350 500 443
6486 6056 1274873 1 1350 500 469
6586 6135 1274883 1 1350 500 475
6704 6228 1274893 1 1340 490 486
6821 6319 1274903 1 1340 490 490
6931 6406 1274913 1 1340 490 488
7008 6464 1274923 1 1340 490 478
7068 6505 1274933 1 1340 490 452
7094 6505 1274943 1 1340 490 431
7089 6481 1274953 1 1330 500 415
7062 6440 1274963 1 1340 500 396
6988 6340 1274973 1 1340 500 391
6886 6216 1274983 1 1340 500 392
6766 6077 1274993 1 1340 500 396
6650 5931 1275003 1 1330 510 409
6557 5781 1275013 1 1330 510 418
6479 5669 1275023 1 1330 510 443
6418 5583 1275033 1 1320 510 452
6383 5512 1275043 1 1320 510 463
6366 5470 1275053 1 1300 520 461
6376 5448 1275063 1 1300 520 469
6410 5439 1275073 1 1300 520 472
6460 5449 1275083 1 1290 520 485
6531 5473 1275093 1 1290 520 491
6627 5531 1275103 1 1290 520 497
6740 5605 1275113 1 1270 520 499
6869 5691 1275123 1 1270 520 502
6982 5766 1275133 1 1270 520 492
7066 5816 1275143 1 1250 530 499
7137 5850 1275153 1 1250 530 455
7167 5839 1275163 1 1250 530 420
7153 5777 1275173 1 1270 530 327
7110 5682 1275183 1 1270 530 242
7006 5520 1275193 1 1270 530 226
6861 5308 1275203 1 1270 530 251
6688 5062 1275213 1 1270 530 291
6536 4835 1275223 1 1250 540 334
6432 4672 1275233 1 1250 540 362
6360 4553 1275243 1 1250 540 372
6333 4485 1275253 1 1250 540 384
6342 4460 1275263 1 1250 540 420
6376 4460 1275273 1 1250 540 444
6452 4508 1275283 1 1250 540 453
6554 4599 1275293 1 1250 540 458
6672 4721 1275303 1 1240 540 455
6807 4890 1275313 1 1240 540 456
6929 5075 1275323 1 1230 530 460
7043 5272 1275333 1 1220 540 455
7147 5504 1275343 1 1220 540 440
7242 5738 1275353 1 1220 540 396
7331 5974 1275363 1 1220 540 337
7389 6221 1275373 1 1230 550 272
7412 6472 1275383 1 1240 540 225
7412 6696 1275393 1 1240 540 214
7377 6902 1275403 1 1250 540 212
7319 7078 1275413 1 1250 540 249
7245 7183 1275423 1 1280 540 279
7171 7241 1275433 1 1290 530 281
7099 7241 1275443 1 1300 530 297
7029 7198 1275453 1 1310 520 317
6963 7121 1275463 1 1310 520 329
6899 6970 1275473 1 1330 520 371
6837 6732 1275483 1 1340 510 400
6769 6437 1275493 1 1340 510 438
6697 6038 1275503 1 1350 510 467
6640 5565 1275513 1 1350 510 499
6587 5044 1275523 1 1350 510 513
6563 4503 1275533 1 1340 500 532
6556 3960 1275543 1 1330 510 522
6574 3463 1275553 1 1330 510 526
6595 2998 1275563 1 1290 510 524
6626 2587 1275573 1 1280 520 527
6666 2297 1275583 1 1250 530 509
6713 2087 1275593 1 1230 530 439
6766 1927 1275603 1 1210 530 309
7777 5135 1275724 0 1060 550 160
8190 5888 1275734 1 1070 550 181
8372 6174 1275744 1 1090 550 207
8578 6459 1275754 1 1100 540 279
8777 6744 1275764 1 1130 540 338
8970 6991 1275774 1 1140 530 382
9160 7235 1275784 1 1180 540 402
9379 7489 1275794 1 1190 530 415
9616 7751 1275804 1 1210 530 400
9852 8001 1275814 1 1230 530 359
10046 8213 1275824 1 1240 530 312
10213 8399 1275834 1 1270 530 259
10322 8556 1275844 1 1290 530 253
10372 8656 1275854 1 1300 530 209
10383 8719 1275864 1 1330 530 115
9840 8718 1275924 0 1370 530 18
9734 8731 1275934 1 1390 520 61
9708 8759 1275944 1 1390 520 86
9685 8769 1275954 1 1390 520 108
9670 8758 1275964 1 1390 520 177
9654 8732 1275974 1 1390 520 232
9618 8658 1275984 1 1390 520 272
9569 8512 1275994 1 1400 520 304
9496 8319 1276004 1 1400 520 371
9390 8060 1276014 1 1400 520 431
9263 7748 1276024 1 1380 510 468
9132 7402 1276034 1 1380 510 480
8980 7018 1276044 1 1380 510 495
8815 6628 1276054 1 1380 510 509
8644 6226 1276064 1 1370 520 522
8472 5849 1276074 1 1370 520 540
8301 5490 1276084 1 1360 520 578
8164 5168 1276094 1 1350 520 595
8050 4926 1276104 1 1350 530 606
8004 4737 1276114 1 1340 540 608
8004 4664 1276124 1 1340 540 602
8035 4673 1276134 1 1330 540 600
8117 4736 1276144 1 1310 550 600
8270 4926 1276154 1 1300 550 603
8469 5183 1276164 1 1300 550 608
8699 5485 1276174 1 1270 550 600
8947 5798 1276184 1 1260 560 602
9208 6112 1276194 1 1260 560 592
9436 6427 1276204 1 1270 560 584
9598 6659 1276214 1 1270 560 513
9715 6828 1276224 1 1270 560 425
9767 6954 1276234 1 1270 560 314
9767 7027 1276244 1 1270 560 219
9730 7078 1276254 1 1290 560 141
9676 7114 1276264 1 1290 560 47
9619 7154 1276274 1 1300 550 66
9561 7200 1276285 1 1310 550 175
9561 7200 1276295 1 1310 550 255
9485 7268 1276305 1 1330 540 277
9464 7254 1276315 1 1340 540 305
9440 7218 1276325 1 1350 530 339
9413 7116 1276335 1 1350 530 389
9383 6935 1276345 1 1350 530 418
9353 6702 1276355 1 1360 520 439
9319 6423 1276365 1 1360 520 464
9283 6077 1276375 1 1360 520 481
9257 5687 1276385 1 1360 520 497
9237 5347 1276395 1 1360 520 538
9227 5001 1276405 1 1350 530 567
9222 4705 1276415 1 1350 530 581
9230 4444 1276425 1 1340 540 585
9240 4196 1276435 1 1330 540 603
9240 3997 1276445 1 1330 540 599
9240 3830 1276455 1 1310 550 599
9223 3705 1276465 1 1300 550 600
9197 3640 1276475 1 1290 560 600
9163 3616 1276485 1 1280 570 585
9163 3616 1276495 1 1270 570 566
9057 3695 1276505 1 1270 570 541
8984 3786 1276515 1 1260 580 480
8892 3911 1276525 1 1240 580 394
8798 4048 1276535 1 1240 580 334
8702 4194 1276545 1 1230 580 344
8623 4332 1276555 1 1210 580 342
8548 4439 1276565 1 1210 580 342
8474 4526 1276575 1 1210 580 334
8400 4578 1276585 1 1210 580 338
8312 4588 1276595 1 1230 580 348
8219 4569 1276605 1 1220 570 364
8122 4504 1276615 1 1220 570 389
8042 4395 1276625 1 1220 570 420
7968 4256 1276635 1 1220 570 448
7923 4118 1276645 1 1230 560 440
7896 4023 1276655 1 1230 560 417
7917 3957 1276665 1 1230 560 239
8593 4486 1276715 0 1250 560 393
9146 4724 1276725 1 1250 560 418
9393 4823 1276735 1 1260 570 430
9618 4922 1276745 1 1260 570 443
9849 4963 1276755 1 1270 560 440
10052 4971 1276765 1 1280 570 442
10237 4957 1276775 1 1280 570 433
10375 4900 1276785 1 1280 570 187
