329
3639 7110 1397008 0 1350 580 42
3694 7252 1397018 1 1350 580 48
3694 7363 1397028 1 1350 580 53
3688 7423 1397038 1 1350 570 50
3672 7448 1397048 1 1360 560 56
3633 7464 1397058 1 1360 550 63
3576 7448 1397068 1 1360 550 63
3506 7412 1397078 1 1360 540 63
3403 7326 1397088 1 1370 530 70
3279 7204 1397098 1 1360 520 80
3140 7059 1397108 1 1370 520 108
2982 6854 1397118 1 1370 510 122
2829 6649 1397128 1 1370 510 160
2683 6407 1397138 1 1370 500 191
2539 6140 1397148 1 1370 480 233
2431 5890 1397158 1 1360 480 245
2348 5678 1397168 1 1370 470 259
2294 5491 1397178 1 1350 470 262
2267 5315 1397188 1 1350 470 272
2259 5202 1397198 1 1350 470 281
2291 5130 1397208 1 1330 470 309
2356 5118 1397218 1 1330 470 339
2444 5156 1397228 1 1330 470 346
2560 5227 1397238 1 1320 480 359
2699 5365 1397248 1 1320 480 371
2853 5527 1397258 1 1310 480 362
3019 5706 1397268 1 1300 480 371
3190 5889 1397278 1 1300 480 376
3364 6043 1397288 1 1300 480 377
3502 6178 1397298 1 1300 480 374
3603 6256 1397308 1 1300 480 366
3680 6273 1397318 1 1300 480 337
3712 6250 1397328 1 1300 480 286
3685 6155 1397338 1 1300 480 196
3618 5963 1397348 1 1300 480 141
3499 5706 1397358 1 1300 480 130
3352 5419 1397368 1 1300 480 134
3185 5067 1397378 1 1300 480 137
2991 4671 1397388 1 1300 480 203
2842 4354 1397398 1 1280 480 245
2722 4077 1397408 1 1280 480 287
2614 3828 1397418 1 1280 480 312
2542 3633 1397428 1 1270 490 334
2494 3514 1397438 1 1270 490 333
2484 3446 1397448 1 1260 490 344
2499 3431 1397458 1 1250 500 373
2530 3455 1397468 1 1240 500 374
2612 3504 1397478 1 1220 500 384
2724 3634 1397488 1 1220 500 393
2855 3827 1397498 1 1210 510 398
3009 4063 1397508 1 1210 510 384
3181 4310 1397518 1 1200 510 367
3364 4556 1397528 1 1200 510 343
3507 4769 1397538 1 1200 510 262
3625 4961 1397548 1 1200 510 171
3727 5130 1397558 1 1200 510 156
3786 5307 1397568 1 1200 510 105
3674 6361 1397649 0 1260 490 223
3566 6411 1397659 1 1260 490 255
3531 6437 1397669 1 1270 490 257
3511 6437 1397679 1 1270 490 252
3505 6430 1397689 1 1280 480 252
3499 6413 1397699 1 1270 480 272
3489 6344 1397709 1 1280 470 277
3471 6240 1397719 1 1280 470 309
3449 6102 1397729 1 1280 470 339
3423 5916 1397739 1 1300 470 356
3391 5698 1397749 1 1300 470 371
3356 5477 1397759 1 1300 470 399
3318 5202 1397769 1 1300 470 418
3282 4890 1397779 1 1280 470 444
3249 4579 1397789 1 1280 470 460
3222 4268 1397799 1 1270 480 488
3200 3956 1397809 1 1270 480 501
3188 3662 1397819 1 1260 480 524
3201 3440 1397829 1 1250 480 537
3229 3266 1397839 1 1240 490 546
3268 3120 1397849 1 1230 490 544
3327 3044 1397859 1 1220 500 540
3399 3015 1397869 1 1200 500 540
3487 3035 1397879 1 1200 500 546
3592 3133 1397889 1 1190 500 537
3707 3283 1397899 1 1180 510 521
3814 3505 1397909 1 1170 510 504
3926 3781 1397919 1 1150 510 472
4047 4092 1397929 1 1150 510 444
4179 4443 1397939 1 1150 510 394
4317 4769 1397949 1 1150 510 307
4426 5079 1397959 1 1150 510 178
4837 6983 1398050 0 1230 490 30
4903 7125 1398060 1 1240 490 136
4908 7139 1398070 1 1250 480 141
4908 7130 1398080 1 1260 480 161
4908 7096 1398090 1 1280 480 178
4908 7012 1398100 1 1300 480 205
4900 6894 1398110 1 1310 470 237
4893 6741 1398120 1 1310 470 272
4893 6543 1398130 1 1330 470 296
4893 6315 1398140 1 1330 470 332
4906 6020 1398150 1 1340 470 364
4919 5697 1398160 1 1330 470 393
4933 5356 1398170 1 1330 470 407
4939 4962 1398180 1 1330 470 415
4939 4566 1398190 1 1320 480 444
4939 4189 1398200 1 1310 480 445
4939 3826 1398210 1 1290 490 463
4939 3540 1398220 1 1280 490 466
4944 3324 1398230 1 1270 500 468
4952 3155 1398240 1 1250 510 466
4961 3055 1398250 1 1230 510 439
4968 3023 1398260 1 1210 520 420
4968 3036 1398270 1 1200 520 353
4956 3109 1398280 1 1170 530 212
4927 3293 1398290 1 1160 530 103
4902 3550 1398300 1 1140 530 53
4883 3880 1398310 1 1130 540 65
4899 4246 1398320 1 1130 540 117
4937 4637 1398330 1 1120 540 172
5003 4968 1398340 1 1120 540 187
5107 5307 1398350 1 1120 540 196
5237 5652 1398360 1 1120 540 209
5364 5946 1398370 1 1120 540 221
5499 6236 1398380 1 1120 530 225
5663 6532 1398390 1 1140 530 223
5842 6834 1398400 1 1150 520 216
6017 7099 1398410 1 1160 520 198
6215 7340 1398420 1 1190 510 210
6397 7564 1398430 1 1200 510 237
6560 7706 1398440 1 1210 510 272
6686 7773 1398450 1 1240 500 276
6775 7791 1398460 1 1260 500 307
6838 7745 1398470 1 1270 500 339
6867 7632 1398480 1 1280 490 341
6849 7474 1398490 1 1290 500 343
6799 7244 1398500 1 1300 500 339
6702 7008 1398510 1 1320 490 338
6559 6739 1398520 1 1320 490 336
6386 6450 1398530 1 1330 500 339
6178 6151 1398540 1 1340 490 314
5984 5884 1398550 1 1340 490 309
5799 5638 1398560 1 1340 490 319
5621 5477 1398570 1 1330 500 340
5504 5389 1398580 1 1330 500 354
5427 5349 1398590 1 1330 500 387
5404 5360 1398600 1 1300 500 398
5413 5398 1398610 1 1300 500 388
5444 5454 1398620 1 1290 500 392
5524 5545 1398630 1 1290 500 402
5647 5650 1398640 1 1270 500 405
5799 5765 1398650 1 1270 500 413
5966 5909 1398660 1 1270 500 422
6151 6056 1398670 1 1260 490 417
6349 6205 1398680 1 1260 490 425
6543 6354 1398690 1 1260 490 425
6713 6499 1398700 1 1260 490 425
6867 6583 1398710 1 1260 490 413
6948 6627 1398720 1 1270 500 384
6974 6613 1398730 1 1270 500 373
6963 6540 1398740 1 1270 500 322
6895 6428 1398750 1 1270 500 312
6778 6252 1398760 1 1280 500 309
6628 6076 1398770 1 1290 500 314
6492 5891 1398780 1 1290 500 310
6357 5702 1398790 1 1290 500 329
6226 5547 1398800 1 1290 500 346
6100 5388 1398810 1 1290 500 374
6016 5263 1398820 1 1290 500 394
5959 5163 1398830 1 1290 500 396
5951 5135 1398840 1 1280 500 391
5978 5130 1398850 1 1280 500 405
6027 5141 1398860 1 1280 500 422
6110 5187 1398870 1 1270 510 431
6215 5256 1398880 1 1270 510 465
6334 5340 1398890 1 1270 510 483
6450 5420 1398900 1 1260 510 496
6556 5479 1398910 1 1260 510 498
6654 5523 1398920 1 1260 510 496
6728 5537 1398930 1 1230 510 472
6768 5513 1398940 1 1230 510 473
6786 5465 1398950 1 1230 510 440
6761 5366 1398960 1 1230 510 438
6692 5238 1398961 1 1230 510 441
6593 5091 1398971 1 1230 510 442
6489 4953 1398981 1 1230 510 463
6387 4814 1398991 1 1220 510 472
6305 4701 1399001 1 1220 510 491
6235 4605 1399011 1 1220 510 509
6200 4548 1399021 1 1220 510 509
6210 4531 1399031 1 1220 510 522
6249 4540 1399041 1 1230 520 520
6330 4581 1399051 1 1230 520 522
6431 4632 1399061 1 1230 520 512
6546 4690 1399071 1 1220 530 509
6634 4714 1399081 1 1220 530 480
6689 4697 1399091 1 1220 530 452
6721 4653 1399101 1 1220 530 392
6695 4542 1399111 1 1220 530 348
6621 4356 1399121 1 1220 530 338
6516 4119 1399131 1 1220 530 364
6398 3880 1399141 1 1210 530 407
6344 3737 1399151 1 1210 530 418
6333 3658 1399161 1 1210 530 420
6378 3658 1399171 1 1190 530 418
6443 3727 1399181 1 1190 530 394
6522 3845 1399191 1 1190 530 396
6607 4008 1399201 1 1180 540 396
6694 4214 1399211 1 1180 540 388
6799 4449 1399221 1 1180 540 400
6914 4702 1399231 1 1180 540 402
7005 4968 1399241 1 1180 540 400
7079 5242 1399251 1 1180 540 376
7141 5570 1399261 1 1180 540 274
7168 5844 1399271 1 1190 540 66
7024 6758 1399312 0 1230 530 54
6880 7007 1399322 1 1240 530 104
6804 7038 1399332 1 1250 530 122
6726 7017 1399342 1 1270 520 168
6668 6950 1399352 1 1280 520 208
6631 6852 1399362 1 1290 510 254
6609 6719 1399372 1 1300 510 312
6609 6497 1399382 1 1320 500 338
6609 6217 1399392 1 1300 500 399
6609 5846 1399402 1 1300 500 448
6609 5410 1399412 1 1320 490 477
6609 4931 1399422 1 1320 490 515
6609 4425 1399432 1 1320 490 554
6609 3949 1399442 1 1290 490 588
6615 3494 1399452 1 1290 490 616
6635 3085 1399462 1 1270 500 620
6677 2676 1399472 1 1260 500 617
6712 2386 1399482 1 1220 500 622
6741 2176 1399492 1 1220 510 616
6773 1978 1399502 1 1200 520 586
6790 1862 1399512 1 1180 530 512
6798 1800 1399522 1 1160 530 362
7520 4611 1399642 0 1100 540 220
7812 5159 1399652 1 1120 540 230
7940 5426 1399662 1 1130 540 240
8060 5710 1399672 1 1140 530 276
8241 6013 1399682 1 1140 530 304
8463 6330 1399692 1 1160 530 369
8686 6649 1399702 1 1180 540 396
8931 6958 1399712 1 1190 530 414
9190 7267 1399722 1 1220 530 418
9442 7556 1399732 1 1240 530 422
9647 7831 1399742 1 1270 530 386
9821 8066 1399752 1 1270 530 358
9936 8247 1399762 1 1290 530 342
9991 8393 1399772 1 1300 530 292
10005 8510 1399782 1 1330 530 223
9972 8574 1399792 1 1340 540 132
9893 8603 1399802 1 1350 530 61
9782 8611 1399812 1 1370 530 41
9663 8594 1399822 1 1370 530 67
9547 8561 1399832 1 1390 520 117
9437 8517 1399842 1 1400 520 151
9363 8468 1399852 1 1400 520 196
9312 8408 1399862 1 1400 520 241
9253 8295 1399872 1 1410 510 301
9197 8148 1399882 1 1410 510 342
9154 7956 1399892 1 1410 510 377
9119 7709 1399902 1 1410 510 431
9062 7426 1399912 1 1410 510 464
8996 7082 1399922 1 1420 500 489
8923 6700 1399932 1 1410 510 512
8845 6292 1399942 1 1410 510 516
8769 5844 1399952 1 1410 510 532
8723 5457 1399962 1 1380 510 544
8696 5111 1399972 1 1380 510 539
8706 4818 1399982 1 1370 520 548
8744 4628 1399992 1 1370 520 568
8800 4508 1400002 1 1360 520 572
8889 4451 1400012 1 1340 520 581
8996 4472 1400022 1 1330 530 584
9115 4545 1400032 1 1310 540 588
9253 4690 1400042 1 1300 540 581
9413 4910 1400052 1 1290 550 580
9588 5180 1400062 1 1290 550 561
9754 5488 1400072 1 1270 550 543
9922 5795 1400082 1 1250 550 491
10051 6102 1400092 1 1250 550 461
10153 6365 1400102 1 1260 560 438
10201 6595 1400112 1 1260 560 415
10201 6746 1400122 1 1260 560 423
10178 6849 1400132 1 1260 560 425
10124 6921 1400142 1 1260 560 414
10060 6964 1400152 1 1270 550 414
9990 6987 1400162 1 1300 550 415
9912 6997 1400172 1 1310 550 420
9840 6991 1400182 1 1330 540 427
9778 6955 1400192 1 1340 540 435
9726 6899 1400202 1 1350 530 448
9679 6801 1400212 1 1340 520 450
9645 6676 1400222 1 1350 520 466
9619 6533 1400232 1 1350 520 472
9594 6303 1400242 1 1350 520 495
9569 6000 1400252 1 1360 510 509
9545 5649 1400262 1 1360 510 527
9521 5261 1400272 1 1360 510 537
9491 4850 1400282 1 1350 520 560
9457 4425 1400292 1 1350 520 608
9450 4045 1400302 1 1350 520 613
9450 3726 1400312 1 1340 520 647
9445 3448 1400322 1 1330 530 656
9445 3212 1400332 1 1310 540 670
9434 3013 1400342 1 1300 540 669
9415 2838 1400343 1 1290 550 675
9387 2730 1400353 1 1270 550 675
9347 2689 1400363 1 1270 550 669
9300 2689 1400373 1 1260 560 671
9243 2756 1400383 1 1260 570 639
9168 2864 1400393 1 1240 570 567
9082 3002 1400403 1 1240 570 428
8987 3185 1400413 1 1230 580 220
8506 4171 1400493 0 1250 560 29
8506 4171 1400503 1 1250 550 237
8392 4106 1400513 1 1250 550 317
8331 4020 1400523 1 1260 540 398
8296 3882 1400533 1 1250 540 440
8284 3732 1400543 1 1270 530 473
8284 3575 1400553 1 1270 530 463
8325 3460 1400563 1 1270 530 292
9432 3787 1400644 0 1250 530 427
9989 3929 1400654 1 1250 530 458
10192 3988 1400664 1 1250 530 461
10345 4039 1400674 1 1270 520 485
10511 4034 1400684 1 1270 530 502
10658 3991 1400694 1 1270 530 502
10759 3922 1400704 1 1270 530 467
