257
1987 6252 81211125 0 1330 730 37
1968 6329 81211135 1 1370 700 65
1952 6341 81211145 1 1350 680 47
1932 6334 81211155 1 1370 660 50
1927 6294 81211165 1 1370 650 55
1927 6233 81211175 1 1370 620 70
1920 6127 81211185 1 1360 610 91
1915 5974 81211195 1 1360 600 104
1908 5789 81211205 1 1350 580 95
1897 5571 81211215 1 1360 560 101
1879 5285 81211225 1 1350 540 124
1857 4953 81211235 1 1340 540 127
1824 4580 81211245 1 1350 530 132
1795 4217 81211255 1 1340 520 146
1767 3862 81211265 1 1330 530 151
1737 3541 81211275 1 1330 540 177
1710 3281 81211285 1 1310 550 187
1683 3061 81211295 1 1300 550 171
1657 2867 81211305 1 1290 560 170
1631 2720 81211315 1 1270 560 171
1608 2604 81211325 1 1260 570 176
1589 2571 81211335 1 1240 570 203
1574 2593 81211345 1 1230 580 202
1561 2652 81211355 1 1200 570 203
1550 2823 81211365 1 1200 570 205
1550 3049 81211375 1 1190 580 208
1566 3311 81211385 1 1170 580 208
1600 3601 81211395 1 1170 580 208
1669 3908 81211405 1 1170 580 208
1742 4227 81211415 1 1160 570 212
1835 4526 81211425 1 1160 570 208
1940 4786 81211435 1 1160 570 207
2074 5020 81211445 1 1160 570 207
2213 5246 81211455 1 1180 570 210
2363 5466 81211465 1 1180 570 212
2518 5682 81211475 1 1190 560 212
2675 5833 81211485 1 1190 560 213
2833 5936 81211495 1 1210 560 213
2963 6006 81211505 1 1240 550 213
3075 6018 81211515 1 1250 550 212
3175 5982 81211525 1 1250 550 215
3241 5913 81211535 1 1260 540 220
3279 5791 81211545 1 1280 540 211
3298 5665 81211555 1 1280 540 218
3285 5512 81211565 1 1290 530 218
3248 5343 81211575 1 1290 530 216
3194 5175 81211585 1 1290 530 218
3114 5017 81211595 1 1300 530 218
3019 4865 81211605 1 1300 530 216
2914 4726 81211615 1 1300 530 218
2810 4625 81211625 1 1300 530 216
2697 4549 81211635 1 1300 530 218
2579 4487 81211645 1 1290 530 214
2467 4443 81211655 1 1290 530 211
2361 4410 81211665 1 1290 530 209
2274 4391 81211675 1 1280 540 211
2197 4391 81211685 1 1260 540 212
2137 4399 81211695 1 1260 540 209
2099 4418 81211705 1 1260 540 212
2076 4436 81211715 1 1250 550 211
2070 4449 81211725 1 1250 550 206
2070 4455 81211735 1 1250 550 206
2083 4455 81211745 1 1250 550 222
2109 4449 81211755 1 1250 550 211
2147 4425 81211765 1 1250 550 211
2190 4389 81211775 1 1250 550 216
2241 4326 81211785 1 1250 550 223
2296 4245 81211795 1 1250 550 233
2357 4151 81211805 1 1250 550 244
2425 4054 81211815 1 1250 550 242
2503 3954 81211825 1 1250 550 255
2588 3846 81211835 1 1250 550 269
2683 3732 81211845 1 1250 550 280
2785 3614 81211855 1 1250 550 279
2885 3498 81211865 1 1250 550 292
2989 3377 81211866 1 1240 540 302
3101 3247 81211876 1 1240 540 309
3220 3126 81211886 1 1240 540 316
3330 3013 81211896 1 1240 540 317
3435 2919 81211906 1 1250 540 317
3546 2849 81211916 1 1250 540 316
3659 2796 81211926 1 1250 540 314
3777 2774 81211936 1 1250 540 316
3880 2795 81211946 1 1250 540 314
3974 2844 81211956 1 1250 540 312
4083 2929 81211966 1 1240 540 312
4198 3046 81211976 1 1230 530 316
4307 3184 81211986 1 1230 530 316
4409 3339 81211996 1 1230 530 314
4499 3488 81212006 1 1230 530 304
4577 3629 81212016 1 1230 530 287
4646 3770 81212026 1 1230 530 277
4697 3911 81212036 1 1230 530 274
4728 4021 81212046 1 1240 530 274
4746 4107 81212056 1 1240 530 274
4746 4178 81212066 1 1240 530 277
4726 4221 81212076 1 1230 520 279
4700 4247 81212086 1 1240 520 279
4663 4261 81212096 1 1240 520 279
4620 4267 81212106 1 1240 520 282
4574 4258 81212116 1 1240 520 289
4521 4239 81212126 1 1240 520 296
4467 4210 81212136 1 1240 520 302
4413 4176 81212146 1 1240 520 304
4367 4121 81212156 1 1240 520 306
4323 4053 81212166 1 1240 520 306
4286 3957 81212176 1 1240 520 307
4255 3826 81212186 1 1260 510 314
4247 3673 81212196 1 1240 520 317
4253 3530 81212206 1 1240 520 310
4273 3384 81212216 1 1240 520 314
4311 3232 81212226 1 1240 520 315
4362 3104 81212236 1 1230 520 315
4433 2992 81212246 1 1230 520 315
4508 2898 81212256 1 1230 520 317
4603 2837 81212266 1 1230 520 315
4710 2799 81212276 1 1230 520 319
4820 2805 81212286 1 1220 530 322
4926 2853 81212296 1 1220 530 327
5029 2929 81212306 1 1220 530 334
5139 3041 81212316 1 1210 530 337
5250 3181 81212326 1 1220 540 337
5336 3341 81212336 1 1220 540 339
5407 3489 81212346 1 1220 540 339
5452 3633 81212356 1 1220 540 337
5470 3767 81212366 1 1220 540 337
5470 3863 81212376 1 1220 540 339
5455 3933 81212386 1 1220 540 344
5439 3961 81212396 1 1220 540 333
5421 3969 81212406 1 1220 540 342
5412 3964 81212416 1 1230 530 342
5403 3942 81212426 1 1230 530 333
5395 3887 81212436 1 1230 530 334
5395 3809 81212446 1 1240 530 338
5424 3697 81212456 1 1240 530 343
5462 3585 81212466 1 1240 530 349
5524 3459 81212476 1 1240 530 349
5591 3325 81212486 1 1240 530 353
5679 3203 81212496 1 1250 530 351
5779 3114 81212506 1 1250 530 354
5882 3046 81212516 1 1270 530 356
5986 3017 81212526 1 1270 530 358
6095 3023 81212536 1 1250 540 359
6213 3053 81212546 1 1250 540 359
6337 3120 81212556 1 1250 540 361
6461 3235 81212566 1 1240 540 361
6584 3383 81212576 1 1240 540 358
6710 3553 81212586 1 1240 540 356
6839 3760 81212596 1 1240 550 351
6948 3993 81212606 1 1240 550 348
7044 4252 81212607 1 1240 550 339
7138 4520 81212617 1 1240 550 340
7226 4795 81212627 1 1250 560 334
7310 5059 81212637 1 1250 560 322
7374 5306 81212647 1 1250 560 309
7421 5543 81212657 1 1260 560 307
7456 5735 81212667 1 1260 560 296
7456 5891 81212677 1 1260 560 289
7437 6024 81212687 1 1270 550 284
7395 6106 81212697 1 1300 550 285
7333 6160 81212707 1 1300 550 272
7259 6195 81212717 1 1310 550 264
7177 6211 81212727 1 1330 540 260
7107 6211 81212737 1 1340 540 249
7042 6193 81212747 1 1340 540 244
6985 6161 81212757 1 1350 530 244
6929 6106 81212767 1 1360 520 240
6868 6035 81212777 1 1360 520 242
6810 5923 81212787 1 1370 520 240
6756 5771 81212797 1 1370 520 240
6712 5593 81212807 1 1370 520 244
6675 5374 81212817 1 1380 510 242
6647 5132 81212827 1 1380 510 240
6628 4876 81212837 1 1380 510 242
6628 4625 81212847 1 1370 510 240
6637 4384 81212857 1 1360 510 247
6666 4149 81212867 1 1360 510 249
6723 3914 81212877 1 1340 510 251
6798 3678 81212887 1 1340 510 249
6896 3481 81212897 1 1330 520 254
6995 3309 81212907 1 1310 520 254
7095 3134 81212917 1 1310 520 241
7212 2996 81212927 1 1300 530 242
7340 2883 81212937 1 1290 530 241
7474 2804 81212947 1 1290 530 256
7603 2761 81212957 1 1280 540 253
7735 2741 81212967 1 1280 540 253
7873 2766 81212977 1 1280 540 253
8015 2827 81212987 1 1280 540 254
8143 2912 81212997 1 1290 550 253
8269 3015 81213007 1 1270 550 254
8393 3126 81213017 1 1270 550 256
8495 3242 81213027 1 1270 550 254
8580 3356 81213037 1 1270 550 253
8653 3465 81213047 1 1270 550 253
8718 3564 81213057 1 1270 550 251
8771 3656 81213067 1 1270 550 253
8816 3744 81213077 1 1270 550 253
8852 3814 81213087 1 1270 550 253
8876 3874 81213097 1 1270 550 241
8892 3905 81213107 1 1270 550 244
8897 3920 81213117 1 1270 550 247
8897 3920 81213127 1 1270 550 247
8897 3920 81213137 1 1270 550 250
8897 3920 81213147 1 1270 550 259
8906 3907 81213157 1 1270 550 275
8919 3880 81213167 1 1290 560 276
8940 3842 81213177 1 1290 560 286
8966 3786 81213187 1 1300 550 294
8996 3721 81213197 1 1300 550 301
9034 3649 81213207 1 1300 550 304
9078 3573 81213217 1 1300 550 306
9130 3501 81213227 1 1300 550 309
9187 3433 81213237 1 1300 550 307
9254 3376 81213247 1 1300 550 314
9331 3334 81213257 1 1300 550 316
9419 3302 81213267 1 1290 560 317
9508 3294 81213277 1 1290 560 304
9596 3302 81213287 1 1290 560 305
9688 3322 81213297 1 1290 560 304
9783 3364 81213307 1 1270 560 305
9885 3411 81213317 1 1270 560 305
9993 3462 81213327 1 1270 560 309
10084 3502 81213337 1 1260 570 307
10163 3538 81213347 1 1260 570 309
10247 3565 81213357 1 1260 570 310
10332 3583 81213367 1 1260 570 309
10418 3591 81213377 1 1260 570 310
10495 3591 81213387 1 1260 570 310
10566 3572 81213397 1 1260 570 312
10626 3542 81213407 1 1260 570 314
10681 3496 81213417 1 1260 570 320
10732 3431 81213427 1 1260 570 332
10786 3353 81213437 1 1260 570 333
10840 3259 81213447 1 1260 570 341
10899 3169 81213457 1 1260 570 351
10969 3083 81213467 1 1260 570 359
11047 3005 81213477 1 1260 570 369
11130 2941 81213487 1 1260 570 373
11214 2886 81213497 1 1260 570 371
11315 2846 81213507 1 1260 570 373
11421 2825 81213517 1 1260 570 369
11533 2817 81213527 1 1230 560 340
11634 2817 81213537 1 1230 560 214
10069 4162 81213879 0 1240 540 42
10069 4162 81213889 1 1260 540 88
10104 4144 81213899 1 1260 540 105
10126 4126 81213909 1 1270 550 125
10150 4104 81213919 1 1290 550 129
10178 4081 81213929 1 1300 550 125
10204 4057 81213939 1 1300 550 66
8797 4523 81214129 0 1270 510 311
8796 4477 81214139 1 1270 510 291
8748 4496 81214149 1 1270 510 279
8757 4548 81214159 1 1280 500 269
8805 4539 81214169 1 1280 500 226
8866 4525 81214179 1 1280 500 132
