316
3107 4460 52940374 0 1350 490 141
3126 4484 52940384 1 1350 490 176
3119 4484 52940394 1 1350 490 226
3104 4484 52940404 1 1340 490 257
3104 4484 52940414 1 1340 490 280
3096 4478 52940424 1 1350 500 287
3069 4465 52940434 1 1350 500 316
3030 4431 52940444 1 1350 500 337
2969 4385 52940454 1 1340 500 368
2908 4348 52940464 1 1340 500 389
2847 4324 52940474 1 1350 510 431
2799 4308 52940484 1 1350 510 453
2757 4308 52940494 1 1350 510 468
2735 4329 52940504 1 1350 510 473
2723 4356 52940514 1 1350 510 442
2737 4417 52940524 1 1350 510 449
2811 4506 52940534 1 1350 510 449
2924 4614 52940544 1 1350 510 448
3068 4706 52940554 1 1350 510 439
3227 4778 52940564 1 1350 510 447
3396 4836 52940574 1 1350 510 465
3530 4864 52940584 1 1350 510 483
3657 4874 52940594 1 1360 510 522
3778 4874 52940604 1 1360 510 537
3883 4874 52940614 1 1370 510 541
3989 4874 52940624 1 1370 510 540
4068 4868 52940634 1 1370 510 538
4129 4844 52940644 1 1380 510 532
4157 4811 52940654 1 1400 510 526
4152 4756 52940664 1 1400 510 530
4125 4676 52940674 1 1400 510 532
4039 4579 52940684 1 1410 510 530
3925 4451 52940694 1 1410 510 532
3793 4310 52940704 1 1410 510 540
3658 4160 52940714 1 1410 510 545
3585 4060 52940724 1 1420 520 545
3553 3997 52940734 1 1420 520 539
3565 3959 52940744 1 1420 520 540
3595 3935 52940754 1 1420 520 543
3638 3922 52940764 1 1410 520 550
3727 3916 52940774 1 1410 520 556
3827 3921 52940784 1 1420 530 557
3935 3921 52940794 1 1420 530 557
4010 3899 52940804 1 1420 530 554
4051 3865 52940814 1 1420 530 550
4068 3815 52940824 1 1420 540 550
4059 3754 52940834 1 1420 540 556
4026 3685 52940844 1 1420 540 562
3977 3619 52940854 1 1410 550 561
3910 3551 52940864 1 1410 550 591
3845 3489 52940874 1 1410 550 605
3780 3431 52940884 1 1410 550 609
3732 3382 52940894 1 1400 550 614
3711 3355 52940904 1 1400 550 613
3711 3342 52940914 1 1400 550 606
3711 3342 52940924 1 1400 550 616
3762 3342 52940934 1 1400 550 624
3846 3342 52940944 1 1390 560 636
3987 3342 52940954 1 1390 560 638
4100 3342 52940964 1 1400 560 633
4195 3307 52940974 1 1400 560 627
4232 3259 52940984 1 1400 560 627
4232 3201 52940994 1 1420 570 631
4214 3141 52941004 1 1420 570 638
4167 3081 52941014 1 1420 570 636
4110 3029 52941024 1 1420 570 638
4046 2981 52941034 1 1430 570 638
3982 2930 52941044 1 1430 570 636
3924 2880 52941054 1 1430 570 633
3898 2839 52941064 1 1440 580 630
3891 2803 52941074 1 1440 580 628
3903 2765 52941084 1 1440 580 628
3950 2723 52941094 1 1440 580 641
4020 2662 52941104 1 1440 580 653
4107 2589 52941114 1 1460 580 678
4184 2497 52941124 1 1460 580 708
4216 2378 52941134 1 1460 580 720
4216 2240 52941144 1 1450 590 728
4178 2064 52941154 1 1450 590 728
4107 1885 52941164 1 1460 600 721
4016 1700 52941174 1 1450 600 667
3918 1553 52941184 1 1440 610 504
5560 3335 52941766 0 1370 410 240
5541 3208 52941776 1 1350 410 284
5501 3236 52941786 1 1330 400 282
5492 3300 52941796 1 1310 400 267
5503 3300 52941806 1 1300 400 267
5527 3339 52941816 1 1310 410 280
5570 3398 52941826 1 1310 420 297
5618 3476 52941836 1 1310 430 324
5692 3563 52941846 1 1310 430 346
5781 3657 52941856 1 1310 440 366
5885 3756 52941866 1 1320 450 399
5992 3860 52941876 1 1330 460 409
6128 3967 52941886 1 1340 470 420
6282 4063 52941896 1 1340 480 415
6455 4159 52941906 1 1350 490 422
6613 4219 52941916 1 1360 490 425
6719 4255 52941926 1 1370 500 422
6794 4249 52941936 1 1380 500 418
6817 4213 52941946 1 1380 500 422
6807 4156 52941956 1 1400 510 418
6774 4078 52941966 1 1400 510 428
6706 3979 52941976 1 1410 500 436
6624 3865 52941986 1 1420 500 441
6532 3752 52941996 1 1420 500 439
6444 3666 52942006 1 1420 500 453
6346 3597 52942016 1 1430 510 456
6240 3529 52942026 1 1430 510 463
6130 3458 52942036 1 1430 510 466
6023 3384 52942046 1 1430 510 464
5917 3287 52942056 1 1420 520 490
5827 3198 52942066 1 1420 520 501
5768 3114 52942076 1 1420 520 510
5730 3048 52942086 1 1420 520 512
5725 2988 52942096 1 1420 520 512
5741 2931 52942106 1 1410 520 526
5772 2880 52942116 1 1410 520 554
5838 2843 52942126 1 1400 520 599
5945 2816 52942136 1 1400 520 617
6078 2831 52942146 1 1400 520 628
6286 2870 52942156 1 1410 520 636
6500 2925 52942166 1 1410 520 638
6711 2994 52942176 1 1410 520 634
6917 3082 52942186 1 1420 530 639
7067 3183 52942196 1 1420 530 641
7213 3296 52942206 1 1420 530 641
7357 3411 52942216 1 1420 540 636
7480 3528 52942226 1 1420 540 628
7560 3613 52942236 1 1440 540 625
7610 3675 52942246 1 1440 540 616
7610 3723 52942256 1 1450 550 619
7585 3762 52942266 1 1450 550 613
7535 3786 52942276 1 1460 550 606
7459 3801 52942286 1 1480 560 605
7359 3796 52942296 1 1480 560 603
7242 3767 52942306 1 1490 560 602
7128 3721 52942316 1 1500 550 602
7021 3668 52942326 1 1500 550 602
6922 3611 52942336 1 1500 550 602
6819 3532 52942346 1 1500 550 606
6706 3441 52942356 1 1500 550 608
6587 3317 52942366 1 1500 550 611
6481 3189 52942376 1 1500 550 613
6379 3057 52942386 1 1490 550 617
6303 2926 52942396 1 1490 550 616
6243 2797 52942406 1 1500 540 625
6220 2667 52942416 1 1500 540 633
6203 2553 52942426 1 1480 540 636
6203 2436 52942436 1 1470 550 644
6208 2310 52942446 1 1470 550 667
6198 2156 52942456 1 1470 550 672
6177 1985 52942466 1 1450 550 679
6148 1822 52942476 1 1450 550 688
6134 1676 52942486 1 1440 560 696
6123 1542 52942496 1 1420 570 730
6138 1423 52942506 1 1400 580 745
6169 1289 52942516 1 1380 590 761
6205 1144 52942526 1 1380 600 750
6247 1056 52942536 1 1350 620 750
6309 1010 52942546 1 1330 620 750
6383 993 52942556 1 1320 640 754
6461 987 52942566 1 1280 650 757
6532 994 52942576 1 1280 660 759
6599 1009 52942586 1 1240 670 756
6645 1029 52942596 1 1220 680 750
6671 1065 52942606 1 1180 700 758
6683 1111 52942616 1 1160 700 752
6683 1181 52942626 1 1130 710 751
6664 1266 52942636 1 1110 710 737
6636 1360 52942646 1 1110 710 725
6577 1459 52942656 1 1110 710 731
6494 1564 52942666 1 1110 710 719
6396 1673 52942676 1 1130 710 713
6306 1780 52942686 1 1160 700 722
6253 1853 52942696 1 1210 690 730
6225 1904 52942706 1 1230 690 725
6225 1936 52942716 1 1260 670 728
6233 1955 52942726 1 1280 660 736
6246 1965 52942736 1 1320 650 746
6260 1979 52942746 1 1330 650 752
6276 1996 52942756 1 1350 630 757
6297 2016 52942766 1 1370 620 760
6319 2036 52942776 1 1390 610 761
6336 2054 52942786 1 1390 600 763
6349 2070 52942796 1 1410 590 763
6358 2081 52942806 1 1430 570 750
6358 2087 52942816 1 1440 570 750
6358 2087 52942826 1 1450 560 763
6358 2087 52942836 1 1450 560 751
6358 2092 52942846 1 1460 550 753
6358 2092 52942856 1 1460 550 753
6358 2092 52942866 1 1460 550 756
6358 2092 52942876 1 1460 550 756
6353 2092 52942886 1 1460 550 760
6353 2092 52942896 1 1460 550 762
6353 2092 52942906 1 1460 550 763
6337 2086 52942916 1 1460 550 763
6319 2079 52942926 1 1460 550 763
6289 2062 52942936 1 1460 550 767
6262 2035 52942946 1 1460 550 767
6241 2009 52942956 1 1460 550 768
6241 1985 52942966 1 1460 550 774
6255 1952 52942976 1 1460 550 790
6287 1918 52942986 1 1460 550 785
6323 1891 52942996 1 1460 550 806
6368 1869 52943006 1 1460 550 819
6421 1838 52943016 1 1460 550 855
6498 1801 52943026 1 1460 550 858
6589 1754 52943036 1 1450 560 875
6679 1712 52943046 1 1450 560 903
6789 1674 52943056 1 1460 570 909
6913 1652 52943066 1 1440 580 923
7037 1652 52943076 1 1420 590 930
7164 1652 52943086 1 1420 610 932
7300 1673 52943096 1 1420 610 932
7437 1703 52943106 1 1440 610 932
7558 1742 52943116 1 1460 620 933
7667 1790 52943126 1 1470 620 930
7777 1833 52943136 1 1470 620 914
7889 1860 52943146 1 1490 630 870
7980 1879 52943156 1 1510 630 748
8055 1888 52943166 1 1510 630 66
8227 3857 52944209 0 1390 470 180
8306 3745 52944219 1 1390 470 259
8250 3726 52944229 1 1390 470 264
8243 3737 52944239 1 1400 480 287
8269 3702 52944249 1 1400 480 297
8286 3682 52944259 1 1420 480 327
8307 3671 52944269 1 1420 480 393
8333 3677 52944279 1 1420 480 425
8384 3719 52944289 1 1430 490 443
8451 3784 52944299 1 1430 490 458
8513 3868 52944309 1 1430 490 480
8554 3949 52944319 1 1440 490 502
8580 4020 52944329 1 1440 490 521
8588 4083 52944339 1 1450 480 540
8597 4138 52944349 1 1450 480 567
8609 4186 52944359 1 1460 490 577
8621 4226 52944369 1 1460 490 588
8637 4257 52944379 1 1460 490 602
8659 4270 52944389 1 1460 490 619
8697 4270 52944399 1 1460 480 625
8746 4262 52944409 1 1460 480 636
8811 4252 52944419 1 1460 480 637
8907 4252 52944429 1 1460 480 650
9023 4264 52944439 1 1470 480 665
9135 4281 52944449 1 1480 470 664
9253 4298 52944459 1 1480 470 667
9389 4322 52944469 1 1490 480 666
9535 4351 52944479 1 1480 480 667
9670 4397 52944489 1 1490 490 669
9792 4440 52944499 1 1490 490 667
9905 4481 52944509 1 1490 490 666
9982 4496 52944519 1 1510 490 669
10018 4487 52944529 1 1510 490 666
10027 4462 52944539 1 1520 490 666
10032 4431 52944549 1 1530 500 664
10027 4396 52944559 1 1540 500 666
10015 4355 52944569 1 1540 500 666
10001 4320 52944579 1 1550 500 666
9977 4289 52944589 1 1550 500 666
9947 4244 52944599 1 1570 510 667
9899 4166 52944609 1 1570 510 666
9829 4065 52944619 1 1580 510 663
9745 3939 52944629 1 1580 510 666
9643 3791 52944639 1 1580 510 667
9515 3628 52944649 1 1580 510 664
9370 3490 52944659 1 1590 510 658
9215 3350 52944669 1 1580 520 650
9062 3209 52944679 1 1580 520 652
8914 3100 52944689 1 1580 520 659
8816 3013 52944699 1 1570 520 658
8750 2973 52944709 1 1570 520 659
8768 2953 52944719 1 1570 520 659
8791 2946 52944729 1 1560 510 661
8834 2937 52944739 1 1560 510 665
8888 2937 52944749 1 1560 510 671
8953 2955 52944759 1 1550 510 666
9050 2971 52944769 1 1540 520 678
9167 2986 52944779 1 1540 520 681
9306 3000 52944789 1 1540 520 691
9471 3014 52944799 1 1540 520 693
9654 3036 52944809 1 1540 520 700
9818 3062 52944819 1 1550 520 693
9982 3074 52944829 1 1550 520 699
10090 3067 52944839 1 1540 530 700
10161 3047 52944849 1 1560 530 702
10190 3024 52944859 1 1570 540 705
10190 2989 52944869 1 1570 540 708
10180 2947 52944879 1 1580 540 708
10138 2895 52944889 1 1600 540 708
10076 2841 52944899 1 1610 550 705
10000 2786 52944909 1 1610 550 705
9926 2739 52944919 1 1630 550 705
9854 2696 52944929 1 1620 560 707
9787 2651 52944939 1 1630 560 707
9705 2599 52944949 1 1630 560 708
9614 2547 52944959 1 1630 560 707
9539 2498 52944969 1 1630 560 707
9517 2473 52944979 1 1630 560 707
9529 2447 52944989 1 1630 560 705
9570 2420 52944999 1 1630 560 707
9646 2387 52945009 1 1630 560 707
9744 2357 52945019 1 1630 560 707
9823 2328 52945029 1 1630 560 708
9876 2293 52945039 1 1630 560 710
9911 2245 52945049 1 1620 560 710
9911 2188 52945059 1 1620 560 713
9873 2117 52945069 1 1620 560 721
9809 2044 52945079 1 1620 560 721
9710 1962 52945089 1 1630 560 719
9575 1858 52945099 1 1630 570 717
9417 1741 52945109 1 1630 570 696
9257 1608 52945119 1 1630 570 649
9156 1519 52945129 1 1620 580 488
