289
4059 4503 52981743 0 1350 440 55
4100 4503 52981753 1 1350 440 170
4100 4503 52981763 1 1350 440 196
4083 4513 52981773 1 1350 440 215
4083 4513 52981783 1 1350 440 247
4075 4501 52981793 1 1350 440 279
4050 4487 52981803 1 1350 450 286
4011 4443 52981813 1 1350 450 296
3961 4382 52981823 1 1350 450 309
3914 4322 52981833 1 1350 450 339
3874 4286 52981843 1 1350 450 379
3841 4265 52981853 1 1360 460 415
3812 4259 52981863 1 1360 460 433
3789 4265 52981873 1 1360 460 440
3773 4278 52981883 1 1360 460 440
3762 4310 52981893 1 1360 460 442
3785 4375 52981903 1 1360 460 439
3831 4461 52981913 1 1360 460 440
3931 4565 52981923 1 1360 460 442
4064 4654 52981933 1 1360 460 447
4220 4732 52981943 1 1360 460 452
4383 4800 52981953 1 1370 460 456
4551 4863 52981963 1 1370 460 473
4726 4918 52981973 1 1370 460 473
4904 4964 52981983 1 1390 460 481
5037 4984 52981993 1 1390 460 490
5160 4984 52982003 1 1390 460 493
5275 4973 52982013 1 1390 460 495
5353 4945 52982023 1 1400 470 496
5405 4909 52982033 1 1410 460 488
5439 4860 52982043 1 1410 460 498
5444 4790 52982053 1 1430 460 502
5406 4705 52982063 1 1430 460 504
5339 4599 52982073 1 1440 470 514
5219 4467 52982083 1 1440 470 522
5084 4319 52982093 1 1450 470 517
4940 4185 52982103 1 1450 470 517
4816 4083 52982113 1 1460 480 514
4693 4003 52982123 1 1460 480 517
4629 3956 52982133 1 1460 480 519
4604 3935 52982143 1 1460 480 515
4619 3935 52982153 1 1450 470 522
4704 3921 52982163 1 1450 470 513
4835 3915 52982173 1 1450 470 516
4985 3915 52982183 1 1450 480 519
5137 3915 52982193 1 1450 480 527
5263 3892 52982203 1 1450 480 522
5369 3866 52982213 1 1450 480 521
5410 3816 52982223 1 1450 480 515
5410 3753 52982233 1 1440 490 515
5383 3687 52982243 1 1440 490 515
5313 3620 52982253 1 1440 490 521
5219 3556 52982263 1 1440 490 538
5108 3494 52982273 1 1440 500 554
5017 3434 52982283 1 1440 500 575
4958 3383 52982293 1 1440 500 591
4920 3337 52982303 1 1440 510 594
4910 3313 52982313 1 1440 510 594
4915 3294 52982323 1 1440 510 585
4929 3279 52982333 1 1430 520 588
4963 3261 52982343 1 1430 520 591
5026 3249 52982353 1 1430 520 591
5108 3240 52982363 1 1430 520 592
5206 3231 52982373 1 1420 530 589
5284 3220 52982383 1 1430 530 585
5348 3204 52982393 1 1430 530 589
5369 3173 52982403 1 1430 530 589
5353 3132 52982413 1 1430 530 589
5313 3062 52982423 1 1430 530 589
5234 2989 52982433 1 1430 530 586
5142 2910 52982443 1 1430 530 584
5040 2846 52982453 1 1430 530 585
4972 2792 52982463 1 1430 530 591
4948 2773 52982473 1 1430 530 592
4954 2768 52982483 1 1450 540 592
4966 2773 52982493 1 1450 540 600
5023 2773 52982503 1 1450 540 605
5111 2773 52982513 1 1450 540 614
5222 2784 52982523 1 1450 540 616
5334 2758 52982533 1 1450 540 617
5422 2701 52982543 1 1460 540 641
5493 2623 52982553 1 1460 540 667
5510 2527 52982563 1 1460 540 705
5488 2411 52982573 1 1460 540 722
5440 2281 52982583 1 1460 540 743
5373 2151 52982593 1 1470 550 742
5298 2039 52982603 1 1470 550 739
5218 1939 52982613 1 1460 550 700
5142 1857 52982623 1 1460 550 574
5068 1792 52982633 1 1460 550 312
6191 3553 52983365 0 1400 470 124
6191 3553 52983375 1 1390 470 181
6191 3553 52983385 1 1390 470 250
6191 3553 52983395 1 1390 470 296
6191 3553 52983405 1 1380 480 325
6191 3553 52983415 1 1380 480 351
6148 3629 52983425 1 1380 480 382
6161 3679 52983435 1 1390 480 400
6195 3753 52983445 1 1390 480 427
6242 3844 52983455 1 1390 480 447
6313 3925 52983465 1 1390 480 468
6410 3995 52983475 1 1390 480 486
6524 4057 52983485 1 1390 480 489
6678 4114 52983495 1 1410 490 504
6843 4170 52983505 1 1420 480 520
7014 4223 52983515 1 1420 480 530
7164 4273 52983525 1 1430 490 541
7301 4298 52983535 1 1430 490 546
7428 4306 52983545 1 1440 490 536
7501 4282 52983555 1 1450 480 537
7538 4245 52983565 1 1460 490 548
7552 4199 52983575 1 1460 490 565
7539 4134 52983585 1 1470 490 561
7494 4063 52983595 1 1480 480 561
7428 3967 52983605 1 1490 490 564
7327 3857 52983615 1 1490 490 560
7210 3737 52983625 1 1510 490 563
7083 3627 52983635 1 1500 500 561
6958 3529 52983645 1 1500 500 563
6839 3436 52983655 1 1510 500 567
6723 3363 52983665 1 1510 500 570
6658 3321 52983675 1 1510 500 572
6619 3300 52983685 1 1500 510 572
6598 3289 52983695 1 1490 510 570
6590 3282 52983705 1 1490 510 569
6590 3282 52983715 1 1490 510 564
6590 3282 52983725 1 1490 510 560
6590 3277 52983735 1 1470 510 561
6596 3272 52983745 1 1470 510 561
6604 3267 52983755 1 1450 510 561
6617 3262 52983765 1 1450 510 567
6663 3256 52983775 1 1450 510 591
6730 3250 52983785 1 1430 510 611
6868 3244 52983795 1 1430 510 639
7011 3244 52983805 1 1430 510 644
7176 3253 52983815 1 1430 510 661
7354 3281 52983825 1 1440 510 662
7521 3330 52983835 1 1440 510 670
7664 3393 52983845 1 1440 510 673
7790 3482 52983855 1 1460 520 670
7919 3579 52983865 1 1470 520 672
8013 3682 52983875 1 1470 520 670
8083 3783 52983885 1 1480 530 666
8117 3877 52983895 1 1490 530 673
8117 3958 52983905 1 1510 530 658
8094 4014 52983915 1 1510 530 644
8044 4055 52983925 1 1520 540 642
7963 4068 52983935 1 1530 530 641
7861 4053 52983945 1 1540 530 639
7723 4019 52983955 1 1540 530 639
7587 3964 52983965 1 1550 520 639
7458 3882 52983975 1 1550 520 641
7334 3783 52983985 1 1550 520 641
7240 3667 52983995 1 1560 510 637
7167 3555 52984005 1 1560 510 650
7125 3447 52984015 1 1560 510 668
7100 3309 52984025 1 1560 510 667
7086 3169 52984035 1 1560 510 678
7071 3034 52984045 1 1560 510 685
7047 2904 52984055 1 1550 510 687
7018 2768 52984065 1 1550 510 688
6980 2653 52984075 1 1540 520 690
6935 2553 52984085 1 1540 520 691
6884 2461 52984095 1 1520 530 693
6828 2371 52984105 1 1520 530 694
6792 2299 52984115 1 1510 530 694
6770 2238 52984125 1 1510 530 694
6758 2188 52984135 1 1510 530 697
6746 2136 52984145 1 1480 540 699
6732 2081 52984155 1 1480 540 699
6716 2025 52984165 1 1470 550 697
6705 1980 52984175 1 1470 550 702
6699 1942 52984185 1 1470 550 697
6699 1916 52984195 1 1470 550 697
6720 1902 52984205 1 1470 550 690
6746 1895 52984215 1 1460 540 707
6782 1900 52984225 1 1460 540 719
6833 1915 52984235 1 1460 540 731
6895 1937 52984245 1 1460 540 730
6953 1968 52984255 1 1470 550 731
6998 2011 52984265 1 1470 550 733
7033 2061 52984275 1 1470 550 720
7057 2134 52984285 1 1470 550 721
7067 2213 52984295 1 1470 550 720
7067 2297 52984305 1 1490 550 720
7043 2381 52984315 1 1490 550 731
6986 2470 52984325 1 1490 550 731
6907 2562 52984335 1 1480 560 727
6798 2641 52984345 1 1480 560 730
6727 2688 52984355 1 1480 560 731
6680 2715 52984365 1 1460 550 731
6666 2715 52984375 1 1460 550 730
6666 2715 52984385 1 1460 550 722
6679 2689 52984395 1 1450 550 746
6725 2648 52984405 1 1440 560 777
6801 2586 52984415 1 1440 560 814
6896 2521 52984425 1 1430 550 858
7017 2452 52984435 1 1430 550 879
7174 2384 52984445 1 1430 550 896
7355 2341 52984455 1 1430 550 908
7546 2315 52984465 1 1430 550 908
7758 2322 52984475 1 1440 560 914
7983 2328 52984485 1 1450 550 923
8148 2333 52984495 1 1450 550 923
8280 2326 52984505 1 1460 550 924
8390 2314 52984507 1 1480 560 921
8473 2308 52984517 1 1490 560 920
8529 2308 52984527 1 1520 570 896
8567 2329 52984537 1 1540 570 833
8606 2362 52984547 1 1550 580 699
8661 3497 52985268 0 1520 480 148
8686 3398 52985278 1 1510 480 182
8641 3436 52985288 1 1510 480 253
8616 3442 52985298 1 1500 480 304
8604 3447 52985308 1 1500 480 359
8596 3458 52985318 1 1490 490 399
8596 3474 52985328 1 1490 490 404
8596 3505 52985338 1 1480 480 409
8618 3553 52985348 1 1470 490 418
8653 3612 52985358 1 1470 490 423
8696 3682 52985368 1 1470 490 427
8738 3758 52985378 1 1470 490 439
8769 3838 52985388 1 1470 490 469
8794 3872 52985398 1 1470 490 473
8794 3880 52985408 1 1470 490 485
8801 3871 52985418 1 1460 490 489
8815 3860 52985428 1 1460 490 502
8852 3853 52985438 1 1460 490 517
8904 3853 52985448 1 1470 480 530
8984 3853 52985458 1 1480 480 544
9066 3872 52985468 1 1480 480 540
9155 3892 52985478 1 1480 480 539
9252 3922 52985488 1 1500 480 546
9353 3959 52985498 1 1500 480 548
9454 4000 52985508 1 1500 480 554
9555 4046 52985518 1 1510 480 551
9656 4091 52985528 1 1520 480 553
9755 4132 52985538 1 1520 480 550
9833 4154 52985548 1 1530 480 551
9896 4164 52985558 1 1530 480 545
9917 4156 52985568 1 1530 480 543
9926 4144 52985578 1 1550 480 543
9926 4123 52985588 1 1550 480 546
9926 4092 52985598 1 1550 480 548
9919 4054 52985608 1 1560 480 546
9898 4010 52985618 1 1560 480 546
9866 3960 52985628 1 1560 480 546
9808 3887 52985638 1 1560 480 554
9733 3799 52985648 1 1550 490 556
9634 3683 52985658 1 1550 490 557
9526 3577 52985668 1 1550 490 567
9412 3478 52985678 1 1550 490 564
9315 3385 52985688 1 1560 500 578
9236 3302 52985698 1 1550 500 591
9168 3227 52985708 1 1550 500 594
9116 3166 52985718 1 1550 500 592
9082 3123 52985728 1 1550 500 592
9061 3092 52985738 1 1550 500 600
9061 3081 52985748 1 1550 510 614
9102 3069 52985758 1 1550 510 624
9169 3057 52985768 1 1550 510 638
9281 3057 52985778 1 1560 510 647
9407 3072 52985788 1 1560 510 646
9543 3087 52985798 1 1550 520 655
9661 3101 52985808 1 1550 520 658
9755 3110 52985818 1 1550 520 659
9834 3104 52985828 1 1550 520 658
9898 3088 52985838 1 1560 530 655
9925 3065 52985848 1 1560 530 655
9925 3040 52985858 1 1560 530 658
9886 2992 52985868 1 1560 530 656
9804 2929 52985878 1 1560 530 650
9694 2854 52985888 1 1560 530 652
9573 2777 52985898 1 1560 530 655
9458 2699 52985908 1 1560 530 667
9375 2640 52985918 1 1560 530 666
9310 2594 52985928 1 1560 530 679
9294 2567 52985938 1 1560 530 688
9318 2551 52985948 1 1580 530 721
9369 2543 52985958 1 1570 540 753
9516 2548 52985968 1 1570 540 797
9716 2569 52985978 1 1570 540 811
9950 2600 52985988 1 1570 540 824
10140 2616 52985998 1 1580 540 819
10280 2632 52986008 1 1580 540 821
10386 2644 52986018 1 1580 550 832
10467 2656 52986028 1 1590 550 787
10527 2673 52986038 1 1590 550 685
10574 2693 52986048 1 1590 550 316
