280
2394 6107 81234829 0 1360 490 47
2357 6089 81234839 1 1360 490 66
2339 6125 81234849 1 1360 490 66
2322 6110 81234859 1 1350 500 68
2309 6070 81234869 1 1350 500 76
2295 6014 81234879 1 1350 500 94
2283 5916 81234889 1 1350 500 110
2276 5778 81234899 1 1350 500 136
2276 5614 81234909 1 1340 500 136
2269 5393 81234919 1 1340 500 146
2269 5106 81234929 1 1340 500 179
2255 4775 81234939 1 1330 510 170
2240 4460 81234949 1 1330 510 170
2234 4125 81234959 1 1320 510 170
2229 3776 81234969 1 1300 520 170
2229 3525 81234979 1 1290 520 170
2229 3343 81234989 1 1280 530 170
2229 3207 81234999 1 1270 530 175
2229 3127 81235009 1 1250 540 175
2235 3109 81235019 1 1230 550 161
2230 3133 81235029 1 1210 550 100
2219 3228 81235039 1 1200 550 80
2197 3387 81235049 1 1180 560 66
2171 3590 81235059 1 1180 560 58
2141 3834 81235069 1 1170 560 61
2113 4106 81235079 1 1160 560 63
2087 4396 81235089 1 1160 560 65
2082 4656 81235099 1 1160 560 66
2090 4915 81235109 1 1160 560 68
2133 5138 81235119 1 1160 560 68
2209 5338 81235129 1 1160 560 73
2308 5535 81235139 1 1170 560 81
2440 5694 81235149 1 1170 560 91
2610 5829 81235159 1 1170 560 99
2805 5952 81235169 1 1180 560 108
2996 6038 81235179 1 1210 550 90
3199 6100 81235189 1 1230 550 96
3379 6113 81235199 1 1250 550 115
3540 6075 81235209 1 1260 540 130
3678 6004 81235220 1 1280 540 146
3777 5878 81235230 1 1290 530 137
3851 5731 81235240 1 1290 530 146
3890 5570 81235250 1 1300 530 148
3890 5376 81235260 1 1300 530 144
3859 5178 81235270 1 1310 520 144
3787 4973 81235280 1 1310 520 143
3669 4764 81235290 1 1310 520 137
3521 4597 81235300 1 1310 520 134
3361 4440 81235310 1 1330 520 144
3180 4290 81235320 1 1310 520 146
2984 4178 81235330 1 1310 520 144
2813 4123 81235340 1 1310 520 146
2663 4105 81235350 1 1300 530 148
2526 4125 81235360 1 1300 530 141
2435 4160 81235370 1 1290 530 165
2381 4206 81235380 1 1290 530 186
2352 4232 81235390 1 1280 540 173
2352 4242 81235400 1 1280 540 170
2346 4242 81235410 1 1280 540 173
2367 4231 81235420 1 1260 540 175
2402 4216 81235430 1 1260 540 176
2458 4184 81235440 1 1260 540 181
2536 4142 81235450 1 1260 540 200
2629 4088 81235460 1 1260 540 209
2749 4007 81235470 1 1260 540 247
2872 3909 81235480 1 1260 540 244
2998 3776 81235490 1 1280 540 255
3141 3641 81235500 1 1260 540 264
3275 3518 81235500 1 1260 540 270
3403 3405 81235510 1 1260 540 274
3532 3294 81235520 1 1250 540 282
3666 3206 81235530 1 1250 540 284
3806 3134 81235540 1 1250 540 287
3944 3087 81235550 1 1250 540 287
4106 3056 81235560 1 1250 540 273
4284 3036 81235570 1 1250 540 274
4454 3029 81235580 1 1250 540 285
4624 3039 81235590 1 1250 540 287
4795 3060 81235600 1 1250 540 285
4933 3100 81235610 1 1250 540 282
5050 3162 81235620 1 1240 540 280
5158 3238 81235630 1 1240 540 280
5250 3342 81235640 1 1240 540 277
5330 3449 81235650 1 1240 540 280
5377 3559 81235660 1 1240 540 282
5403 3651 81235670 1 1240 540 285
5414 3717 81235680 1 1240 540 282
5408 3767 81235690 1 1240 540 299
5390 3791 81235700 1 1240 540 316
5364 3812 81235710 1 1240 540 322
5336 3821 81235720 1 1250 540 335
5300 3821 81235730 1 1250 540 334
5259 3812 81235740 1 1260 540 344
5209 3798 81235750 1 1260 540 359
5156 3775 81235760 1 1260 540 369
5102 3737 81235770 1 1260 540 362
5054 3691 81235780 1 1250 540 372
5007 3630 81235790 1 1250 540 384
4966 3549 81235800 1 1250 540 399
4936 3454 81235810 1 1260 540 396
4913 3345 81235820 1 1260 540 402
4906 3232 81235830 1 1280 540 405
4906 3112 81235840 1 1280 540 410
4922 2990 81235850 1 1280 540 417
4941 2856 81235860 1 1280 540 423
4980 2715 81235870 1 1260 540 414
5032 2601 81235880 1 1260 540 417
5105 2518 81235890 1 1250 550 418
5204 2456 81235900 1 1250 550 422
5320 2415 81235910 1 1240 550 425
5441 2415 81235920 1 1240 550 431
5578 2435 81235930 1 1240 550 431
5725 2498 81235940 1 1220 560 438
5874 2600 81235950 1 1220 560 443
5999 2729 81235960 1 1220 560 449
6109 2882 81235971 1 1210 560 448
6207 3041 81235981 1 1210 560 444
6275 3204 81235991 1 1210 560 443
6322 3374 81236001 1 1210 560 431
6317 3517 81236011 1 1190 560 427
6278 3641 81236021 1 1190 560 418
6216 3743 81236031 1 1190 560 418
6138 3815 81236041 1 1190 560 417
6060 3867 81236051 1 1190 560 418
5984 3889 81236061 1 1220 570 417
5914 3889 81236071 1 1220 570 417
5853 3865 81236081 1 1230 560 418
5813 3838 81236091 1 1230 560 418
5786 3811 81236101 1 1250 560 414
5780 3780 81236111 1 1250 560 414
5794 3747 81236121 1 1260 560 414
5822 3694 81236131 1 1260 560 417
5866 3635 81236141 1 1260 560 418
5932 3566 81236151 1 1260 560 420
6012 3490 81236161 1 1260 560 420
6106 3412 81236171 1 1260 560 422
6211 3336 81236181 1 1270 550 425
6324 3274 81236191 1 1270 550 420
6428 3220 81236201 1 1260 560 417
6532 3190 81236211 1 1260 560 415
6636 3184 81236221 1 1260 560 415
6741 3194 81236231 1 1250 560 389
6847 3218 81236241 1 1250 560 349
6930 3246 81236251 1 1250 560 316
6996 3278 81236261 1 1230 560 260
7058 3300 81236271 1 1230 560 205
7116 3322 81236281 1 1230 560 137
7172 3349 81236291 1 1230 560 119
7226 3380 81236301 1 1220 570 115
7276 3418 81236311 1 1220 570 115
7324 3457 81236321 1 1220 570 134
7357 3498 81236331 1 1220 570 158
7380 3528 81236341 1 1220 570 184
7396 3540 81236351 1 1220 570 176
7402 3540 81236361 1 1220 570 193
7408 3540 81236371 1 1220 570 200
7415 3533 81236381 1 1210 580 203
7420 3527 81236391 1 1210 580 203
7425 3527 81236401 1 1210 580 207
7425 3527 81236411 1 1210 580 226
7425 3527 81236421 1 1210 580 235
7425 3553 81236431 1 1200 570 247
7425 3590 81236441 1 1200 570 251
7425 3638 81236451 1 1200 570 251
7435 3702 81236461 1 1200 570 251
7449 3778 81236471 1 1200 570 254
7477 3874 81236481 1 1200 570 253
7513 3992 81236491 1 1200 570 242
7559 4124 81236501 1 1200 570 242
7606 4294 81236511 1 1200 570 245
7647 4471 81236521 1 1200 570 249
7683 4652 81236531 1 1200 570 247
7699 4830 81236541 1 1200 570 250
7699 5007 81236551 1 1220 570 250
7686 5163 81236561 1 1220 570 249
7660 5306 81236571 1 1220 570 247
7625 5446 81236581 1 1230 560 242
7583 5558 81236591 1 1230 560 249
7534 5651 81236601 1 1230 560 247
7483 5724 81236611 1 1250 560 247
7430 5776 81236621 1 1250 560 239
7380 5814 81236631 1 1250 560 235
7328 5821 81236641 1 1260 560 237
7277 5789 81236651 1 1260 560 239
7227 5732 81236661 1 1260 560 240
7190 5636 81236671 1 1260 560 240
7158 5497 81236681 1 1260 560 240
7139 5330 81236691 1 1260 560 242
7139 5130 81236701 1 1270 550 242
7148 4893 81236711 1 1270 550 246
7170 4632 81236721 1 1270 550 254
7197 4380 81236731 1 1270 550 252
7231 4124 81236741 1 1290 560 274
7285 3892 81236751 1 1290 560 281
7351 3678 81236761 1 1270 560 292
7437 3512 81236771 1 1270 560 301
7525 3368 81236781 1 1260 560 307
7633 3238 81236791 1 1250 560 317
7754 3154 81236801 1 1250 560 304
7897 3112 81236811 1 1250 560 310
8029 3097 81236821 1 1230 560 312
8153 3122 81236831 1 1240 570 314
8293 3184 81236841 1 1240 570 314
8436 3272 81236851 1 1230 580 312
8562 3395 81236861 1 1230 580 314
8676 3537 81236871 1 1230 580 314
8779 3691 81236881 1 1210 580 314
8867 3865 81236891 1 1210 580 312
8945 4001 81236901 1 1210 580 314
8987 4111 81236911 1 1230 590 312
9008 4174 81236921 1 1230 590 317
9015 4202 81236931 1 1240 580 319
9015 4208 81236941 1 1240 580 320
8999 4208 81236951 1 1250 590 322
8977 4201 81236961 1 1250 590 324
8950 4175 81236971 1 1270 590 334
8920 4136 81236981 1 1270 590 339
8888 4062 81236991 1 1270 590 366
8876 3953 81237001 1 1280 580 367
8868 3820 81237011 1 1280 580 369
8880 3678 81237021 1 1280 580 371
8904 3580 81237031 1 1280 580 369
8948 3512 81237041 1 1300 580 371
8995 3467 81237051 1 1280 580 374
9055 3450 81237061 1 1280 580 377
9122 3450 81237071 1 1280 580 377
9191 3477 81237081 1 1280 580 376
9260 3525 81237091 1 1270 590 379
9333 3589 81237101 1 1270 590 381
9406 3664 81237111 1 1260 580 382
9467 3746 81237121 1 1260 580 382
9520 3834 81237131 1 1260 580 381
9558 3900 81237141 1 1260 580 384
9581 3937 81237151 1 1260 580 381
9595 3954 81237161 1 1260 580 381
9604 3954 81237171 1 1260 580 384
9616 3922 81237181 1 1260 580 387
9637 3878 81237191 1 1260 580 387
9665 3801 81237201 1 1260 580 387
9700 3717 81237211 1 1260 580 393
9743 3628 81237221 1 1260 580 394
9804 3564 81237231 1 1270 570 393
9876 3525 81237241 1 1270 570 394
9969 3504 81237251 1 1270 570 394
10063 3504 81237261 1 1270 570 398
10160 3534 81237271 1 1270 570 398
10262 3580 81237281 1 1280 580 399
10369 3638 81237291 1 1280 580 392
10481 3695 81237301 1 1280 580 409
10570 3728 81237311 1 1280 580 420
10645 3744 81237321 1 1270 570 420
10717 3718 81237331 1 1260 580 428
10791 3673 81237341 1 1260 580 433
10872 3616 81237351 1 1260 580 431
10959 3561 81237361 1 1260 580 431
11052 3520 81237371 1 1260 580 431
11144 3489 81237381 1 1260 580 425
11233 3478 81237391 1 1260 580 399
11324 3483 81237401 1 1260 580 301
11414 3499 81237411 1 1240 580 115
9922 4613 81237593 0 1280 540 260
9868 4640 81237603 1 1280 540 257
9828 4675 81237613 1 1290 530 223
9833 4675 81237623 1 1280 530 221
9869 4666 81237633 1 1280 530 226
9911 4652 81237643 1 1290 520 228
9956 4631 81237653 1 1290 520 230
10008 4601 81237663 1 1280 530 233
10059 4563 81237673 1 1280 530 233
10112 4527 81237683 1 1290 530 233
10164 4494 81237693 1 1280 540 209
10209 4466 81237703 1 1280 540 117
8895 4838 81237883 0 1300 540 264
8810 4825 81237893 1 1300 540 249
8745 4838 81237903 1 1300 540 247
8740 4866 81237913 1 1290 530 249
8775 4845 81237923 1 1300 530 250
8841 4808 81237933 1 1290 530 247
8910 4760 81237943 1 1290 530 219
8985 4716 81237953 1 1290 530 89
