328
3513 4258 2599447 0 1350 450 242
3513 4258 2599457 1 1350 460 262
3513 4258 2599467 1 1350 460 279
3513 4258 2599477 1 1360 470 282
3513 4258 2599487 1 1360 470 306
3513 4258 2599497 1 1360 470 371
3513 4258 2599507 1 1350 470 418
3644 4352 2599517 1 1350 470 448
3767 4425 2599527 1 1350 470 452
3884 4513 2599537 1 1350 470 461
3996 4605 2599547 1 1340 470 463
4091 4700 2599557 1 1340 470 468
4157 4793 2599567 1 1340 470 474
4203 4885 2599577 1 1340 470 472
4220 4976 2599587 1 1340 470 495
4214 5043 2599597 1 1340 470 491
4192 5096 2599607 1 1340 470 499
4133 5139 2599617 1 1360 470 502
4056 5170 2599627 1 1360 470 510
3966 5179 2599637 1 1360 470 512
3885 5174 2599647 1 1360 470 510
3804 5135 2599657 1 1360 470 510
3709 5059 2599667 1 1370 460 510
3604 4959 2599677 1 1370 460 510
3526 4821 2599687 1 1370 460 517
3473 4669 2599697 1 1380 460 513
3436 4507 2599707 1 1380 460 519
3405 4299 2599717 1 1380 460 533
3374 4102 2599727 1 1380 460 545
3360 3913 2599737 1 1370 460 560
3360 3745 2599747 1 1370 460 578
3389 3631 2599757 1 1360 470 592
3451 3553 2599767 1 1360 470 588
3533 3488 2599777 1 1350 470 592
3646 3444 2599787 1 1350 470 606
3776 3414 2599797 1 1340 480 627
3917 3414 2599807 1 1340 480 630
4082 3434 2599817 1 1330 480 633
4269 3477 2599827 1 1330 480 633
4471 3561 2599837 1 1320 490 633
4646 3671 2599847 1 1330 500 617
4784 3798 2599857 1 1330 500 622
4896 3907 2599867 1 1340 500 622
4953 3995 2599877 1 1340 500 622
4977 4069 2599887 1 1340 510 620
4977 4125 2599897 1 1340 510 617
4966 4178 2599907 1 1340 510 614
4933 4208 2599917 1 1350 520 616
4888 4224 2599927 1 1360 510 613
4817 4207 2599937 1 1370 520 616
4731 4144 2599947 1 1370 520 611
4634 4051 2599957 1 1370 520 616
4563 3921 2599967 1 1370 520 630
4493 3762 2599977 1 1380 510 641
4423 3585 2599987 1 1380 510 647
4368 3447 2599997 1 1380 510 644
4353 3333 2600007 1 1380 510 653
4365 3236 2600017 1 1380 510 653
4388 3157 2600027 1 1370 520 655
4412 3093 2600037 1 1370 520 655
4437 3040 2600047 1 1370 520 655
4437 2984 2600057 1 1370 520 655
4427 2924 2600067 1 1370 520 656
4378 2829 2600077 1 1360 520 655
4277 2712 2600087 1 1350 520 661
4141 2564 2600097 1 1350 520 678
3987 2415 2600107 1 1350 520 714
3848 2263 2600117 1 1340 520 730
3719 2132 2600127 1 1340 520 749
3609 2015 2600137 1 1350 530 761
3503 1901 2600147 1 1350 530 756
3415 1807 2600157 1 1350 530 760
3336 1727 2600167 1 1350 530 763
3290 1703 2600177 1 1350 530 765
3248 1709 2600187 1 1350 530 762
3205 1734 2600197 1 1350 530 752
3158 1797 2600207 1 1350 530 722
3090 1905 2600217 1 1350 530 634
3018 2043 2600227 1 1350 530 452
5695 4267 2601250 0 1340 450 237
5695 4267 2601260 1 1340 450 314
5629 4368 2601270 1 1340 450 364
5567 4368 2601280 1 1340 450 387
5510 4339 2601290 1 1350 440 428
5423 4272 2601300 1 1350 440 468
5328 4176 2601310 1 1350 440 517
5228 4052 2601320 1 1350 440 544
5149 3910 2601330 1 1350 440 548
5104 3757 2601340 1 1340 450 551
5081 3649 2601350 1 1340 450 559
5092 3585 2601360 1 1340 450 559
5127 3551 2601370 1 1330 450 561
5178 3535 2601380 1 1330 450 557
5259 3556 2601390 1 1330 450 559
5357 3602 2601400 1 1330 450 554
5465 3700 2601410 1 1320 460 553
5553 3828 2601430 1 1320 460 559
5610 3977 2601440 1 1310 450 562
5647 4079 2601450 1 1310 450 570
5655 4138 2601460 1 1320 460 584
5655 4168 2601470 1 1320 460 606
5647 4168 2601480 1 1320 460 611
5642 4159 2601490 1 1320 460 619
5625 4102 2601500 1 1320 460 624
5601 4012 2601510 1 1320 460 634
5589 3885 2601520 1 1320 460 641
5597 3754 2601530 1 1320 460 636
5617 3654 2601540 1 1320 460 641
5649 3576 2601550 1 1320 460 644
5698 3513 2601560 1 1320 460 652
5758 3461 2601570 1 1320 460 652
5818 3417 2601580 1 1330 460 661
5868 3384 2601590 1 1320 470 670
5911 3363 2601600 1 1320 470 673
5949 3351 2601610 1 1320 470 667
5975 3351 2601620 1 1310 470 684
5994 3361 2601630 1 1310 470 690
6014 3377 2601640 1 1320 480 696
6034 3405 2601650 1 1310 480 702
6056 3441 2601660 1 1310 480 697
6079 3483 2601670 1 1310 480 702
6103 3515 2601680 1 1310 480 707
6129 3551 2601690 1 1320 490 707
6160 3591 2601700 1 1320 490 705
6197 3638 2601710 1 1320 490 707
6240 3684 2601720 1 1320 490 707
6286 3740 2601730 1 1320 490 705
6329 3803 2601740 1 1320 490 708
6367 3857 2601750 1 1320 490 708
6402 3910 2601760 1 1330 480 711
6439 3963 2601770 1 1330 480 713
6479 4023 2601780 1 1340 480 710
6526 4089 2601790 1 1340 480 710
6577 4165 2601800 1 1340 480 708
6638 4259 2601810 1 1350 470 707
6703 4366 2601820 1 1350 470 705
6771 4464 2601830 1 1360 470 700
6827 4557 2601840 1 1360 470 699
6876 4636 2601850 1 1370 460 700
6903 4708 2601860 1 1370 460 697
6930 4800 2601870 1 1380 470 697
6956 4893 2601880 1 1390 460 700
6984 4988 2601890 1 1390 460 702
7011 5056 2601900 1 1400 470 702
7034 5112 2601910 1 1410 460 705
7053 5160 2601920 1 1410 460 703
7071 5206 2601930 1 1430 460 703
7085 5250 2601940 1 1430 460 705
7097 5288 2601950 1 1440 470 705
7103 5322 2601960 1 1450 460 700
7103 5355 2601970 1 1460 470 700
7103 5378 2601980 1 1460 470 699
7103 5396 2601990 1 1470 470 694
7093 5404 2602000 1 1480 460 699
7083 5404 2602010 1 1480 460 691
7067 5404 2602020 1 1480 460 685
7040 5383 2602030 1 1480 460 678
7006 5356 2602040 1 1480 460 676
6975 5320 2602050 1 1480 460 673
6947 5281 2602060 1 1490 460 673
6926 5204 2602070 1 1490 460 675
6906 5102 2602080 1 1490 460 676
6875 4954 2602090 1 1480 460 675
6837 4780 2602100 1 1470 460 678
6787 4589 2602110 1 1470 460 679
6737 4385 2602120 1 1470 460 684
6687 4176 2602130 1 1470 460 690
6648 3992 2602140 1 1460 460 699
6630 3828 2602150 1 1450 460 694
6630 3673 2602160 1 1450 460 713
6636 3551 2602170 1 1430 460 725
6663 3452 2602180 1 1430 460 721
6700 3350 2602190 1 1420 470 728
6746 3273 2602200 1 1420 470 736
6797 3212 2602210 1 1390 470 736
6848 3178 2602220 1 1380 480 742
6897 3162 2602230 1 1390 480 740
6962 3157 2602240 1 1380 490 731
7031 3176 2602250 1 1380 490 664
7106 3210 2602260 1 1380 500 512
7179 3253 2602270 1 1380 500 10
6553 4357 2602382 0 1420 500 414
6455 4345 2602392 1 1420 490 475
6314 4391 2602402 1 1430 490 544
6263 4418 2602412 1 1420 480 561
6272 4418 2602422 1 1420 480 577
6284 4438 2602432 1 1420 470 647
6375 4463 2602442 1 1420 470 687
6518 4516 2602452 1 1420 470 697
6684 4564 2602462 1 1400 470 699
6856 4589 2602472 1 1410 460 696
6993 4601 2602482 1 1410 460 702
7104 4596 2602492 1 1410 460 658
7219 4587 2602502 1 1410 460 539
7322 4558 2602512 1 1400 470 287
7075 3397 2603113 0 1390 480 54
7075 3397 2603123 1 1390 480 98
7075 3397 2603133 1 1390 480 134
7075 3397 2603143 1 1390 480 184
7075 3397 2603153 1 1410 490 183
7075 3397 2603163 1 1410 490 191
7075 3397 2603173 1 1400 500 195
7075 3397 2603183 1 1400 500 210
7075 3397 2603193 1 1400 500 269
7075 3397 2603203 1 1410 500 341
7075 3397 2603213 1 1410 500 415
7075 3397 2603223 1 1410 500 469
7075 3397 2603233 1 1410 500 502
7075 3397 2603243 1 1410 500 524
7075 3397 2603253 1 1410 500 533
7075 3397 2603263 1 1410 500 540
7075 3397 2603273 1 1410 500 550
7075 3397 2603283 1 1410 500 561
7075 3397 2603293 1 1410 500 595
7198 3436 2603303 1 1410 500 627
7284 3450 2603313 1 1410 500 658
7390 3479 2603323 1 1410 500 669
7515 3516 2603333 1 1420 500 679
7646 3558 2603343 1 1420 500 687
7786 3604 2603353 1 1420 500 687
7933 3652 2603363 1 1420 500 690
8039 3702 2603373 1 1430 510 688
8117 3762 2603383 1 1430 510 687
8184 3830 2603393 1 1430 510 688
8231 3903 2603403 1 1430 510 687
8265 3962 2603413 1 1440 510 688
8265 4019 2603423 1 1440 510 685
8232 4073 2603433 1 1450 510 669
8178 4105 2603443 1 1470 510 668
8108 4121 2603453 1 1470 510 659
8024 4114 2603463 1 1480 500 649
7930 4085 2603473 1 1480 500 649
7854 4042 2603483 1 1480 500 652
7783 3973 2603493 1 1480 500 655
7741 3869 2603503 1 1480 500 661
7715 3741 2603513 1 1480 500 667
7697 3613 2603523 1 1480 500 690
7697 3484 2603533 1 1490 490 705
7714 3357 2603543 1 1480 500 721
7764 3251 2603553 1 1480 500 746
7841 3157 2603563 1 1480 500 753
7937 3086 2603573 1 1480 500 773
8043 3041 2603583 1 1480 500 788
8174 3014 2603593 1 1480 500 793
8321 3014 2603603 1 1470 510 783
8486 3035 2603613 1 1470 510 784
8652 3076 2603623 1 1470 510 784
8814 3146 2603633 1 1470 520 796
8974 3239 2603643 1 1470 520 794
9097 3347 2603653 1 1470 530 794
9197 3439 2603663 1 1470 530 793
9282 3512 2603673 1 1480 540 793
9346 3573 2603683 1 1500 540 794
9401 3616 2603693 1 1490 550 794
9451 3655 2603703 1 1500 550 796
9496 3686 2603713 1 1520 560 796
9524 3697 2603723 1 1520 560 797
9540 3697 2603733 1 1530 560 796
9550 3678 2603743 1 1530 560 787
9550 3625 2603753 1 1540 560 799
9550 3550 2603763 1 1540 560 808
9539 3440 2603773 1 1560 570 812
9514 3318 2603783 1 1570 570 821
9480 3189 2603793 1 1570 570 819
9438 3087 2603803 1 1590 570 834
9389 2995 2603813 1 1590 570 839
9334 2911 2603823 1 1590 570 846
9291 2851 2603833 1 1610 570 849
9252 2814 2603843 1 1610 570 849
9221 2792 2603853 1 1610 570 849
9195 2792 2603863 1 1610 570 849
9167 2821 2603873 1 1610 570 845
9125 2861 2603883 1 1610 570 837
9075 2915 2603893 1 1610 570 822
9019 2963 2603903 1 1610 570 832
8986 3008 2603913 1 1610 570 820
8967 3035 2603923 1 1610 570 802
8956 3060 2603933 1 1610 570 794
8949 3082 2603943 1 1610 570 787
8944 3104 2603953 1 1610 570 785
8938 3121 2603963 1 1610 570 785
8938 3130 2603973 1 1610 570 785
8938 3130 2603983 1 1610 570 788
8938 3136 2603993 1 1610 570 788
8938 3136 2604003 1 1610 570 788
8938 3136 2604013 1 1610 570 788
8938 3136 2604023 1 1610 570 791
8938 3136 2604033 1 1610 570 791
8938 3136 2604043 1 1610 570 793
8932 3142 2604053 1 1610 570 794
8932 3154 2604063 1 1610 570 793
8927 3172 2604073 1 1610 570 794
8927 3190 2604083 1 1610 570 794
8927 3205 2604093 1 1610 570 793
8927 3216 2604103 1 1610 570 793
8927 3216 2604113 1 1610 570 794
8927 3223 2604123 1 1610 570 793
8927 3223 2604133 1 1610 570 793
8927 3223 2604143 1 1610 570 793
8927 3223 2604153 1 1600 560 794
8927 3223 2604163 1 1600 560 793
8927 3223 2604173 1 1600 560 796
8927 3223 2604183 1 1600 560 796
8927 3223 2604193 1 1580 560 794
8927 3223 2604203 1 1580 560 799
8927 3223 2604213 1 1580 560 803
8927 3223 2604223 1 1570 560 812
8922 3223 2604233 1 1570 560 820
8922 3223 2604243 1 1570 560 827
8922 3223 2604253 1 1570 560 818
8922 3229 2604263 1 1550 550 822
8922 3229 2604273 1 1550 550 825
8922 3235 2604283 1 1550 550 827
8922 3235 2604293 1 1550 550 827
8922 3241 2604303 1 1540 550 830
8922 3241 2604313 1 1540 550 833
8922 3241 2604323 1 1540 550 833
8922 3241 2604333 1 1540 550 834
8922 3241 2604343 1 1540 550 833
8922 3241 2604353 1 1540 550 834
8917 3241 2604363 1 1540 550 833
8917 3241 2604373 1 1540 550 833
8917 3241 2604383 1 1540 550 834
8917 3241 2604393 1 1540 550 831
8917 3241 2604403 1 1540 550 827
8917 3248 2604413 1 1540 550 812
8917 3254 2604423 1 1540 550 717
8917 3254 2604433 1 1540 550 425
