239
3069 5049 789375 0 1190 640 307
2990 5018 789385 1 1150 620 329
2954 5018 789395 1 1150 600 333
2940 5030 789405 1 1150 580 348
2940 5030 789415 1 1150 550 349
2949 5040 789425 1 1140 530 371
2984 5051 789435 1 1150 520 412
3038 5086 789445 1 1150 500 440
3143 5120 789455 1 1150 500 448
3260 5200 789465 1 1140 500 455
3384 5311 789475 1 1150 490 458
3489 5382 789485 1 1160 500 450
3567 5426 789495 1 1160 500 412
3628 5451 789505 1 1160 500 250
3528 5741 789605 0 1170 500 235
3454 5977 789615 1 1170 500 255
3415 6060 789625 1 1170 500 287
3393 6107 789635 1 1180 490 320
3383 6129 789645 1 1190 490 345
3369 6122 789655 1 1190 490 356
3350 6082 789665 1 1210 490 364
3328 6019 789675 1 1220 480 381
3311 5943 789685 1 1220 480 392
3297 5849 789695 1 1220 480 417
3290 5744 789705 1 1230 480 433
3290 5626 789715 1 1230 480 456
3290 5464 789725 1 1230 480 465
3304 5272 789735 1 1230 480 481
3326 5050 789745 1 1220 480 501
3354 4784 789755 1 1220 480 512
3397 4489 789765 1 1210 490 520
3449 4211 789775 1 1190 490 514
3499 3944 789785 1 1180 490 517
3552 3713 789795 1 1160 500 522
3588 3502 789805 1 1150 500 513
3610 3406 789815 1 1120 510 522
3622 3353 789825 1 1100 510 491
3622 3330 789835 1 1070 520 414
3622 3347 789845 1 1060 520 218
3448 5202 790005 0 1050 510 53
3448 5202 790015 1 1060 510 122
3331 5098 790025 1 1080 510 179
3264 5014 790035 1 1090 500 207
3186 4885 790045 1 1090 500 254
3074 4726 790055 1 1100 500 274
2958 4545 790065 1 1100 500 292
2840 4348 790075 1 1100 500 310
2744 4140 790085 1 1100 500 340
2672 3985 790095 1 1090 500 333
2615 3890 790105 1 1090 500 335
2603 3836 790115 1 1090 500 279
2620 3836 790125 1 1090 500 193
3267 4756 790236 0 1060 500 96
3267 4756 790246 1 1070 500 276
3267 4756 790256 1 1070 500 287
3267 4756 790266 1 1070 500 336
3374 4777 790276 1 1070 500 394
3425 4777 790286 1 1070 500 444
3497 4772 790296 1 1070 500 466
3574 4772 790306 1 1080 500 469
3657 4765 790316 1 1080 500 460
3740 4765 790326 1 1080 500 368
3796 4765 790336 1 1080 500 101
4064 5212 790486 0 1080 500 156
4064 5212 790496 1 1080 500 183
4064 5212 790506 1 1080 500 205
4064 5212 790516 1 1090 490 254
4064 5212 790526 1 1100 500 285
4064 5212 790536 1 1100 500 296
4139 5297 790546 1 1100 500 327
4206 5342 790556 1 1100 500 353
4278 5394 790566 1 1100 500 369
4358 5450 790576 1 1100 500 362
4436 5503 790586 1 1100 500 367
4511 5549 790596 1 1100 500 369
4572 5589 790606 1 1100 500 361
4614 5620 790616 1 1100 500 285
4643 5641 790626 1 1100 500 96
4413 5814 790727 0 1130 500 44
4413 5814 790737 1 1140 500 89
4413 5814 790747 1 1140 500 142
4413 5814 790757 1 1150 490 179
4413 5814 790767 1 1150 490 207
4413 5814 790777 1 1150 490 250
4413 5814 790787 1 1160 490 279
4413 5814 790797 1 1160 490 317
4413 5814 790807 1 1160 490 369
4441 5672 790817 1 1160 490 413
4457 5573 790827 1 1160 490 444
4474 5434 790837 1 1160 490 466
4497 5263 790847 1 1160 490 496
4524 5071 790857 1 1170 500 512
4556 4843 790867 1 1160 500 524
4593 4618 790877 1 1150 500 537
4629 4394 790887 1 1130 510 548
4662 4210 790897 1 1120 510 543
4683 4089 790907 1 1110 510 541
4694 4011 790917 1 1100 510 530
4694 3972 790927 1 1080 520 520
4694 3972 790937 1 1070 520 425
4682 3987 790947 1 1060 530 312
4656 4049 790957 1 1050 530 99
4512 5070 791067 0 1030 520 110
4512 5070 791077 1 1030 520 188
4512 5070 791087 1 1040 520 244
4512 5070 791097 1 1040 520 279
4512 5070 791107 1 1060 520 325
4512 5070 791117 1 1060 520 344
4415 4975 791127 1 1060 520 371
4376 4860 791137 1 1070 520 374
4327 4720 791147 1 1070 520 394
4270 4584 791157 1 1070 520 397
4215 4475 791167 1 1070 520 409
4167 4383 791177 1 1070 520 397
4149 4346 791187 1 1070 520 247
4512 4906 791287 0 1040 510 170
4617 4920 791297 1 1040 510 183
4645 4920 791307 1 1040 510 274
4676 4914 791317 1 1040 510 334
4713 4907 791327 1 1060 520 376
4744 4899 791337 1 1060 520 420
4771 4888 791347 1 1080 530 448
4801 4877 791357 1 1080 530 490
4832 4867 791367 1 1100 530 527
4865 4867 791377 1 1100 530 578
4890 4867 791387 1 1100 530 643
4909 4861 791397 1 1120 540 721
4915 4861 791397 1 1120 540 793
4915 4861 791407 1 1120 550 867
4915 4861 791417 1 1120 550 929
4915 4861 791427 1 1140 550 962
4915 4861 791437 1 1140 550 997
4915 4861 791447 1 1150 550 984
4915 4861 791457 1 1150 550 999
4915 4861 791467 1 1150 550 1003
4915 4861 791477 1 1160 550 1003
4915 4861 791487 1 1160 550 1000
4915 4861 791497 1 1160 550 997
4915 4861 791507 1 1160 550 991
4915 4861 791517 1 1160 550 979
4915 4861 791527 1 1160 550 924
4915 4861 791537 1 1160 550 821
4915 4861 791547 1 1160 550 670
4915 4861 791557 1 1160 550 420
5723 5433 791748 0 1120 530 180
5723 5433 791758 1 1120 530 193
5807 5443 791768 1 1130 540 237
5813 5461 791778 1 1140 530 296
5849 5455 791788 1 1150 540 351
5886 5443 791798 1 1150 540 388
5926 5422 791808 1 1150 540 409
5967 5394 791818 1 1170 540 413
6007 5366 791828 1 1170 550 413
6042 5339 791838 1 1160 550 400
6073 5317 791848 1 1160 550 343
6100 5299 791858 1 1160 550 149
5975 4819 791928 0 1150 550 413
5964 4684 791938 1 1150 550 473
5939 4666 791948 1 1130 560 502
5939 4666 791958 1 1130 560 521
5939 4666 791968 1 1130 570 556
5939 4666 791978 1 1130 570 557
5967 4774 791988 1 1130 570 551
5999 4876 791998 1 1130 570 496
6043 5002 792008 1 1130 570 362
6101 5143 792018 1 1130 570 80
6435 5536 792108 0 1130 560 48
6435 5536 792118 1 1150 550 287
6435 5536 792128 1 1150 550 292
6435 5536 792138 1 1150 550 315
6435 5536 792148 1 1160 550 405
6435 5536 792158 1 1160 550 465
6435 5536 792168 1 1150 540 515
6478 5434 792178 1 1150 540 562
6494 5333 792188 1 1150 540 594
6514 5218 792198 1 1150 540 603
6535 5093 792208 1 1150 540 605
6557 4990 792218 1 1150 540 605
6580 4914 792228 1 1150 540 575
6608 4856 792238 1 1150 540 488
6629 4823 792239 1 1140 550 315
6703 5226 792339 0 1120 550 176
6806 5357 792349 1 1120 550 222
6859 5398 792359 1 1130 560 317
6916 5438 792369 1 1130 560 376
6992 5474 792379 1 1130 560 425
7081 5511 792389 1 1130 560 452
7188 5543 792399 1 1140 570 468
7315 5575 792409 1 1140 570 486
7454 5607 792419 1 1140 570 522
7600 5642 792429 1 1140 570 537
7747 5676 792439 1 1150 580 545
7893 5711 792449 1 1150 580 567
8002 5732 792459 1 1170 580 605
8088 5749 792469 1 1170 590 630
8159 5749 792479 1 1170 590 646
8209 5730 792489 1 1180 600 666
8245 5708 792499 1 1180 600 679
8259 5668 792509 1 1200 600 687
8237 5615 792519 1 1200 600 688
8192 5545 792529 1 1200 600 668
8106 5448 792539 1 1200 600 567
7989 5334 792549 1 1200 620 532
7850 5196 792559 1 1200 620 284
7337 4929 792629 0 1190 610 423
7209 4832 792639 1 1190 610 456
7140 4809 792649 1 1190 610 477
7109 4798 792659 1 1180 600 514
7104 4798 792669 1 1180 600 521
7104 4798 792679 1 1180 600 557
7104 4798 792689 1 1180 600 613
7183 4818 792699 1 1190 600 637
7266 4844 792709 1 1190 600 663
7405 4896 792719 1 1180 590 678
7548 4948 792729 1 1180 590 679
7697 5001 792739 1 1180 590 676
7845 5036 792749 1 1190 600 667
7944 5072 792759 1 1190 600 606
8011 5109 792769 1 1190 600 449
7648 6053 792910 0 1230 590 68
7648 6053 792920 1 1230 590 173
7648 6053 792930 1 1230 580 191
7648 6053 792940 1 1230 580 241
7648 6053 792950 1 1240 570 339
7648 6053 792960 1 1240 570 425
7587 5926 792970 1 1260 570 496
7579 5798 792980 1 1260 570 537
7573 5652 792990 1 1250 560 566
7573 5469 793000 1 1250 560 602
7573 5230 793010 1 1250 560 641
7582 4953 793020 1 1250 560 661
7601 4664 793030 1 1230 560 673
7631 4404 793040 1 1220 570 693
7670 4159 793050 1 1200 570 717
7701 3913 793060 1 1200 580 708
7725 3742 793070 1 1170 590 688
7747 3609 793080 1 1150 600 653
7758 3501 793090 1 1120 600 554
7758 3474 793100 1 1100 600 183
